  0.88663717E-004  0.13729514E+002  0.11660742E+001  0.87947625E+000
  0.38099370E-004  0.13168259E+002  0.79912697E+000  0.92473617E+000
  0.31385210E-004  0.13555982E+002  0.80791639E+000  0.90190173E+000
  0.30470249E-004  0.13615153E+002  0.80973333E+000  0.89811284E+000
  0.64961368E-004  0.12911998E+002  0.11973370E+001  0.95966539E+000
  0.60773070E-004  0.13045290E+002  0.10069611E+001  0.78444042E+000
  0.11826641E-003  0.11502983E+002  0.10034673E+001  0.11896124E+001
  0.78877637E-004  0.12313068E+002  0.11204757E+001  0.84408299E+000
  0.27418519E-003  0.11156916E+002  0.93814036E+000  0.81093877E+000
  0.27047692E-003  0.11084128E+002  0.80565717E+000  0.95635257E+000
  0.27137015E-003  0.11077534E+002  0.82151270E+000  0.91678205E+000
  0.13183337E-003  0.10273564E+002  0.11638780E+001  0.10629631E+001
  0.10268908E-003  0.10773231E+002  0.10717453E+001  0.11639581E+001
  0.10723490E-003  0.10686597E+002  0.10537810E+001  0.81600611E+000
  0.14518078E-003  0.98854040E+001  0.95942500E+000  0.11720272E+001
  0.12741937E-003  0.10146396E+002  0.81507171E+000  0.10375533E+001
  0.14316242E-003  0.99134058E+001  0.11472990E+001  0.10865697E+001
  0.42955413E-003  0.98200542E+001  0.87535966E+000  0.86357801E+000
  0.51861239E-003  0.93972572E+001  0.85684035E+000  0.88827060E+000
  0.20973960E-003  0.90106116E+001  0.10010586E+001  0.81896042E+000
  0.18217081E-003  0.92924552E+001  0.81879407E+000  0.10214502E+001
  0.17978591E-003  0.93188122E+001  0.81982938E+000  0.96235915E+000
  0.66741815E-003  0.88456748E+001  0.94018667E+000  0.83114979E+000
  0.73145431E-003  0.85693994E+001  0.91271591E+000  0.84778066E+000
  0.25981056E-003  0.84423382E+001  0.11635041E+001  0.98695638E+000
  0.25541221E-003  0.84764862E+001  0.87039342E+000  0.88421942E+000
  0.25360724E-003  0.84906716E+001  0.88780520E+000  0.11217155E+001
  0.78828268E-003  0.84197560E+001  0.10395176E+001  0.11564428E+001
  0.48276006E-003  0.79659392E+001  0.11570308E+001  0.96898366E+000
  0.38838525E-003  0.84009846E+001  0.90007225E+000  0.11304343E+001
  0.10373169E-002  0.78224892E+001  0.11254984E+001  0.10876788E+001
  0.53704976E-003  0.77034128E+001  0.11408026E+001  0.10611341E+001
  0.52422855E-003  0.77517396E+001  0.11573554E+001  0.10014617E+001
  0.10951096E-002  0.76646692E+001  0.11558939E+001  0.10099723E+001
  0.11090463E-002  0.76393766E+001  0.84375788E+000  0.10518779E+001
  0.59143321E-003  0.75104968E+001  0.88402074E+000  0.88199086E+000
  0.56239742E-003  0.76111768E+001  0.10387580E+001  0.11491703E+001
  0.11809125E-002  0.74604664E+001  0.83344152E+000  0.10038453E+001
  0.59534600E-003  0.73906364E+001  0.10860670E+001  0.86670667E+000
  0.58933498E-003  0.74109326E+001  0.10265580E+001  0.83739499E+000
  0.47312128E-003  0.68833644E+001  0.11404411E+001  0.10436560E+001
  0.37481994E-003  0.73491758E+001  0.11248154E+001  0.90773618E+000
  0.46204891E-003  0.69307258E+001  0.11461450E+001  0.96327791E+000
  0.80982385E-003  0.64711482E+001  0.93845126E+000  0.85534322E+000
  0.68963175E-003  0.67924670E+001  0.84990894E+000  0.10463659E+001
  0.16628508E-002  0.62772644E+001  0.11246972E+001  0.10639082E+001
  0.17097403E-002  0.62216468E+001  0.10914431E+001  0.11041025E+001
  0.17077171E-002  0.60860306E+001  0.84829638E+000  0.97380253E+000
  0.22629280E-003  0.56448442E+001  0.85658314E+000  0.10319115E+001
  0.20966893E-003  0.57974426E+001  0.93423961E+000  0.86459502E+000
  0.20739989E-003  0.58192056E+001  0.10969550E+001  0.10936143E+001
  0.19711745E-003  0.59209042E+001  0.87653003E+000  0.91270214E+000
  0.22285264E-003  0.56754808E+001  0.11366086E+001  0.10119112E+001
  0.22604266E-003  0.56470562E+001  0.94971734E+000  0.11292562E+001
  0.21460921E-003  0.57508654E+001  0.11089319E+001  0.91070130E+000
  0.19178535E-003  0.59757500E+001  0.84809932E+000  0.10058648E+001
  0.21649615E-003  0.57333574E+001  0.10193520E+001  0.11359649E+001
  0.10505286E-002  0.55386026E+001  0.10035264E+001  0.11360860E+001
  0.10002495E-002  0.56366894E+001  0.86107935E+000  0.10441404E+001
  0.10002495E-002  0.56366894E+001  0.86107935E+000  0.10441404E+001
  0.80880331E-003  0.52506584E+001  0.10550469E+001  0.87050658E+000
  0.80463902E-003  0.52609814E+001  0.10506642E+001  0.86815218E+000
  0.78988768E-003  0.52979872E+001  0.91822632E+000  0.11089754E+001
  0.12232931E-002  0.52340968E+001  0.92850358E+000  0.87412759E+000
  0.12164302E-002  0.52453478E+001  0.98694475E+000  0.11331490E+001
  0.23742545E-002  0.52031928E+001  0.11283111E+001  0.10286778E+001
  0.85946126E-003  0.49932878E+001  0.11006035E+001  0.91198488E+000
  0.80936724E-003  0.51133942E+001  0.89140657E+000  0.10827069E+001
  0.79772008E-003  0.51423836E+001  0.11279983E+001  0.96235558E+000
  0.26022527E-002  0.49748574E+001  0.90171163E+000  0.89784204E+000
  0.30104979E-002  0.46834026E+001  0.11032571E+001  0.92075920E+000
  0.30620097E-002  0.46494702E+001  0.86382851E+000  0.10185609E+001
  0.11090042E-002  0.44834630E+001  0.10290882E+001  0.11204539E+001
  0.10727533E-002  0.45499316E+001  0.11234792E+001  0.10200954E+001
  0.10350249E-002  0.46215382E+001  0.11007002E+001  0.10712352E+001
  0.32917669E-002  0.44553794E+001  0.86722254E+000  0.10239919E+001
  0.57241185E-003  0.41798808E+001  0.86663814E+000  0.99105325E+000
  0.54110739E-003  0.42923640E+001  0.11112004E+001  0.10474054E+001
  0.50071784E-003  0.44475130E+001  0.11038477E+001  0.92595965E+000
  0.51961220E-003  0.43734338E+001  0.86443418E+000  0.99445470E+000
  0.53783228E-003  0.43045066E+001  0.11173423E+001  0.10326401E+001
  0.53401918E-003  0.43187356E+001  0.87210379E+000  0.10348160E+001
  0.34564135E-002  0.41671446E+001  0.11173426E+001  0.10276975E+001
  0.36195962E-002  0.40748824E+001  0.11126170E+001  0.10384004E+001
  0.33215169E-003  0.33405788E+001  0.87745102E+000  0.10114073E+001
  0.30396354E-003  0.35179462E+001  0.10292888E+001  0.87963438E+000
  0.33082441E-003  0.33485860E+001  0.11086459E+001  0.10249724E+001
  0.24347439E-003  0.39617380E+001  0.11012726E+001  0.10581645E+001
  0.26050544E-003  0.38265136E+001  0.96648270E+000  0.87423325E+000
  0.28824124E-003  0.36241660E+001  0.88937581E+000  0.10535328E+001
  0.29945039E-003  0.35478642E+001  0.11151065E+001  0.99237643E+000
  0.31823998E-003  0.34261506E+001  0.99122927E+000  0.87523609E+000
  0.26547449E-003  0.37887252E+001  0.10744246E+001  0.10869060E+001
  0.27131642E-003  0.37451906E+001  0.88384846E+000  0.10462347E+001
  0.32141231E-003  0.34063132E+001  0.10034807E+001  0.87574307E+000
  0.31339794E-003  0.34568146E+001  0.97989108E+000  0.87586754E+000
  0.23296512E-003  0.40499836E+001  0.10445503E+001  0.87929621E+000
  0.28267328E-003  0.36631776E+001  0.87384477E+000  0.10125986E+001
  0.26098339E-003  0.38228484E+001  0.88488052E+000  0.93963180E+000
  0.25444957E-002  0.32981922E+001  0.10551414E+001  0.10945318E+001
  0.25346118E-002  0.33059764E+001  0.97447538E+000  0.87856543E+000
  0.52628751E-002  0.31828022E+001  0.10788533E+001  0.10733077E+001
  0.52794476E-002  0.31765128E+001  0.11063257E+001  0.10258234E+001
  0.52734589E-002  0.31293978E+001  0.89968131E+000  0.93055838E+000
  0.27904405E-002  0.30160776E+001  0.10853097E+001  0.92685183E+000
  0.27068416E-002  0.30769128E+001  0.88241758E+000  0.96962426E+000
  0.19524880E-002  0.28193162E+001  0.89781681E+000  0.10495127E+001
  0.17881874E-002  0.29951206E+001  0.10447859E+001  0.10964196E+001
  0.18586706E-002  0.29178030E+001  0.98158225E+000  0.11069057E+001
  0.59531261E-002  0.27869184E+001  0.11050995E+001  0.98003234E+000
  0.12607761E-002  0.26217848E+001  0.91337698E+000  0.92295576E+000
  0.11642120E-002  0.27811492E+001  0.10071290E+001  0.88366805E+000
  0.12107227E-002  0.27028046E+001  0.11051437E+001  0.99384719E+000
  0.12548091E-002  0.26312724E+001  0.96196133E+000  0.89030947E+000
  0.12526465E-002  0.26347216E+001  0.92810255E+000  0.90884016E+000
  0.59992621E-002  0.26208216E+001  0.89769942E+000  0.94531952E+000
  0.13006439E-002  0.24101130E+001  0.89946419E+000  0.94757679E+000
  0.12719606E-002  0.24547136E+001  0.10054210E+001  0.88759692E+000
  0.12209894E-002  0.25365094E+001  0.92333347E+000  0.10750430E+001
  0.12239991E-002  0.25315864E+001  0.89845296E+000  0.94624515E+000
  0.12366183E-002  0.25110712E+001  0.89229493E+000  0.96081570E+000
  0.65644484E-002  0.22937916E+001  0.10767708E+001  0.10595932E+001
  0.32034504E-002  0.22011416E+001  0.10303234E+001  0.10922734E+001
  0.31641437E-002  0.22258340E+001  0.10903337E+001  0.95397827E+000
  0.63009441E-002  0.20996118E+001  0.91055599E+000  0.93697638E+000
  0.65363407E-002  0.20262558E+001  0.89545087E+000  0.10179007E+001
  0.68369209E-002  0.19363357E+001  0.10348134E+001  0.90264088E+000
  0.68189226E-002  0.18506828E+001  0.94338519E+000  0.10792295E+001
  0.68331002E-002  0.18465286E+001  0.10642755E+001  0.92463790E+000
  0.23112892E-002  0.17263253E+001  0.10924698E+001  0.99881996E+000
  0.22017125E-002  0.18234654E+001  0.10448944E+001  0.10797069E+001
  0.22030251E-002  0.18222731E+001  0.90430923E+000  0.10347945E+001
  0.70055555E-002  0.17057545E+001  0.10922450E+001  0.99709902E+000
  0.70387280E-002  0.16963061E+001  0.10769898E+001  0.94368773E+000
  0.71645158E-002  0.16608812E+001  0.97858515E+000  0.89910067E+000
  0.18109009E-002  0.15436679E+001  0.10900315E+001  0.99443316E+000
  0.17733608E-002  0.15855627E+001  0.10899247E+001  0.10061466E+001
  0.17862697E-002  0.15710572E+001  0.10866317E+001  0.10209325E+001
  0.17136978E-002  0.16540096E+001  0.97596841E+000  0.89971547E+000
  0.25849870E-002  0.13141994E+001  0.10354464E+001  0.10769832E+001
  0.23119573E-002  0.15374508E+001  0.94614372E+000  0.91349496E+000
  0.24473125E-002  0.14236598E+001  0.95080307E+000  0.91260601E+000
  0.78664862E-002  0.12856413E+001  0.10852684E+001  0.98110317E+000
  0.40482249E-002  0.11809538E+001  0.97031200E+000  0.10812648E+001
  0.39883973E-002  0.12107306E+001  0.10849548E+001  0.10024984E+001
  0.41161468E-002  0.11476739E+001  0.99657403E+000  0.90502176E+000
  0.40808222E-002  0.11649135E+001  0.10473786E+001  0.92244904E+000
  0.81642876E-002  0.11160698E+001  0.10822216E+001  0.10117579E+001
  0.82713479E-002  0.10900148E+001  0.10368350E+001  0.10725838E+001
  0.83885147E-002  0.10618818E+001  0.91763766E+000  0.95254329E+000
  0.82195748E-002  0.10519363E+001  0.99413749E+000  0.90644926E+000
  0.28450865E-002  0.97656220E+000  0.96674408E+000  0.91253070E+000
  0.27811610E-002  0.10220125E+001  0.99039908E+000  0.90702462E+000
  0.27757930E-002  0.10258768E+001  0.96289658E+000  0.91320813E+000
  0.43120804E-002  0.80386690E+000  0.93044129E+000  0.94097062E+000
  0.42158974E-002  0.84898324E+000  0.10142036E+001  0.91189045E+000
  0.86438447E-002  0.79930572E+000  0.10340452E+001  0.92041335E+000
  0.29402026E-002  0.70818456E+000  0.92153002E+000  0.95670719E+000
  0.28951255E-002  0.73908504E+000  0.92758093E+000  0.10435362E+001
  0.29053925E-002  0.73200438E+000  0.91457085E+000  0.97276208E+000
  0.86446487E-002  0.69784988E+000  0.10307169E+001  0.92047001E+000
  0.44815881E-002  0.57484458E+000  0.93062587E+000  0.10432549E+001
  0.42223442E-002  0.69401882E+000  0.92445182E+000  0.95210485E+000
  0.90105623E-002  0.56430008E+000  0.91565452E+000  0.97968460E+000
  0.45873544E-002  0.52819262E+000  0.10619755E+001  0.10377433E+001
  0.45819262E-002  0.53056176E+000  0.99405318E+000  0.10747953E+001
  0.89861947E-002  0.51637848E+000  0.10745291E+001  0.99742569E+000
  0.90420460E-002  0.50398712E+000  0.10732000E+001  0.98161671E+000
  0.90420460E-002  0.50398712E+000  0.10732000E+001  0.98161671E+000
  0.98334946E-002  0.50398712E+000  0.10732000E+001  0.98161671E+000
  0.25485209E-002  0.50398712E+000  0.10732000E+001  0.98161671E+000
  0.24178467E-002  0.50398712E+000  0.10732000E+001  0.98161671E+000
  0.24758537E-002  0.50398712E+000  0.10732000E+001  0.98161671E+000
  0.24255468E-002  0.50398712E+000  0.10732000E+001  0.98161671E+000
  0.24998782E-002  0.50398712E+000  0.10732000E+001  0.98161671E+000
  0.24678101E-002  0.50398712E+000  0.10732000E+001  0.98161671E+000
  0.23014414E-002  0.50398712E+000  0.10732000E+001  0.98161671E+000
  0.24077417E-002  0.50398712E+000  0.10732000E+001  0.98161671E+000
  0.10043088E-001  0.50398712E+000  0.10732000E+001  0.98161671E+000
  0.50922810E-002  0.50398712E+000  0.10732000E+001  0.98161671E+000
  0.50349700E-002  0.50398712E+000  0.10732000E+001  0.98161671E+000
  0.50281284E-002  0.50398712E+000  0.10732000E+001  0.98161671E+000
  0.49954076E-002  0.50398712E+000  0.10732000E+001  0.98161671E+000
  0.51435223E-002  0.50398712E+000  0.10732000E+001  0.98161671E+000
  0.51176265E-002  0.50398712E+000  0.10732000E+001  0.98161671E+000
  0.10456003E-001  0.50398712E+000  0.10732000E+001  0.98161671E+000
  0.10559392E-001  0.50398712E+000  0.10732000E+001  0.98161671E+000
  0.53717279E-002  0.50398712E+000  0.10732000E+001  0.98161671E+000
  0.53534077E-002  0.50398712E+000  0.10732000E+001  0.98161671E+000
  0.10791269E-001  0.50398712E+000  0.10732000E+001  0.98161671E+000
  0.10891772E-001  0.50398712E+000  0.10732000E+001  0.98161671E+000
  0.11249667E-001  0.50398712E+000  0.10732000E+001  0.98161671E+000
  0.21827089E-002  0.50398712E+000  0.10732000E+001  0.98161671E+000
  0.21575612E-002  0.50398712E+000  0.10732000E+001  0.98161671E+000
  0.21660178E-002  0.50398712E+000  0.10732000E+001  0.98161671E+000
  0.21518128E-002  0.50398712E+000  0.10732000E+001  0.98161671E+000
  0.21665827E-002  0.50398712E+000  0.10732000E+001  0.98161671E+000
  0.10632875E-001  0.50398712E+000  0.10732000E+001  0.98161671E+000
  0.36510543E-002  0.50398712E+000  0.10732000E+001  0.98161671E+000
  0.35960044E-002  0.50398712E+000  0.10732000E+001  0.98161671E+000
  0.36197982E-002  0.50398712E+000  0.10732000E+001  0.98161671E+000
  0.55120930E-002  0.50398712E+000  0.10732000E+001  0.98161671E+000
  0.54916668E-002  0.50398712E+000  0.10732000E+001  0.98161671E+000
  0.56817323E-002  0.50398712E+000  0.10732000E+001  0.98161671E+000
  0.55131846E-002  0.50398712E+000  0.10732000E+001  0.98161671E+000
  0.57717539E-002  0.50398712E+000  0.10732000E+001  0.98161671E+000
  0.57035036E-002  0.50398712E+000  0.10732000E+001  0.98161671E+000
  0.57861375E-002  0.50398712E+000  0.10732000E+001  0.98161671E+000
  0.57837498E-002  0.50398712E+000  0.10732000E+001  0.98161671E+000
  0.37509123E-002  0.50398712E+000  0.10732000E+001  0.98161671E+000
  0.35377465E-002  0.50398712E+000  0.10732000E+001  0.98161671E+000
  0.37389021E-002  0.50398712E+000  0.10732000E+001  0.98161671E+000
  0.57001483E-002  0.50398712E+000  0.10732000E+001  0.98161671E+000
  0.56381235E-002  0.50398712E+000  0.10732000E+001  0.98161671E+000
  0.11419560E-001  0.50398712E+000  0.10732000E+001  0.98161671E+000
  0.29150828E-002  0.50398712E+000  0.10732000E+001  0.98161671E+000
  0.28859470E-002  0.50398712E+000  0.10732000E+001  0.98161671E+000
  0.28920362E-002  0.50398712E+000  0.10732000E+001  0.98161671E+000
  0.28743403E-002  0.50398712E+000  0.10732000E+001  0.98161671E+000
  0.11755454E-001  0.50398712E+000  0.10732000E+001  0.98161671E+000
  0.11757703E-001  0.50398712E+000  0.10732000E+001  0.98161671E+000
  0.40890775E-002  0.50398712E+000  0.10732000E+001  0.98161671E+000
  0.40474903E-002  0.50398712E+000  0.10732000E+001  0.98161671E+000
  0.39277426E-002  0.50398712E+000  0.10732000E+001  0.98161671E+000
  0.12362798E-001  0.50398712E+000  0.10732000E+001  0.98161671E+000
  0.12173867E-001  0.50398712E+000  0.10732000E+001  0.98161671E+000
  0.41258611E-002  0.50398712E+000  0.10732000E+001  0.98161671E+000
  0.40806461E-002  0.50398712E+000  0.10732000E+001  0.98161671E+000
  0.40581177E-002  0.50398712E+000  0.10732000E+001  0.98161671E+000
  0.41547284E-002  0.50398712E+000  0.10732000E+001  0.98161671E+000
  0.40867376E-002  0.50398712E+000  0.10732000E+001  0.98161671E+000
  0.39503732E-002  0.50398712E+000  0.10732000E+001  0.98161671E+000
  0.12631712E-001  0.50398712E+000  0.10732000E+001  0.98161671E+000
  0.62543893E-002  0.50398712E+000  0.10732000E+001  0.98161671E+000
  0.60321562E-002  0.50398712E+000  0.10732000E+001  0.98161671E+000
  0.12813161E-001  0.50398712E+000  0.10732000E+001  0.98161671E+000
  0.64316665E-002  0.50398712E+000  0.10732000E+001  0.98161671E+000
  0.61601389E-002  0.50398712E+000  0.10732000E+001  0.98161671E+000
  0.25045638E-002  0.50398712E+000  0.10732000E+001  0.98161671E+000
  0.24857442E-002  0.50398712E+000  0.10732000E+001  0.98161671E+000
  0.24654642E-002  0.50398712E+000  0.10732000E+001  0.98161671E+000
  0.24529528E-002  0.50398712E+000  0.10732000E+001  0.98161671E+000
  0.24938649E-002  0.50398712E+000  0.10732000E+001  0.98161671E+000
  0.12615051E-001  0.50398712E+000  0.10732000E+001  0.98161671E+000
  0.32364367E-002  0.50398712E+000  0.10732000E+001  0.98161671E+000
  0.32051381E-002  0.50398712E+000  0.10732000E+001  0.98161671E+000
  0.32323442E-002  0.50398712E+000  0.10732000E+001  0.98161671E+000
  0.31652895E-002  0.50398712E+000  0.10732000E+001  0.98161671E+000
  0.43492632E-002  0.50398712E+000  0.10732000E+001  0.98161671E+000
  0.43194538E-002  0.50398712E+000  0.10732000E+001  0.98161671E+000
  0.43334601E-002  0.50398712E+000  0.10732000E+001  0.98161671E+000
  0.12475811E-001  0.50398712E+000  0.10732000E+001  0.98161671E+000
  0.12521120E-001  0.50398712E+000  0.10732000E+001  0.98161671E+000
  0.12542841E-001  0.50398712E+000  0.10732000E+001  0.98161671E+000
  0.12651915E-001  0.50398712E+000  0.10732000E+001  0.98161671E+000
  0.43705072E-002  0.50398712E+000  0.10732000E+001  0.98161671E+000
  0.42918234E-002  0.50398712E+000  0.10732000E+001  0.98161671E+000
  0.43277446E-002  0.50398712E+000  0.10732000E+001  0.98161671E+000
  0.13136844E-001  0.50398712E+000  0.10732000E+001  0.98161671E+000
  0.33838255E-002  0.50398712E+000  0.10732000E+001  0.98161671E+000
  0.32884542E-002  0.50398712E+000  0.10732000E+001  0.98161671E+000
  0.33678156E-002  0.50398712E+000  0.10732000E+001  0.98161671E+000
  0.33171532E-002  0.50398712E+000  0.10732000E+001  0.98161671E+000
  0.68183541E-002  0.50398712E+000  0.10732000E+001  0.98161671E+000
  0.67878466E-002  0.50398712E+000  0.10732000E+001  0.98161671E+000
  0.46638337E-002  0.50398712E+000  0.10732000E+001  0.98161671E+000
  0.46407612E-002  0.50398712E+000  0.10732000E+001  0.98161671E+000
  0.46137709E-002  0.50398712E+000  0.10732000E+001  0.98161671E+000
  0.14094963E-001  0.50398712E+000  0.10732000E+001  0.98161671E+000
  0.55736531E-002  0.50398712E+000  0.10732000E+001  0.98161671E+000
  0.54817122E-002  0.50398712E+000  0.10732000E+001  0.98161671E+000
  0.55962164E-002  0.50398712E+000  0.10732000E+001  0.98161671E+000
  0.55814759E-002  0.50398712E+000  0.10732000E+001  0.98161671E+000
  0.37682692E-002  0.50398712E+000  0.10732000E+001  0.98161671E+000
  0.37328339E-002  0.50398712E+000  0.10732000E+001  0.98161671E+000
  0.37392698E-002  0.50398712E+000  0.10732000E+001  0.98161671E+000
  0.57338755E-002  0.50398712E+000  0.10732000E+001  0.98161671E+000
  0.56629510E-002  0.50398712E+000  0.10732000E+001  0.98161671E+000
  0.11511436E-001  0.50398712E+000  0.10732000E+001  0.98161671E+000
  0.11533710E-001  0.50398712E+000  0.10732000E+001  0.98161671E+000
  0.11548972E-001  0.50398712E+000  0.10732000E+001  0.98161671E+000
  0.11676907E-001  0.50398712E+000  0.10732000E+001  0.98161671E+000
