  0.46791310E-004  0.13704745E+002 -0.26631811E-001 -0.12210364E+001
  0.20963493E-004  0.13113352E+002 -0.22481001E+000 -0.10118282E+001
  0.17223875E-004  0.13506324E+002 -0.15708381E-001 -0.76452099E+000
  0.17288759E-004  0.13498803E+002 -0.73506007E-002 -0.76395693E+000
  0.21922171E-004  0.12400360E+002 -0.43982463E-002 -0.12129685E+001
  0.16354098E-004  0.12986399E+002 -0.53153140E-001 -0.77713930E+000
  0.20944278E-004  0.12491626E+002  0.10837081E+000 -0.11772628E+001
  0.21058778E-004  0.12480721E+002  0.21687116E+000 -0.96049697E+000
  0.50771618E-004  0.11965741E+002  0.13148972E+000 -0.83300735E+000
  0.42337597E-004  0.12329064E+002 -0.94459864E-001 -0.11846972E+001
  0.10736148E-003  0.11854307E+002 -0.10790481E+000 -0.11721120E+001
  0.12253497E-003  0.11589917E+002  0.62972875E-001 -0.79253081E+000
  0.12895152E-003  0.11487837E+002 -0.14218463E+000 -0.11406961E+001
  0.13237377E-003  0.11386067E+002  0.20229685E+000 -0.10491527E+001
  0.13401135E-003  0.11361475E+002  0.13846541E+000 -0.11430070E+001
  0.96310322E-004  0.10487663E+002 -0.19797773E+000 -0.95042485E+000
  0.69732361E-004  0.11133485E+002  0.20106281E+000 -0.94308512E+000
  0.10438265E-003  0.10278493E+002 -0.20263484E+000 -0.99010952E+000
  0.96108667E-004  0.10443662E+002  0.16933584E+000 -0.10973261E+001
  0.23268172E-003  0.99203362E+001 -0.73676142E-001 -0.11755253E+001
  0.23231878E-003  0.98774784E+001  0.19689665E+000 -0.96747325E+000
  0.23547612E-003  0.98504806E+001  0.18482849E+000 -0.92900500E+000
  0.13947320E-003  0.94186206E+001 -0.19436876E+000 -0.97609750E+000
  0.13661401E-003  0.94600464E+001 -0.11865360E+000 -0.84621222E+000
  0.30516130E-003  0.92389796E+001  0.16660671E+000 -0.90452642E+000
  0.30821466E-003  0.92190670E+001  0.10609810E+000 -0.83846414E+000
  0.32937717E-003  0.90862526E+001 -0.11237884E+000 -0.84469317E+000
  0.12728141E-003  0.86000140E+001 -0.39375737E-001 -0.81020704E+000
  0.10254211E-003  0.90322686E+001  0.18987524E+000 -0.96806883E+000
  0.10529137E-003  0.89793520E+001 -0.16369399E+000 -0.10856735E+001
  0.20801319E-003  0.83825624E+001 -0.57454128E-001 -0.11693234E+001
  0.18718314E-003  0.85935912E+001  0.18802312E+000 -0.10076722E+001
  0.42701686E-003  0.82394882E+001 -0.14621129E+000 -0.11004190E+001
  0.16323151E-003  0.78766680E+001  0.35957228E-001 -0.81572717E+000
  0.15405605E-003  0.79923736E+001  0.54217646E-001 -0.82048731E+000
  0.15262036E-003  0.80110998E+001 -0.17989677E+000 -0.10276021E+001
  0.25303315E-003  0.78108962E+001 -0.17373517E+000 -0.94653096E+000
  0.25024527E-003  0.78330540E+001 -0.21963122E-002 -0.81159055E+000
  0.18825483E-003  0.75025116E+001  0.13858031E+000 -0.88852115E+000
  0.17809792E-003  0.76134360E+001 -0.11119799E+000 -0.85882461E+000
  0.16490301E-003  0.77673898E+001  0.11861887E+000 -0.11248502E+001
  0.18957685E-003  0.66239874E+001 -0.11733505E+000 -0.87556148E+000
  0.15637852E-003  0.70090178E+001 -0.10123522E+000 -0.85697625E+000
  0.15158015E-003  0.70713484E+001 -0.11789644E-001 -0.81886754E+000
  0.13865939E-003  0.72495370E+001  0.16220878E+000 -0.10592966E+001
  0.78044596E-003  0.65275998E+001 -0.10745642E+000 -0.11213792E+001
  0.27760868E-003  0.63588440E+001  0.69811937E-001 -0.11452890E+001
  0.26218530E-003  0.64731666E+001  0.98208024E-001 -0.11283375E+001
  0.25695539E-003  0.65134646E+001 -0.81638464E-001 -0.84822538E+000
  0.84599250E-003  0.63274732E+001 -0.17393968E-001 -0.11615409E+001
  0.22917582E-003  0.60503886E+001  0.92129703E-001 -0.11284374E+001
  0.21321829E-003  0.61947342E+001  0.15504353E+000 -0.10531258E+001
  0.21790507E-003  0.61512476E+001 -0.15209963E+000 -0.10586561E+001
  0.22253258E-003  0.61092194E+001 -0.65507572E-001 -0.84319543E+000
  0.15511977E-003  0.55995616E+001 -0.12280137E+000 -0.89439080E+000
  0.14580258E-003  0.57234504E+001  0.17104503E-001 -0.83185069E+000
  0.13288186E-003  0.59090366E+001 -0.61299487E-001 -0.11451027E+001
  0.13574777E-003  0.58663604E+001  0.15247925E+000 -0.10517506E+001
  0.12745667E-003  0.59924046E+001  0.16503220E+000 -0.98228431E+000
  0.13581240E-003  0.58654082E+001 -0.16135531E+000 -0.96586878E+000
  0.13747107E-003  0.58411306E+001  0.35793588E-001 -0.83443258E+000
  0.57514863E-003  0.54842252E+001  0.13915900E+000 -0.10703493E+001
  0.54392616E-003  0.55958560E+001 -0.15367418E+000 -0.10420558E+001
  0.54392616E-003  0.55958560E+001 -0.15367418E+000 -0.10420558E+001
  0.41629140E-003  0.51052902E+001 -0.36653048E-001 -0.11464289E+001
  0.35507516E-003  0.54234024E+001  0.26482232E-001 -0.83623925E+000
  0.36796525E-003  0.53520834E+001 -0.15047888E+000 -0.94542490E+000
  0.12716283E-002  0.50691794E+001 -0.15683307E+000 -0.98808330E+000
  0.44444286E-003  0.49396344E+001  0.37002941E-001 -0.84350666E+000
  0.44254736E-003  0.49481834E+001 -0.68178419E-001 -0.85640212E+000
  0.43201292E-003  0.49963666E+001 -0.58739016E-001 -0.85110496E+000
  0.14079352E-002  0.48307432E+001 -0.14224453E+000 -0.10517071E+001
  0.76755758E-003  0.46223820E+001  0.13716584E+000 -0.93181930E+000
  0.71264792E-003  0.47708332E+001 -0.14154883E+000 -0.10518987E+001
  0.15523908E-002  0.46000004E+001 -0.13451770E+000 -0.92723393E+000
  0.61525173E-003  0.40467342E+001  0.95385822E-001 -0.88604885E+000
  0.51919862E-003  0.43862242E+001  0.14783478E+000 -0.10208433E+001
  0.47902103E-003  0.45473076E+001 -0.74822151E-001 -0.11240926E+001
  0.94850257E-003  0.39588994E+001  0.43433232E-001 -0.85552903E+000
  0.92196153E-003  0.40156614E+001 -0.12185977E+000 -0.91696173E+000
  0.19010041E-002  0.39546892E+001 -0.95152960E-001 -0.88700842E+000
  0.10003173E-002  0.37858510E+001  0.14302526E+000 -0.10141813E+001
  0.92294763E-003  0.39468514E+001 -0.86288207E-002 -0.11400479E+001
  0.10667858E-002  0.35596040E+001  0.53717546E-001 -0.11247274E+001
  0.10061762E-002  0.36765906E+001  0.86960950E-001 -0.11055988E+001
  0.75438700E-003  0.33781782E+001  0.37368048E-001 -0.85963428E+000
  0.74199722E-003  0.34112976E+001 -0.13757426E+000 -0.96722784E+000
  0.73222914E-003  0.34378018E+001  0.63847109E-001 -0.11183407E+001
  0.23095558E-002  0.33060958E+001  0.12079438E+000 -0.92816094E+000
  0.79794646E-003  0.32029120E+001 -0.42045617E-001 -0.86309901E+000
  0.78597776E-003  0.32331370E+001 -0.13861066E+000 -0.98692620E+000
  0.76220039E-003  0.32945764E+001 -0.51027264E-001 -0.86568130E+000
  0.24973551E-002  0.31182446E+001  0.10197577E+000 -0.10839589E+001
  0.67528681E-003  0.28978584E+001  0.12355496E+000 -0.94230825E+000
  0.63523277E-003  0.30201506E+001 -0.13272454E+000 -0.96422727E+000
  0.66666888E-003  0.29235454E+001 -0.13216229E+000 -0.96610863E+000
  0.62808813E-003  0.30427720E+001  0.10983698E+000 -0.91632643E+000
  0.26615675E-002  0.28648758E+001  0.21836660E-001 -0.86125170E+000
  0.13977674E-002  0.27051152E+001  0.97820245E-001 -0.10823960E+001
  0.13004355E-002  0.28494702E+001 -0.13352249E+000 -0.97703699E+000
  0.28183038E-002  0.26583572E+001  0.30519446E-002 -0.86148158E+000
  0.94975637E-003  0.26059676E+001  0.12822967E+000 -0.96418348E+000
  0.93777636E-003  0.26313552E+001 -0.41487460E-001 -0.86923418E+000
  0.94101257E-003  0.26244662E+001 -0.92357250E-001 -0.90241792E+000
  0.28222691E-002  0.25643992E+001  0.95196560E-001 -0.10831177E+001
  0.28999753E-002  0.24800024E+001 -0.58988268E-001 -0.87898749E+000
  0.29000420E-002  0.24498796E+001  0.12742013E+000 -0.96780368E+000
  0.15087436E-002  0.23404068E+001  0.10571669E+000 -0.92291197E+000
  0.15075581E-002  0.23419776E+001  0.12848416E+000 -0.98017924E+000
  0.77806456E-003  0.21896552E+001  0.43733339E-001 -0.11137330E+001
  0.73162457E-003  0.23127394E+001 -0.45597992E-001 -0.87450292E+000
  0.76584783E-003  0.22213068E+001 -0.10781659E+000 -0.92827862E+000
  0.76177748E-003  0.22319636E+001 -0.35395424E-001 -0.87168489E+000
  0.31720663E-002  0.21515848E+001  0.11888843E+000 -0.10384102E+001
  0.16503052E-002  0.20721362E+001 -0.69652900E-001 -0.10984065E+001
  0.16388425E-002  0.20860770E+001 -0.25085900E-001 -0.11182859E+001
  0.33352619E-002  0.20512502E+001 -0.26658607E-001 -0.11175358E+001
  0.33708105E-002  0.20300452E+001  0.52971630E-001 -0.11077481E+001
  0.33841651E-002  0.20221368E+001 -0.16933116E-001 -0.11190836E+001
  0.11828020E-002  0.19273542E+001 -0.11539034E+000 -0.10404828E+001
  0.11750389E-002  0.19405251E+001 -0.56116189E-001 -0.11050390E+001
  0.11702931E-002  0.19486192E+001  0.48540618E-001 -0.11088744E+001
  0.35527438E-002  0.19249107E+001  0.24136873E-001 -0.87217536E+000
  0.35631223E-002  0.18545551E+001  0.54736165E-001 -0.88435535E+000
  0.36217894E-002  0.18218940E+001 -0.12288307E+000 -0.10081489E+001
  0.36253913E-002  0.18199056E+001  0.89730291E-001 -0.10775009E+001
  0.37207052E-002  0.17680037E+001 -0.11622645E+000 -0.95627055E+000
  0.99144998E-003  0.16404149E+001 -0.10339668E+000 -0.93308551E+000
  0.98741705E-003  0.16485658E+001 -0.37273169E-001 -0.87917030E+000
  0.97663257E-003  0.16705309E+001 -0.53903707E-002 -0.11162853E+001
  0.97490643E-003  0.16740679E+001  0.31233592E-002 -0.87245159E+000
  0.39513695E-002  0.16135161E+001  0.71323809E-001 -0.89820680E+000
  0.21215421E-002  0.14710602E+001  0.50285721E-001 -0.88689837E+000
  0.19794385E-002  0.16097205E+001 -0.10077774E+000 -0.10599742E+001
  0.20994160E-002  0.14572447E+001  0.11852407E+000 -0.10094406E+001
  0.20959674E-002  0.14605325E+001  0.86045728E-001 -0.91381489E+000
  0.13929367E-002  0.14320206E+001 -0.88531590E-001 -0.91701777E+000
  0.13801680E-002  0.14504385E+001 -0.42575358E-001 -0.11054262E+001
  0.13762167E-002  0.14561722E+001 -0.87138849E-001 -0.91506456E+000
  0.21794209E-002  0.13476618E+001 -0.39750293E-001 -0.11052852E+001
  0.20946432E-002  0.14270138E+001  0.11617142E+000 -0.96966188E+000
  0.21958061E-002  0.13326805E+001 -0.11754252E+000 -0.98461170E+000
  0.21918857E-002  0.13362553E+001  0.47833514E-001 -0.88742008E+000
  0.21779046E-002  0.13130158E+001 -0.57651881E-001 -0.10961977E+001
  0.21679418E-002  0.13221854E+001 -0.11406112E+000 -0.96628860E+000
  0.44623575E-002  0.12646836E+001 -0.11661524E+000 -0.10065221E+001
  0.44735363E-002  0.12596777E+001  0.64797249E-001 -0.10909041E+001
  0.22794683E-002  0.11844735E+001  0.11042003E+000 -0.95987700E+000
  0.22421545E-002  0.12174831E+001  0.33198032E-002 -0.11111478E+001
  0.46250502E-002  0.11182941E+001 -0.32376756E-001 -0.88402547E+000
  0.23681172E-002  0.10707844E+001 -0.96064639E-002 -0.87996351E+000
  0.23447979E-002  0.10905755E+001 -0.10339932E+000 -0.10438364E+001
  0.49703697E-002  0.97428006E+000  0.62917728E-001 -0.10882054E+001
  0.50243707E-002  0.95266884E+000 -0.10451465E+000 -0.10376216E+001
  0.50458656E-002  0.94413022E+000  0.88324131E-001 -0.10641065E+001
  0.52658429E-002  0.85878596E+000  0.43416418E-001 -0.10976004E+001
  0.13214363E-002  0.76959834E+000  0.10493742E+000 -0.95919854E+000
  0.12667293E-002  0.85415958E+000 -0.48192148E-001 -0.10952855E+001
  0.12884130E-002  0.82021266E+000  0.10677971E+000 -0.96268512E+000
  0.12971574E-002  0.80668610E+000  0.90338054E-001 -0.93082601E+000
  0.26712385E-002  0.70784084E+000  0.89560996E-001 -0.93177319E+000
  0.26469823E-002  0.72608496E+000  0.49114476E-001 -0.89615230E+000
  0.88944573E-003  0.63000314E+000  0.39794770E-001 -0.89305257E+000
  0.87667601E-003  0.65892598E+000  0.76268150E-001 -0.91712896E+000
  0.86001987E-003  0.69728988E+000  0.18338113E-001 -0.88578112E+000
  0.86287730E-003  0.69065606E+000 -0.34779330E-001 -0.10988600E+001
  0.87217972E-003  0.66920868E+000  0.89677274E-001 -0.10569200E+001
  0.87124785E-003  0.67134802E+000 -0.13625361E-002 -0.88444008E+000
  0.18539791E-002  0.54731510E+000 -0.14039481E-001 -0.88698576E+000
  0.17869231E-002  0.62099324E+000 -0.25191593E-001 -0.11008697E+001
  0.17927813E-002  0.61444650E+000  0.39922618E-001 -0.89331484E+000
  0.29043314E-002  0.46050748E+000  0.39151543E-001 -0.89507281E+000
  0.28627944E-002  0.48931744E+000  0.56288187E-001 -0.90371039E+000
  0.57576950E-002  0.43689610E+000 -0.77439818E-001 -0.10673384E+001
  0.57576950E-002  0.43689610E+000 -0.77439818E-001 -0.10673384E+001
  0.20780090E-002  0.23668664E+000  0.14920619E-001 -0.89114528E+000
  0.19541928E-002  0.35955248E+000  0.57655557E-001 -0.10828320E+001
  0.20265690E-002  0.28681904E+000  0.36650346E-001 -0.89643187E+000
  0.32655762E-002  0.14356424E+000 -0.48943478E-001 -0.10849877E+001
  0.31248842E-002  0.23164242E+000  0.10449512E+000 -0.99459737E+000
  0.21806767E-002  0.98128814E-001 -0.10239935E+000 -0.98673766E+000
  0.21427611E-002  0.13320974E+000  0.73412549E-001 -0.10660475E+001
  0.21419320E-002  0.13398373E+000 -0.75574945E-001 -0.92581198E+000
  0.32989071E-002  0.81148146E-001  0.88862902E-001 -0.94505489E+000
  0.32725065E-002  0.97218070E-001  0.90695324E-001 -0.94791352E+000
  0.65991788E-002  0.80734822E-001  0.98291859E-001 -0.96669771E+000
  0.66697289E-002  0.59466372E-001 -0.94956869E-001 -0.95812269E+000
  0.66903970E-002  0.53279010E-001  0.92611009E-002 -0.10963396E+001
  0.65903023E-002  0.37446884E-001 -0.90686825E-001 -0.10402219E+001
  0.67780552E-002 -0.18734572E-001 -0.20171294E-001 -0.10936841E+001
  0.17047888E-002 -0.77885896E-001  0.60786702E-001 -0.91579479E+000
  0.16799822E-002 -0.48570526E-001 -0.52295891E-002 -0.10952982E+001
  0.16707376E-002 -0.37534428E-001 -0.77063876E-001 -0.10587624E+001
  0.16766960E-002 -0.44653708E-001 -0.51579219E-001 -0.10806222E+001
  0.68418778E-002 -0.13160112E+000  0.64288031E-002 -0.10941144E+001
  0.68461758E-002 -0.13285730E+000 -0.99670061E-001 -0.99581557E+000
  0.69078692E-002 -0.15079835E+000 -0.79134200E-001 -0.10538086E+001
  0.67210892E-002 -0.19355716E+000 -0.26988937E-001 -0.10895349E+001
  0.67658251E-002 -0.20682594E+000  0.25550369E-001 -0.10897670E+001
  0.68173867E-002 -0.22200864E+000  0.98440310E-001 -0.99703897E+000
  0.35018003E-002 -0.32654208E+000  0.82152604E-001 -0.94438481E+000
  0.34892375E-002 -0.31935278E+000 -0.97126107E-001 -0.99448965E+000
  0.70285415E-002 -0.33365130E+000 -0.96662035E-001 -0.10019371E+001
  0.71460747E-002 -0.36681846E+000  0.75661838E-003 -0.10911318E+001
  0.24578727E-002 -0.48284536E+000  0.26036773E-001 -0.10856918E+001
  0.24479996E-002 -0.47479552E+000 -0.32458886E-001 -0.10836328E+001
  0.24357269E-002 -0.46474358E+000 -0.30511564E-001 -0.90486857E+000
  0.71268135E-002 -0.52004400E+000 -0.63552057E-001 -0.92602643E+000
  0.88202244E-003 -0.79333096E+000 -0.39804236E-001 -0.91401201E+000
  0.83278583E-003 -0.67844832E+000 -0.56025674E-001 -0.92249277E+000
  0.84228758E-003 -0.70113926E+000 -0.62081926E-001 -0.92814109E+000
  0.78868697E-003 -0.56963392E+000  0.75869314E-001 -0.94105165E+000
  0.79215058E-003 -0.57839864E+000  0.24183864E-001 -0.90452652E+000
  0.79914747E-003 -0.59598612E+000  0.93109412E-001 -0.99019484E+000
  0.83330148E-003 -0.67968712E+000 -0.41790226E-001 -0.91319508E+000
  0.77452079E-003 -0.53338586E+000 -0.84956603E-001 -0.95532531E+000
  0.69763525E-002 -0.81655494E+000  0.87624155E-001 -0.97477838E+000
  0.12336475E-002 -0.10258972E+001  0.66620299E-001 -0.10498346E+001
  0.11769039E-002 -0.93172092E+000  0.85736305E-001 -0.10156311E+001
  0.11956503E-002 -0.96332586E+000  0.87577060E-001 -0.98832959E+000
  0.11943788E-002 -0.96119886E+000 -0.25884242E-001 -0.10785257E+001
  0.11244761E-002 -0.84058062E+000 -0.80521126E-001 -0.10335508E+001
  0.11497221E-002 -0.88498620E+000 -0.86756160E-001 -0.10143906E+001
  0.35822755E-002 -0.10496213E+001 -0.53937265E-001 -0.92778575E+000
  0.35760049E-002 -0.10461174E+001  0.66952521E-001 -0.94076329E+000
  0.72228399E-002 -0.10658279E+001  0.78381713E-001 -0.10302623E+001
  0.24400663E-002 -0.11375516E+001 -0.12115203E-001 -0.91042714E+000
  0.24366672E-002 -0.11347635E+001 -0.72461083E-001 -0.10389765E+001
  0.24173604E-002 -0.11188537E+001 -0.12332876E-001 -0.91016588E+000
  0.24789627E-002 -0.12580853E+001  0.83229796E-001 -0.99789130E+000
  0.23929459E-002 -0.11874542E+001  0.34926063E-001 -0.91822430E+000
  0.23865510E-002 -0.11821030E+001  0.61453135E-001 -0.93759219E+000
  0.37589333E-002 -0.12797439E+001  0.22271709E-001 -0.10745243E+001
  0.37194515E-002 -0.12586270E+001 -0.81918569E-001 -0.10095974E+001
  0.36625632E-002 -0.13167052E+001  0.19797774E-001 -0.91489023E+000
  0.36522091E-002 -0.13110416E+001  0.22990203E-001 -0.91569500E+000
  0.72001454E-002 -0.14113625E+001  0.36285505E-001 -0.92286331E+000
  0.72029972E-002 -0.14121546E+001 -0.61609707E-001 -0.10465182E+001
  0.71269204E-002 -0.14339322E+001  0.80319130E-001 -0.99952886E+000
  0.72100812E-002 -0.14571327E+001 -0.73887679E-001 -0.96460994E+000
  0.36523625E-002 -0.14832157E+001 -0.94248793E-002 -0.91566245E+000
  0.36072915E-002 -0.14583822E+001 -0.80015690E-001 -0.99253056E+000
  0.73725248E-002 -0.15016938E+001  0.10679632E-002 -0.91539047E+000
  0.74983667E-002 -0.15355437E+001  0.36149283E-001 -0.92508807E+000
  0.36941047E-002 -0.15530041E+001 -0.77282451E-001 -0.10083820E+001
  0.36698993E-002 -0.15398572E+001  0.50068044E-002 -0.91618784E+000
  0.18754530E-002 -0.15835226E+001  0.76132979E-001 -0.10114798E+001
  0.18488933E-002 -0.15549965E+001 -0.55734012E-001 -0.94019915E+000
  0.18725389E-002 -0.15804130E+001  0.74477776E-001 -0.97209416E+000
  0.18736665E-002 -0.15816175E+001 -0.18242495E-001 -0.91898493E+000
  0.75332324E-002 -0.15918818E+001  0.67630023E-001 -0.95695489E+000
  0.38214549E-002 -0.16207908E+001  0.54612770E-001 -0.10491024E+001
  0.38002476E-002 -0.16096609E+001  0.77251100E-001 -0.10014414E+001
  0.25207393E-002 -0.16995829E+001 -0.32996205E-001 -0.92657034E+000
  0.25158588E-002 -0.16957072E+001  0.75000268E-001 -0.10074094E+001
  0.24360216E-002 -0.16312115E+001  0.69932311E-001 -0.10270340E+001
  0.76311436E-002 -0.17177302E+001  0.13528069E-001 -0.92032970E+000
  0.75406412E-002 -0.17445056E+001  0.47233165E-002 -0.91967990E+000
  0.76243854E-002 -0.17665938E+001 -0.60122651E-001 -0.95085229E+000
  0.74682464E-002 -0.17771624E+001 -0.15467474E-001 -0.10677710E+001
  0.75486385E-002 -0.17985763E+001  0.70017805E-001 -0.97054426E+000
  0.73421390E-002 -0.18483891E+001 -0.67385815E-001 -0.96627326E+000
  0.37029590E-002 -0.18656883E+001 -0.73085605E-001 -0.99521064E+000
  0.36828033E-002 -0.18547724E+001  0.56794997E-001 -0.10407149E+001
  0.74519685E-002 -0.18780862E+001 -0.51612633E-001 -0.94387914E+000
  0.23444134E-002 -0.19225097E+001  0.66896532E-001 -0.10213475E+001
  0.23091309E-002 -0.18921815E+001  0.46275005E-001 -0.10504279E+001
  0.23296038E-002 -0.19098345E+001 -0.58620660E-001 -0.95306067E+000
  0.23887405E-002 -0.19599707E+001 -0.48905723E-002 -0.92355773E+000
  0.23884944E-002 -0.19597661E+001 -0.68586787E-001 -0.10144456E+001
  0.23678875E-002 -0.19424348E+001 -0.49318005E-001 -0.94322644E+000
  0.71979209E-002 -0.19687991E+001  0.54635433E-001 -0.10401421E+001
  0.18383680E-002 -0.20115584E+001 -0.53792237E-001 -0.94984247E+000
  0.18075191E-002 -0.19777125E+001 -0.66795753E-001 -0.97104500E+000
  0.18215599E-002 -0.19931903E+001  0.28740538E-002 -0.10655231E+001
  0.18064855E-002 -0.19765698E+001  0.45617327E-001 -0.94071161E+000
  0.18064855E-002 -0.19765698E+001  0.45617327E-001 -0.94071161E+000
  0.67987129E-003 -0.22617276E+001 -0.49611500E-001 -0.10375703E+001
  0.61467120E-003 -0.20600968E+001  0.67995793E-001 -0.98062606E+000
  0.62530748E-003 -0.20944088E+001  0.29857850E-001 -0.93291593E+000
  0.63693111E-003 -0.21312438E+001  0.66266575E-001 -0.97909503E+000
  0.63553903E-003 -0.21268676E+001  0.93030948E-002 -0.10624396E+001
  0.62362704E-003 -0.20890260E+001 -0.39148770E-001 -0.93831895E+000
  0.60429198E-003 -0.20260374E+001  0.39815492E-001 -0.10523364E+001
  0.62242211E-003 -0.20851584E+001  0.53065702E-001 -0.10386965E+001
  0.62131891E-003 -0.20816100E+001  0.67205698E-001 -0.10109115E+001
  0.62572595E-003 -0.20957474E+001 -0.56052378E-001 -0.10345064E+001
  0.65660164E-003 -0.21920764E+001  0.62049857E-001 -0.10199566E+001
  0.73005247E-002 -0.22654844E+001 -0.48018142E-001 -0.10392380E+001
  0.70664923E-002 -0.23522918E+001 -0.56825832E-001 -0.10237399E+001
  0.69322832E-002 -0.23633288E+001 -0.59572261E-001 -0.97285521E+000
  0.34683786E-002 -0.24621980E+001 -0.23003342E-001 -0.10518882E+001
  0.33862842E-002 -0.24142908E+001 -0.35522110E-001 -0.10461888E+001
  0.34784271E-002 -0.24679854E+001  0.41738264E-001 -0.95002552E+000
  0.34760800E-002 -0.24666354E+001  0.58279381E-001 -0.10143381E+001
  0.21456429E-002 -0.25032526E+001  0.59274951E-001 -0.98195761E+000
  0.21147090E-002 -0.24742084E+001 -0.69821941E-002 -0.93389726E+000
  0.21338380E-002 -0.24922196E+001  0.59060144E-001 -0.10098383E+001
  0.64371971E-002 -0.25033360E+001  0.46390415E-001 -0.95600999E+000
  0.59642852E-002 -0.25326712E+001  0.49364515E-001 -0.10289103E+001
  0.59659555E-002 -0.25332320E+001  0.48105466E-001 -0.10306339E+001
  0.29257423E-002 -0.25394310E+001  0.45398719E-001 -0.10337912E+001
  0.29207377E-002 -0.25360058E+001 -0.49803307E-001 -0.96170010E+000
  0.59043373E-002 -0.25574140E+001 -0.40428345E-001 -0.95139358E+000
  0.29726364E-002 -0.25712316E+001  0.59080567E-001 -0.99050011E+000
  0.29652318E-002 -0.25662452E+001  0.56346308E-001 -0.10134338E+001
  0.57084996E-002 -0.25829918E+001 -0.58917278E-001 -0.99194848E+000
  0.57134567E-002 -0.25847276E+001  0.54457181E-001 -0.10173212E+001
  0.11622447E-002 -0.26186610E+001 -0.36646367E-001 -0.94985171E+000
  0.11443322E-002 -0.25875978E+001 -0.19588452E-001 -0.93936972E+000
  0.11496174E-002 -0.25968144E+001 -0.13423100E-001 -0.10519675E+001
  0.11609437E-002 -0.26164218E+001 -0.57539640E-001 -0.98591367E+000
  0.11549479E-002 -0.26060664E+001  0.35091649E-001 -0.10415009E+001
  0.58499097E-002 -0.26319310E+001  0.48608928E-001 -0.96367408E+000
  0.58714359E-002 -0.26392780E+001 -0.57107222E-001 -0.98643185E+000
  0.59568226E-002 -0.26681536E+001 -0.56353491E-001 -0.98581089E+000
  0.30476665E-002 -0.27141270E+001  0.30185973E-001 -0.94777553E+000
  0.29898590E-002 -0.26758270E+001 -0.56240221E-001 -0.98619393E+000
  0.61264975E-002 -0.27243262E+001 -0.11899497E-001 -0.10493904E+001
  0.29934759E-002 -0.27330428E+001 -0.24700568E-001 -0.10446275E+001
  0.29896616E-002 -0.27304924E+001  0.50799983E-001 -0.97232541E+000
  0.60388960E-002 -0.27503194E+001 -0.41421156E-001 -0.10312409E+001
  0.29529044E-002 -0.27620910E+001  0.34414778E-002 -0.94000473E+000
  0.29499706E-002 -0.27601048E+001 -0.39928362E-001 -0.95728234E+000
  0.59145547E-002 -0.27650514E+001  0.52140842E-001 -0.10119213E+001
  0.59190929E-002 -0.27665858E+001 -0.40253417E-001 -0.95785322E+000
  0.59613515E-002 -0.27808142E+001  0.34939690E-002 -0.94045044E+000
  0.20438580E-002 -0.28371214E+001  0.19075199E-001 -0.94529734E+000
  0.19966449E-002 -0.27903794E+001  0.92965592E-002 -0.94138306E+000
  0.20431387E-002 -0.28364184E+001  0.52092088E-001 -0.10055788E+001
  0.31203345E-002 -0.28723946E+001  0.18182224E-001 -0.10438833E+001
  0.30683201E-002 -0.28387736E+001 -0.21603458E-001 -0.10433530E+001
  0.21383922E-002 -0.29275526E+001  0.38416021E-001 -0.10282168E+001
  0.20845254E-002 -0.28765254E+001  0.32026744E-001 -0.10360018E+001
  0.21325090E-002 -0.29220416E+001  0.30720921E-001 -0.10355910E+001
  0.64171316E-002 -0.29281616E+001  0.24603047E-001 -0.10393991E+001
  0.32208143E-002 -0.29357828E+001  0.40818380E-001 -0.10248943E+001
  0.32161346E-002 -0.29328734E+001  0.18469230E-001 -0.10421701E+001
  0.62883469E-002 -0.29603508E+001 -0.24630406E-002 -0.94481812E+000
  0.83383830E-003 -0.30220644E+001 -0.32072866E-001 -0.10311857E+001
  0.82809799E-003 -0.30082486E+001  0.21495430E-001 -0.95106606E+000
  0.80860335E-003 -0.29606012E+001  0.23217058E-001 -0.95056619E+000
  0.81923379E-003 -0.29867248E+001  0.44345610E-001 -0.10166359E+001
  0.81715966E-003 -0.29816534E+001  0.19327830E-001 -0.10404783E+001
  0.82048982E-003 -0.29897884E+001 -0.25979217E-001 -0.95302786E+000
  0.81778339E-003 -0.29831802E+001 -0.11169492E-001 -0.10431158E+001
  0.82696262E-003 -0.31388878E+001 -0.40571702E-001 -0.97485658E+000
  0.81517882E-003 -0.31101824E+001  0.30120655E-001 -0.10297499E+001
  0.80002542E-003 -0.30726546E+001  0.46721336E-001 -0.10012544E+001
  0.82533346E-003 -0.31349436E+001  0.30658046E-001 -0.10283520E+001
  0.81641393E-003 -0.31132108E+001  0.20398031E-001 -0.10361274E+001
  0.79986463E-003 -0.30722536E+001 -0.44707572E-001 -0.98003421E+000
  0.82015840E-003 -0.31223620E+001  0.68928351E-004 -0.10406828E+001
  0.57967199E-002 -0.31416422E+001  0.22696286E-001 -0.95582807E+000
  0.58229978E-002 -0.31506890E+001 -0.13184247E-001 -0.10378932E+001
  0.28261496E-002 -0.31613664E+001  0.26942212E-001 -0.95934852E+000
  0.28190705E-002 -0.31563504E+001 -0.32044783E-001 -0.96368192E+000
  0.56705846E-002 -0.31678250E+001  0.16511734E-001 -0.10361944E+001
  0.27742105E-002 -0.31970032E+001  0.29150719E-001 -0.10273321E+001
  0.27601395E-002 -0.31868328E+001 -0.13533444E-001 -0.10366977E+001
  0.55899773E-002 -0.32119268E+001  0.43204039E-001 -0.99582196E+000
  0.10870583E-002 -0.32312834E+001 -0.42270216E-001 -0.98940363E+000
  0.10826992E-002 -0.32232466E+001 -0.18372968E-001 -0.95620062E+000
  0.10859761E-002 -0.32292910E+001  0.27936765E-001 -0.10271386E+001
  0.10844264E-002 -0.32264356E+001  0.40127689E-001 -0.98019022E+000
  0.10843657E-002 -0.32263226E+001  0.25139918E-002 -0.10376197E+001
  0.54411434E-002 -0.32334352E+001  0.42334430E-001 -0.99048059E+000
  0.18277711E-002 -0.32488750E+001  0.91708005E-002 -0.95380588E+000
  0.18163849E-002 -0.32363770E+001  0.97921325E-002 -0.10362404E+001
  0.18208970E-002 -0.32413390E+001  0.42312790E-001 -0.99634677E+000
  0.53149852E-002 -0.32681614E+001 -0.33919294E-001 -0.97107800E+000
  0.51276641E-002 -0.32780456E+001 -0.23001904E-001 -0.96077054E+000
  0.10481317E-002 -0.33216398E+001  0.36940618E-001 -0.10098240E+001
  0.10300025E-002 -0.32867428E+001 -0.27288839E-001 -0.96446782E+000
  0.10429823E-002 -0.33117882E+001  0.31465637E-001 -0.97005920E+000
  0.10313681E-002 -0.32893940E+001  0.37160727E-001 -0.10118738E+001
  0.10399984E-002 -0.33060590E+001 -0.33467924E-001 -0.97249646E+000
  0.26380769E-002 -0.33351394E+001 -0.11756305E-001 -0.10325219E+001
  0.26318426E-002 -0.33304072E+001  0.39029012E-001 -0.10014147E+001
  0.13561072E-002 -0.33905708E+001  0.45058426E-002 -0.10322281E+001
  0.13398722E-002 -0.33664816E+001 -0.30241791E-001 -0.97136277E+000
  0.13459098E-002 -0.33754738E+001 -0.11825133E-001 -0.10311129E+001
  0.13495905E-002 -0.33809358E+001 -0.14184940E-001 -0.10300536E+001
  0.27218838E-002 -0.33976866E+001  0.48480202E-002 -0.95788436E+000
  0.27216906E-002 -0.33975454E+001  0.65902535E-002 -0.95815272E+000
  0.54756458E-002 -0.34093656E+001  0.28535882E-001 -0.97154209E+000
  0.54756458E-002 -0.34093656E+001  0.28535882E-001 -0.97154209E+000
  0.11210491E-002 -0.34093656E+001  0.28535882E-001 -0.97154209E+000
  0.11182453E-002 -0.34093656E+001  0.28535882E-001 -0.97154209E+000
  0.10961325E-002 -0.34093656E+001  0.28535882E-001 -0.97154209E+000
  0.10993558E-002 -0.34093656E+001  0.28535882E-001 -0.97154209E+000
  0.11192651E-002 -0.34093656E+001  0.28535882E-001 -0.97154209E+000
  0.16222559E-002 -0.34093656E+001  0.28535882E-001 -0.97154209E+000
  0.16160600E-002 -0.34093656E+001  0.28535882E-001 -0.97154209E+000
  0.16024119E-002 -0.34093656E+001  0.28535882E-001 -0.97154209E+000
  0.49201087E-002 -0.34093656E+001  0.28535882E-001 -0.97154209E+000
  0.49335372E-002 -0.34093656E+001  0.28535882E-001 -0.97154209E+000
  0.49828817E-002 -0.34093656E+001  0.28535882E-001 -0.97154209E+000
  0.47419683E-002 -0.34093656E+001  0.28535882E-001 -0.97154209E+000
  0.47491894E-002 -0.34093656E+001  0.28535882E-001 -0.97154209E+000
  0.47506445E-002 -0.34093656E+001  0.28535882E-001 -0.97154209E+000
  0.11404797E-002 -0.34093656E+001  0.28535882E-001 -0.97154209E+000
  0.11344919E-002 -0.34093656E+001  0.28535882E-001 -0.97154209E+000
  0.11315286E-002 -0.34093656E+001  0.28535882E-001 -0.97154209E+000
  0.11376479E-002 -0.34093656E+001  0.28535882E-001 -0.97154209E+000
  0.42933074E-002 -0.34093656E+001  0.28535882E-001 -0.97154209E+000
  0.14359843E-002 -0.34093656E+001  0.28535882E-001 -0.97154209E+000
  0.14317313E-002 -0.34093656E+001  0.28535882E-001 -0.97154209E+000
  0.14353645E-002 -0.34093656E+001  0.28535882E-001 -0.97154209E+000
  0.43141237E-002 -0.34093656E+001  0.28535882E-001 -0.97154209E+000
  0.43451906E-002 -0.34093656E+001  0.28535882E-001 -0.97154209E+000
  0.10418137E-002 -0.34093656E+001  0.28535882E-001 -0.97154209E+000
  0.10200458E-002 -0.34093656E+001  0.28535882E-001 -0.97154209E+000
  0.10263422E-002 -0.34093656E+001  0.28535882E-001 -0.97154209E+000
  0.10231921E-002 -0.34093656E+001  0.28535882E-001 -0.97154209E+000
  0.13110337E-002 -0.34093656E+001  0.28535882E-001 -0.97154209E+000
  0.12830429E-002 -0.34093656E+001  0.28535882E-001 -0.97154209E+000
  0.12892881E-002 -0.34093656E+001  0.28535882E-001 -0.97154209E+000
  0.39355333E-002 -0.34093656E+001  0.28535882E-001 -0.97154209E+000
  0.19932627E-002 -0.34093656E+001  0.28535882E-001 -0.97154209E+000
  0.19757670E-002 -0.34093656E+001  0.28535882E-001 -0.97154209E+000
  0.39885651E-002 -0.34093656E+001  0.28535882E-001 -0.97154209E+000
  0.20001682E-002 -0.34093656E+001  0.28535882E-001 -0.97154209E+000
  0.19980896E-002 -0.34093656E+001  0.28535882E-001 -0.97154209E+000
  0.40217752E-002 -0.34093656E+001  0.28535882E-001 -0.97154209E+000
  0.89218407E-003 -0.34093656E+001  0.28535882E-001 -0.97154209E+000
  0.88566028E-003 -0.34093656E+001  0.28535882E-001 -0.97154209E+000
  0.88764290E-003 -0.34093656E+001  0.28535882E-001 -0.97154209E+000
  0.88078463E-003 -0.34093656E+001  0.28535882E-001 -0.97154209E+000
  0.12014062E-002 -0.34093656E+001  0.28535882E-001 -0.97154209E+000
  0.11921660E-002 -0.34093656E+001  0.28535882E-001 -0.97154209E+000
  0.11966490E-002 -0.34093656E+001  0.28535882E-001 -0.97154209E+000
  0.36449645E-002 -0.34093656E+001  0.28535882E-001 -0.97154209E+000
  0.92175776E-003 -0.34093656E+001  0.28535882E-001 -0.97154209E+000
  0.92009638E-003 -0.34093656E+001  0.28535882E-001 -0.97154209E+000
  0.92174103E-003 -0.34093656E+001  0.28535882E-001 -0.97154209E+000
  0.91894636E-003 -0.34093656E+001  0.28535882E-001 -0.97154209E+000
  0.37124796E-002 -0.34093656E+001  0.28535882E-001 -0.97154209E+000
  0.37159274E-002 -0.34093656E+001  0.28535882E-001 -0.97154209E+000
  0.12498689E-002 -0.34093656E+001  0.28535882E-001 -0.97154209E+000
  0.12481144E-002 -0.34093656E+001  0.28535882E-001 -0.97154209E+000
  0.12393901E-002 -0.34093656E+001  0.28535882E-001 -0.97154209E+000
