 -0.23400283E+002 -0.19661547E+002 -0.16216644E+002 -0.16428639E+001  0.35729001E-001
 -0.23400527E+002 -0.19638088E+002 -0.16214890E+002 -0.83959282E+000  0.17372928E+001
 -0.23399704E+002 -0.19615172E+002 -0.16212069E+002 -0.22804700E+000  0.17937318E+001
 -0.23394860E+002 -0.19592751E+002 -0.16205226E+002  0.86011631E+000  0.17203052E+001
 -0.23388108E+002 -0.19570716E+002 -0.16196476E+002 -0.10150462E+001  0.39584398E+000
 -0.23387006E+002 -0.19549012E+002 -0.16193376E+002  0.12484339E+001 -0.79738509E+000
 -0.24741868E+002 -0.19527746E+002 -0.16159946E+002  0.13552687E+001  0.10229236E+001
 -0.24759370E+002 -0.19527746E+002 -0.16177449E+002  0.11261366E+001 -0.17188569E+001
 -0.24760832E+002 -0.19527746E+002 -0.16178910E+002  0.68972272E+000 -0.16569881E+000
 -0.24744801E+002 -0.19527746E+002 -0.16162879E+002  0.71564555E+000 -0.81885330E+000
 -0.23338693E+002 -0.19506265E+002 -0.16141067E+002  0.13601836E+000 -0.66263793E+000
 -0.23314471E+002 -0.19484882E+002 -0.16114847E+002 -0.17771593E+001 -0.11881706E+001
 -0.23995104E+002 -0.19463438E+002 -0.16100336E+002  0.10648796E+001  0.16793291E+001
 -0.24005724E+002 -0.19463438E+002 -0.16110955E+002 -0.13571573E+001  0.10011662E+001
 -0.23282015E+002 -0.19442183E+002 -0.16078396E+002 -0.19494339E+001 -0.17214652E+001
 -0.24597300E+002 -0.19420956E+002 -0.16005388E+002  0.16632204E+001 -0.98330066E+000
 -0.24637066E+002 -0.19420956E+002 -0.16045154E+002 -0.81430343E+000  0.17631658E+001
 -0.24650285E+002 -0.19420956E+002 -0.16058373E+002  0.84900477E+000 -0.69041185E+000
 -0.24615371E+002 -0.19420956E+002 -0.16023459E+002  0.19410277E+000  0.17612576E+001
 -0.23205719E+002 -0.19398657E+002 -0.15998104E+002  0.59508650E+000 -0.41842369E-001
 -0.23186482E+002 -0.19376730E+002 -0.15976869E+002  0.10626245E+001 -0.16805149E+001
 -0.23172936E+002 -0.19354862E+002 -0.15961324E+002 -0.38176382E+000 -0.10413274E+001
 -0.23850848E+002 -0.19333172E+002 -0.15944092E+002  0.12317294E+001 -0.18298025E+001
 -0.23867933E+002 -0.19333172E+002 -0.15961176E+002  0.44839857E-001 -0.16513906E+001
 -0.23867933E+002 -0.19333172E+002 -0.15961176E+002  0.44839857E-001 -0.16513906E+001
 -0.12770680E+002 -0.12235042E+002 -0.24937841E+001  0.94627236E+000  0.19790687E+001
 -0.12878165E+002 -0.12235042E+002 -0.26012692E+001  0.94707498E+000  0.19626952E+001
 -0.12202890E+002 -0.11540214E+002 -0.24649912E+001  0.94656739E+000  0.19901412E+001
 -0.13267723E+002 -0.11124488E+002 -0.21435292E+001  0.96857477E+000  0.19885096E+001
 -0.13326470E+002 -0.11124488E+002 -0.22022769E+001  0.97848055E+000  0.19629689E+001
 -0.13554095E+002 -0.11124488E+002 -0.24299011E+001  0.95035198E+000  0.19769080E+001
 -0.13506253E+002 -0.11124488E+002 -0.23820591E+001  0.10107881E+001  0.19490698E+001
 -0.11843137E+002 -0.10739839E+002 -0.21052377E+001  0.10144275E+001  0.19787977E+001
 -0.12522598E+002 -0.10453326E+002 -0.20915518E+001  0.97413108E+000  0.19906728E+001
 -0.12530669E+002 -0.10453326E+002 -0.20996226E+001  0.97493392E+000  0.19813021E+001
 -0.12521253E+002 -0.10228140E+002 -0.20902067E+001  0.98028344E+000  0.19753437E+001
 -0.12521380E+002 -0.10228140E+002 -0.20903334E+001  0.98022655E+000  0.19753793E+001
 -0.11769319E+002 -0.10044234E+002 -0.20314203E+001  0.10007219E+001  0.19800641E+001
