 -0.12826361E+002 -0.12167903E+002 -0.26166045E+001  0.19515788E+001  0.10353640E+001
 -0.12841292E+002 -0.12167903E+002 -0.26315361E+001  0.19350279E+001  0.98081301E+000
 -0.12088523E+002 -0.11457261E+002 -0.25719137E+001  0.19746664E+001  0.10463200E+001
 -0.12082880E+002 -0.11030739E+002 -0.25662709E+001  0.19947924E+001  0.94167057E+000
 -0.13157470E+002 -0.10731235E+002 -0.25422490E+001  0.19702072E+001  0.94653088E+000
 -0.13158079E+002 -0.10731235E+002 -0.25428578E+001  0.19687160E+001  0.94713950E+000
 -0.13179276E+002 -0.10731235E+002 -0.25640546E+001  0.19369809E+001  0.10029268E+001
 -0.12998066E+002 -0.10496079E+002 -0.23828449E+001  0.19781828E+001  0.10370346E+001
 -0.13064771E+002 -0.10496079E+002 -0.24495500E+001  0.19529853E+001  0.96505764E+000
 -0.13008165E+002 -0.10496079E+002 -0.23929431E+001  0.19784109E+001  0.95209299E+000
 -0.13572754E+002 -0.10276328E+002 -0.22643854E+001  0.19941665E+001  0.10308621E+001
 -0.13650277E+002 -0.10276328E+002 -0.23419084E+001  0.19824896E+001  0.10355198E+001
 -0.13576110E+002 -0.10276328E+002 -0.22677409E+001  0.19822833E+001  0.10305383E+001
 -0.13616479E+002 -0.10276328E+002 -0.23081100E+001  0.19620313E+001  0.96744207E+000
 -0.13662866E+002 -0.10276328E+002 -0.23544970E+001  0.19741790E+001  0.95591695E+000
 -0.13640669E+002 -0.10276328E+002 -0.23322999E+001  0.19500466E+001  0.98618308E+000
 -0.11760942E+002 -0.10075764E+002 -0.22443324E+001  0.19605379E+001  0.10136083E+001
 -0.12440891E+002 -0.99056743E+001 -0.22311345E+001  0.19779395E+001  0.10265087E+001
 -0.12443291E+002 -0.99056743E+001 -0.22335344E+001  0.19628426E+001  0.97439078E+000
 -0.11717708E+002 -0.97585577E+001 -0.22010990E+001  0.19654474E+001  0.97515737E+000
 -0.11710854E+002 -0.96266717E+001 -0.21942453E+001  0.19694209E+001  0.97182334E+000
 -0.12674722E+002 -0.95094144E+001 -0.20595001E+001  0.19908231E+001  0.10114095E+001
 -0.12802449E+002 -0.95094144E+001 -0.21872272E+001  0.19687510E+001  0.97323697E+000
 -0.12798023E+002 -0.95094144E+001 -0.21828015E+001  0.19830727E+001  0.10240686E+001
