 -0.14870678E+002 -0.15214841E+002 -0.65402847E+001 -0.19408765E+001  0.11426447E+001
 -0.14686866E+002 -0.14334879E+002 -0.63564717E+001 -0.19013892E+001  0.87136618E+000
 -0.14552393E+002 -0.13802318E+002 -0.62219997E+001 -0.18571716E+001  0.10657960E+001
 -0.15385121E+002 -0.13435725E+002 -0.58915764E+001 -0.18452655E+001  0.10168903E+001
 -0.15578620E+002 -0.13435725E+002 -0.60850759E+001 -0.19117781E+001  0.11186062E+001
 -0.15391605E+002 -0.13435725E+002 -0.58980607E+001 -0.18647525E+001  0.92330308E+000
 -0.14227494E+002 -0.13080095E+002 -0.58325614E+001 -0.19016041E+001  0.11053707E+001
 -0.14480805E+002 -0.12834971E+002 -0.52591943E+001 -0.19770279E+001  0.86323389E+000
 -0.14599257E+002 -0.12834971E+002 -0.53776460E+001 -0.18543282E+001  0.10016739E+001
 -0.13826799E+002 -0.12556265E+002 -0.51160140E+001 -0.18634875E+001  0.96656587E+000
 -0.14888625E+002 -0.12308872E+002 -0.50792278E+001 -0.19316657E+001  0.11071890E+001
 -0.14908033E+002 -0.12308872E+002 -0.50986355E+001 -0.18637689E+001  0.96702262E+000
 -0.14895630E+002 -0.12308872E+002 -0.50862321E+001 -0.19541520E+001  0.11168719E+001
 -0.13721442E+002 -0.12103992E+002 -0.50106570E+001 -0.18692377E+001  0.95583262E+000
 -0.13729347E+002 -0.11933403E+002 -0.49540237E+001 -0.18657075E+001  0.10167009E+001
 -0.13647459E+002 -0.11779849E+002 -0.48721348E+001 -0.19410956E+001  0.11068731E+001
 -0.14390116E+002 -0.11653057E+002 -0.47881136E+001 -0.19137253E+001  0.10876433E+001
 -0.14428672E+002 -0.11653057E+002 -0.48266696E+001 -0.18760678E+001  0.10399293E+001
 -0.14469425E+002 -0.11531263E+002 -0.44619573E+001 -0.19941287E+001  0.88089930E+000
 -0.14471095E+002 -0.11531263E+002 -0.44636277E+001 -0.18806670E+001  0.96161311E+000
 -0.14727705E+002 -0.11531263E+002 -0.47202379E+001 -0.18718846E+001  0.97013304E+000
 -0.13346081E+002 -0.11383801E+002 -0.44372259E+001 -0.19832422E+001  0.88163332E+000
 -0.15085438E+002 -0.11261142E+002 -0.43107152E+001 -0.18986845E+001  0.93416184E+000
 -0.15179463E+002 -0.11261142E+002 -0.44047404E+001 -0.18770915E+001  0.10046984E+001
 -0.15186809E+002 -0.11261142E+002 -0.44120864E+001 -0.19668588E+001  0.11044385E+001
 -0.15097904E+002 -0.11261142E+002 -0.43231818E+001 -0.19856280E+001  0.88432966E+000
 -0.15120292E+002 -0.11261142E+002 -0.43455691E+001 -0.18909483E+001  0.10446369E+001
 -0.15102441E+002 -0.11261142E+002 -0.43277179E+001 -0.19272347E+001  0.90478166E+000
 -0.14472835E+002 -0.11153602E+002 -0.42481586E+001 -0.18969730E+001  0.10501749E+001
 -0.14492968E+002 -0.11153602E+002 -0.42682918E+001 -0.19817924E+001  0.88594756E+000
 -0.14491778E+002 -0.11153602E+002 -0.42671016E+001 -0.19842956E+001  0.11032864E+001
 -0.13247166E+002 -0.11050556E+002 -0.41211018E+001 -0.19303807E+001  0.10805827E+001
 -0.14208228E+002 -0.10945134E+002 -0.39835519E+001 -0.19323781E+001  0.10776939E+001
 -0.14228895E+002 -0.10945134E+002 -0.40042192E+001 -0.19787596E+001  0.89312334E+000
 -0.14269038E+002 -0.10945134E+002 -0.40443621E+001 -0.18905903E+001  0.10245027E+001
 -0.13109615E+002 -0.10836451E+002 -0.39835513E+001 -0.19585101E+001  0.89832722E+000
 -0.13813383E+002 -0.10746241E+002 -0.39071602E+001 -0.19306698E+001  0.10739951E+001
 -0.13831691E+002 -0.10746241E+002 -0.39254680E+001 -0.19082610E+001  0.93762392E+000
 -0.13746518E+002 -0.10657216E+002 -0.38402957E+001 -0.18917131E+001  0.98815173E+000
 -0.13779638E+002 -0.10657216E+002 -0.38734157E+001 -0.19617545E+001  0.10889319E+001
 -0.13051039E+002 -0.10570060E+002 -0.38379635E+001 -0.18966024E+001  0.10249249E+001
 -0.13690161E+002 -0.10489714E+002 -0.37839383E+001 -0.19714382E+001  0.90039713E+000
 -0.13711102E+002 -0.10489714E+002 -0.38048796E+001 -0.19741125E+001  0.89928884E+000
 -0.12989715E+002 -0.10411376E+002 -0.37766395E+001 -0.19065708E+001  0.94751460E+000
 -0.12788583E+002 -0.10338219E+002 -0.35755075E+001 -0.19170464E+001  0.94211443E+000
 -0.13391267E+002 -0.10255476E+002 -0.34850446E+001 -0.19921361E+001  0.90725915E+000
 -0.13414642E+002 -0.10255476E+002 -0.35084190E+001 -0.19738470E+001  0.90807431E+000
 -0.13414642E+002 -0.10255476E+002 -0.35084190E+001 -0.19738470E+001  0.90807431E+000
 -0.13815744E+002 -0.10195234E+002 -0.24744366E+001 -0.19911909E+001  0.10436742E+001
 -0.14310687E+002 -0.10195234E+002 -0.29693802E+001 -0.19499580E+001  0.93723837E+000
 -0.14391658E+002 -0.10195234E+002 -0.30503506E+001 -0.19200014E+001  0.97232881E+000
 -0.13862607E+002 -0.10195234E+002 -0.25213001E+001 -0.19402435E+001  0.10081111E+001
 -0.13918000E+002 -0.10195234E+002 -0.25766930E+001 -0.19634157E+001  0.94799615E+000
 -0.14811434E+002 -0.10195234E+002 -0.34701266E+001 -0.19505370E+001  0.10720158E+001
 -0.12640892E+002 -0.10046285E+002 -0.23981971E+001 -0.19463047E+001  0.10051310E+001
 -0.12704450E+002 -0.10046285E+002 -0.24617548E+001 -0.19635176E+001  0.95469247E+000
 -0.12622152E+002 -0.99070880E+001 -0.23794572E+001 -0.19464531E+001  0.99960928E+000
 -0.12627958E+002 -0.99070880E+001 -0.23852628E+001 -0.19460269E+001  0.99114676E+000
 -0.11801227E+002 -0.97827475E+001 -0.22516790E+001 -0.19945732E+001  0.10299020E+001
 -0.12382423E+002 -0.96580044E+001 -0.21397282E+001 -0.19960793E+001  0.10202248E+001
 -0.12442255E+002 -0.96580044E+001 -0.21995599E+001 -0.19993677E+001  0.10247801E+001
 -0.11578551E+002 -0.95347531E+001 -0.20290030E+001 -0.19793566E+001  0.99753897E+000
