  0.18854393E-003  0.12723681E+002  0.15920429E+000 -0.19287280E+001
  0.14275417E-003  0.13280094E+002 -0.83002255E-001 -0.18350771E+001
  0.11347517E-003  0.13739174E+002 -0.89653952E-001 -0.18348259E+001
  0.13592742E-003  0.13378101E+002 -0.74664224E-001 -0.18292061E+001
  0.11651232E-003  0.13686348E+002 -0.12683007E+000 -0.18668443E+001
  0.10819736E-002  0.12448135E+002 -0.16170834E+000 -0.19416605E+001
  0.11593445E-002  0.12309997E+002  0.12370945E+000 -0.18801967E+001
  0.56767725E-003  0.12273375E+002 -0.16554315E+000 -0.19614300E+001
  0.56534606E-003  0.12281605E+002  0.12409275E+000 -0.18809952E+001
  0.67936874E-003  0.11914153E+002 -0.24627994E-001 -0.18247060E+001
  0.57220770E-003  0.12257479E+002 -0.16541342E+000 -0.19615087E+001
  0.58587241E-003  0.11239262E+002 -0.15853292E+000 -0.19799379E+001
  0.45487699E-003  0.11745412E+002 -0.65358927E-001 -0.18404298E+001
  0.42665727E-003  0.11873505E+002 -0.10268820E+000 -0.18645405E+001
  0.18142837E-002  0.11175798E+002 -0.36307748E-001 -0.18346073E+001
  0.18366197E-002  0.11151326E+002 -0.68350331E-001 -0.18481543E+001
  0.11049552E-002  0.10696157E+002  0.15326473E+000 -0.19787639E+001
  0.92475241E-003  0.11052225E+002 -0.74610890E-001 -0.18528600E+001
  0.22643682E-002  0.10480706E+002  0.59738040E-002 -0.18364804E+001
  0.84999888E-003  0.99348126E+001  0.49035930E-001 -0.18517347E+001
  0.79438008E-003  0.10070159E+002 -0.13230857E+000 -0.19278904E+001
  0.74654212E-003  0.10194378E+002 -0.14327153E+000 -0.19520913E+001
  0.16732967E-002  0.93911116E+001 -0.60237126E-001 -0.18629796E+001
  0.14513886E-002  0.96756610E+001  0.95507104E-001 -0.18850376E+001
  0.13477139E-002  0.90129518E+001  0.13676186E+000 -0.19957480E+001
  0.12155635E-002  0.92193574E+001 -0.73926600E-001 -0.18733071E+001
  0.11918775E-002  0.92587118E+001  0.47199052E-001 -0.18583437E+001
  0.44880969E-002  0.88041390E+001 -0.79032081E-001 -0.18822494E+001
  0.35565990E-002  0.78014490E+001 -0.47409604E-001 -0.18754272E+001
  0.22528493E-002  0.87146662E+001 -0.10562264E-001 -0.18551659E+001
  0.37154090E-002  0.77140804E+001  0.57949033E-001 -0.18819884E+001
  0.37094802E-002  0.77172758E+001 -0.10071918E+000 -0.19216132E+001
  0.87520570E-002  0.72200118E+001 -0.42660972E-001 -0.18806256E+001
  0.44419069E-002  0.71084840E+001  0.92148761E-001 -0.19214626E+001
  0.42935108E-002  0.71764412E+001 -0.51473925E-001 -0.18854208E+001
  0.36398838E-002  0.66958180E+001  0.10918021E+000 -0.19720226E+001
  0.32141205E-002  0.69446128E+001 -0.13294338E-001 -0.18759413E+001
  0.31738735E-002  0.69698152E+001  0.94955064E-001 -0.19282427E+001
  0.31023403E-002  0.64400436E+001 -0.10751593E+000 -0.19926076E+001
  0.30687943E-002  0.64617866E+001 -0.10155431E+000 -0.19547802E+001
  0.28233772E-002  0.66284890E+001  0.10944958E+000 -0.19996245E+001
  0.27616650E-002  0.66726894E+001 -0.99758683E-001 -0.19438428E+001
  0.12917755E-001  0.63597410E+001 -0.10251364E+000 -0.19618453E+001
  0.13493347E-001  0.62725520E+001  0.97181584E-001 -0.19501931E+001
  0.14734619E-001  0.60965460E+001  0.92557060E-001 -0.19455364E+001
  0.14935303E-001  0.60694904E+001  0.22305915E-001 -0.18889471E+001
  0.14962316E-001  0.60658764E+001 -0.94965587E-001 -0.19517695E+001
  0.15170030E-001  0.60383026E+001 -0.10043597E+000 -0.19707540E+001
  0.97786825E-002  0.54089916E+001 -0.45615546E-001 -0.19080513E+001
  0.93371845E-002  0.55013918E+001  0.95004289E-001 -0.19927747E+001
  0.20627637E-001  0.53024318E+001 -0.77131735E-004 -0.18970094E+001
  0.20863762E-001  0.52796690E+001  0.46251983E-001 -0.19105816E+001
  0.20863762E-001  0.52796690E+001  0.46251983E-001 -0.19105816E+001
  0.12043089E-001  0.52796690E+001  0.46251983E-001 -0.19105816E+001
  0.11256278E-001  0.52796690E+001  0.46251983E-001 -0.19105816E+001
  0.15103146E-001  0.52796690E+001  0.46251983E-001 -0.19105816E+001
  0.12078563E-001  0.52796690E+001  0.46251983E-001 -0.19105816E+001
  0.14292858E-001  0.52796690E+001  0.46251983E-001 -0.19105816E+001
  0.13618609E-001  0.52796690E+001  0.46251983E-001 -0.19105816E+001
  0.11039158E-001  0.52796690E+001  0.46251983E-001 -0.19105816E+001
  0.10834844E-001  0.52796690E+001  0.46251983E-001 -0.19105816E+001
  0.95451385E-002  0.52796690E+001  0.46251983E-001 -0.19105816E+001
  0.12751406E-001  0.52796690E+001  0.46251983E-001 -0.19105816E+001
  0.11264257E-001  0.52796690E+001  0.46251983E-001 -0.19105816E+001
  0.11722130E-001  0.52796690E+001  0.46251983E-001 -0.19105816E+001
  0.37098081E-001  0.52796690E+001  0.46251983E-001 -0.19105816E+001
  0.40351780E-001  0.52796690E+001  0.46251983E-001 -0.19105816E+001
  0.21402199E-001  0.52796690E+001  0.46251983E-001 -0.19105816E+001
  0.20762094E-001  0.52796690E+001  0.46251983E-001 -0.19105816E+001
  0.22272474E-001  0.52796690E+001  0.46251983E-001 -0.19105816E+001
  0.22237520E-001  0.52796690E+001  0.46251983E-001 -0.19105816E+001
  0.45697147E-001  0.52796690E+001  0.46251983E-001 -0.19105816E+001
  0.43157275E-001  0.52796690E+001  0.46251983E-001 -0.19105816E+001
  0.14193824E-001  0.52796690E+001  0.46251983E-001 -0.19105816E+001
  0.13561350E-001  0.52796690E+001  0.46251983E-001 -0.19105816E+001
  0.14190775E-001  0.52796690E+001  0.46251983E-001 -0.19105816E+001
  0.45069270E-001  0.52796690E+001  0.46251983E-001 -0.19105816E+001
  0.46307065E-001  0.52796690E+001  0.46251983E-001 -0.19105816E+001
  0.23573239E-001  0.52796690E+001  0.46251983E-001 -0.19105816E+001
  0.23167839E-001  0.52796690E+001  0.46251983E-001 -0.19105816E+001
  0.12426019E-001  0.52796690E+001  0.46251983E-001 -0.19105816E+001
  0.11897696E-001  0.52796690E+001  0.46251983E-001 -0.19105816E+001
  0.12313186E-001  0.52796690E+001  0.46251983E-001 -0.19105816E+001
  0.12025408E-001  0.52796690E+001  0.46251983E-001 -0.19105816E+001
  0.50065238E-001  0.52796690E+001  0.46251983E-001 -0.19105816E+001
  0.16949544E-001  0.52796690E+001  0.46251983E-001 -0.19105816E+001
  0.16948831E-001  0.52796690E+001  0.46251983E-001 -0.19105816E+001
  0.16948441E-001  0.52796690E+001  0.46251983E-001 -0.19105816E+001
  0.25749398E-001  0.52796690E+001  0.46251983E-001 -0.19105816E+001
  0.25628742E-001  0.52796690E+001  0.46251983E-001 -0.19105816E+001
  0.26538202E-001  0.52796690E+001  0.46251983E-001 -0.19105816E+001
  0.25774258E-001  0.52796690E+001  0.46251983E-001 -0.19105816E+001
