 -0.15772648E+002 -0.15131544E+002 -0.68324040E+001 -0.18915914E+001 -0.19977153E+001
 -0.15797435E+002 -0.15131544E+002 -0.68571911E+001 -0.95001260E+000 -0.18318891E+001
 -0.15760310E+002 -0.14412037E+002 -0.68200658E+001 -0.10708935E+001 -0.79799627E+000
 -0.15764913E+002 -0.14412037E+002 -0.68246684E+001 -0.18918056E+001 -0.19976901E+001
 -0.15038649E+002 -0.13993737E+002 -0.67915521E+001 -0.82438784E+000 -0.11114052E+001
 -0.16263931E+002 -0.13696932E+002 -0.66128397E+001 -0.11504814E+001 -0.19640304E+001
 -0.16272302E+002 -0.13696932E+002 -0.66212110E+001 -0.82875698E+000 -0.11129375E+001
 -0.16437968E+002 -0.13696932E+002 -0.67868774E+001 -0.97050258E+000 -0.78152603E+000
 -0.16430041E+002 -0.13696932E+002 -0.67789504E+001 -0.19552386E+001  0.17573600E+000
 -0.14780561E+002 -0.13437284E+002 -0.64806727E+001 -0.18665056E+001 -0.11825636E+000
 -0.15415290E+002 -0.13205388E+002 -0.64222551E+001 -0.19041047E+001 -0.11208839E+001
 -0.15426040E+002 -0.13205388E+002 -0.64330052E+001 -0.19133024E+001 -0.15290265E+000
 -0.14682280E+002 -0.13007010E+002 -0.63823924E+001 -0.89995248E+000 -0.11713672E+001
 -0.16087413E+002 -0.12850999E+002 -0.60745464E+001 -0.79565253E+000 -0.10301331E+001
 -0.16215383E+002 -0.12850999E+002 -0.62025170E+001 -0.19551141E+001 -0.19188443E+001
 -0.16223797E+002 -0.12850999E+002 -0.62109305E+001 -0.99513245E+000 -0.78919259E+000
 -0.16390319E+002 -0.12850999E+002 -0.63774524E+001 -0.10227907E+001 -0.18365658E+001
 -0.16149153E+002 -0.12850999E+002 -0.61362868E+001 -0.11437476E+001 -0.19964569E+001
 -0.14480073E+002 -0.12674276E+002 -0.60601148E+001 -0.11358834E+001 -0.86118094E+000
 -0.14465421E+002 -0.12522118E+002 -0.60454630E+001 -0.19519123E+001 -0.85190170E+000
 -0.15169843E+002 -0.12392377E+002 -0.60234020E+001 -0.18512825E+001  0.88311210E-001
 -0.15171278E+002 -0.12392377E+002 -0.60248368E+001 -0.11342396E+001 -0.86019312E+000
 -0.15101521E+002 -0.12275134E+002 -0.59550795E+001 -0.11401559E+001 -0.19974010E+001
 -0.15109365E+002 -0.12275134E+002 -0.59629235E+001 -0.93991273E+000 -0.11835249E+001
 -0.15039672E+002 -0.12164955E+002 -0.58764238E+001 -0.11060331E+001 -0.83735704E+000
 -0.15044107E+002 -0.12164955E+002 -0.58808580E+001 -0.19580367E+001  0.16005931E+000
 -0.15036102E+002 -0.12062937E+002 -0.58232562E+001 -0.18342173E+001  0.49179954E-001
 -0.15054502E+002 -0.12062937E+002 -0.58416567E+001 -0.11087692E+001 -0.11479385E+001
 -0.14325628E+002 -0.11968504E+002 -0.57736686E+001 -0.19843854E+001 -0.19265838E+001
 -0.14271241E+002 -0.11879405E+002 -0.57032811E+001 -0.10121242E+001 -0.11880902E+001
 -0.14866189E+002 -0.11791887E+002 -0.56050818E+001 -0.11806286E+001 -0.94940922E+000
 -0.14917384E+002 -0.11791887E+002 -0.56562773E+001 -0.81526811E+000 -0.10646669E+001
 -0.14123395E+002 -0.11703470E+002 -0.55554355E+001 -0.18624662E+001  0.89521054E-001
 -0.15565638E+002 -0.11622172E+002 -0.53394500E+001 -0.19400684E+001 -0.14403864E+000
 -0.15680295E+002 -0.11622172E+002 -0.54541076E+001 -0.11738579E+001 -0.93709950E+000
 -0.15742854E+002 -0.11622172E+002 -0.55166666E+001 -0.10444871E+001 -0.11778334E+001
 -0.15695144E+002 -0.11622172E+002 -0.54689565E+001 -0.18334304E+001  0.20331962E-001
 -0.15760994E+002 -0.11622172E+002 -0.55348065E+001 -0.11815076E+001 -0.10329059E+001
 -0.14579794E+002 -0.11531083E+002 -0.52538968E+001 -0.10234844E+001 -0.18604149E+001
 -0.14581563E+002 -0.11531083E+002 -0.52556658E+001 -0.95299201E+000 -0.11757338E+001
 -0.14567442E+002 -0.11440475E+002 -0.52415448E+001 -0.19914223E+001 -0.19541795E+001
 -0.14569452E+002 -0.11440475E+002 -0.52435544E+001 -0.19913708E+001 -0.19540333E+001
 -0.13857627E+002 -0.11356409E+002 -0.52248766E+001 -0.96027378E+000 -0.18627828E+001
 -0.14857925E+002 -0.11281226E+002 -0.50777727E+001 -0.18903342E+001 -0.10732374E+001
 -0.14884945E+002 -0.11281226E+002 -0.51047930E+001 -0.92658831E+000 -0.11632836E+001
 -0.14878509E+002 -0.11281226E+002 -0.50983570E+001 -0.19875614E+001 -0.19666382E+001
 -0.13747102E+002 -0.11200657E+002 -0.50655615E+001 -0.11017035E+001 -0.84993719E+000
 -0.15011159E+002 -0.11126389E+002 -0.49270641E+001 -0.96149023E+000 -0.81521999E+000
 -0.15104309E+002 -0.11126389E+002 -0.50202137E+001 -0.10384125E+001 -0.18707204E+001
 -0.15038718E+002 -0.11126389E+002 -0.49546230E+001 -0.81204512E+000 -0.10137183E+001
 -0.15072939E+002 -0.11126389E+002 -0.49888435E+001 -0.19221633E+001 -0.88989472E+000
 -0.14862044E+002 -0.11050950E+002 -0.47299401E+001 -0.10759724E+001 -0.11496019E+001
 -0.15037918E+002 -0.11050950E+002 -0.49058142E+001 -0.93516407E+000 -0.18816061E+001
 -0.15006362E+002 -0.11050950E+002 -0.48742575E+001 -0.94831886E+000 -0.11677284E+001
 -0.14949821E+002 -0.11050950E+002 -0.48177170E+001 -0.11631282E+001 -0.10515289E+001
 -0.13456069E+002 -0.10967425E+002 -0.46945107E+001 -0.11704955E+001 -0.10161275E+001
 -0.13438630E+002 -0.10887669E+002 -0.46770719E+001 -0.18635366E+001  0.60491292E-001
 -0.13306858E+002 -0.10814819E+002 -0.45135511E+001 -0.19322871E+001 -0.12303859E+000
 -0.13946739E+002 -0.10735323E+002 -0.44602852E+001 -0.19997821E+001  0.13553024E+000
 -0.13962411E+002 -0.10735323E+002 -0.44759571E+001 -0.18955343E+001  0.96006391E-001
 -0.13933151E+002 -0.10660141E+002 -0.44149483E+001 -0.93138996E+000 -0.18975578E+001
 -0.13952162E+002 -0.10660141E+002 -0.44339595E+001 -0.10341866E+001 -0.18836410E+001
 -0.13941188E+002 -0.10588193E+002 -0.44072365E+001 -0.11068678E+001 -0.19914298E+001
 -0.13944150E+002 -0.10588193E+002 -0.44101992E+001 -0.18771015E+001 -0.10061119E+001
 -0.13906718E+002 -0.10520572E+002 -0.43727671E+001 -0.10182335E+001 -0.18801318E+001
 -0.13913601E+002 -0.10520572E+002 -0.43796493E+001 -0.10185943E+001 -0.18800418E+001
 -0.13203655E+002 -0.10455087E+002 -0.43628509E+001 -0.82144617E+000 -0.99819836E+000
 -0.13202331E+002 -0.10394004E+002 -0.43452661E+001 -0.18554416E+001 -0.10699219E-001
 -0.14242589E+002 -0.10335446E+002 -0.42869121E+001 -0.84042746E+000 -0.10640326E+001
 -0.14254616E+002 -0.10335446E+002 -0.42989387E+001 -0.11039608E+001 -0.19973313E+001
 -0.14249712E+002 -0.10335446E+002 -0.42940350E+001 -0.19745457E+001 -0.11029513E+001
 -0.13059564E+002 -0.10277833E+002 -0.41859698E+001 -0.11511430E+001 -0.10526186E+001
 -0.12896962E+002 -0.10218701E+002 -0.40068391E+001 -0.11037296E+001 -0.87468606E+000
 -0.13551502E+002 -0.10152274E+002 -0.39682317E+001 -0.19369420E+001  0.11255706E+000
 -0.13560047E+002 -0.10152274E+002 -0.39767767E+001 -0.96676213E+000 -0.18920292E+001
 -0.13547823E+002 -0.10087612E+002 -0.39645529E+001 -0.18647008E+001  0.16745160E-001
 -0.13549348E+002 -0.10087612E+002 -0.39660774E+001 -0.92680885E+000 -0.11421966E+001
 -0.13847728E+002 -0.10026662E+002 -0.38589924E+001 -0.10902259E+001 -0.19679164E+001
 -0.13871497E+002 -0.10026662E+002 -0.38827612E+001 -0.84677810E+000 -0.10608621E+001
 -0.13883663E+002 -0.10026662E+002 -0.38949273E+001 -0.10252275E+001 -0.18950539E+001
 -0.12678660E+002 -0.99630175E+001 -0.37885370E+001 -0.93964306E+000 -0.11446583E+001
 -0.13353730E+002 -0.98989518E+001 -0.37704597E+001 -0.19340781E+001 -0.10719388E+001
 -0.13364791E+002 -0.98989518E+001 -0.37815210E+001 -0.10736585E+001 -0.19359930E+001
 -0.13713128E+002 -0.98387412E+001 -0.37063738E+001 -0.10730565E+001 -0.19388157E+001
 -0.13770477E+002 -0.98387412E+001 -0.37637226E+001 -0.18970959E+001 -0.75690938E-001
 -0.13723275E+002 -0.98387412E+001 -0.37165208E+001 -0.18959876E+001  0.72691582E-001
 -0.12606415E+002 -0.97783037E+001 -0.36982733E+001 -0.19379507E+001 -0.91730039E+000
 -0.13169191E+002 -0.97208611E+001 -0.35679020E+001 -0.18935291E+001  0.63771847E-001
 -0.13238565E+002 -0.97208611E+001 -0.36372760E+001 -0.18715655E+001 -0.10164536E-001
 -0.12467159E+002 -0.96592042E+001 -0.35590176E+001 -0.18959361E+001 -0.66746219E-001
 -0.13106307E+002 -0.96016997E+001 -0.34859701E+001 -0.90627356E+000 -0.86914309E+000
 -0.13124893E+002 -0.96016997E+001 -0.35045564E+001 -0.83818524E+000 -0.98113758E+000
 -0.13081506E+002 -0.95433203E+001 -0.34611687E+001 -0.10497499E+001 -0.11383832E+001
 -0.13100823E+002 -0.95433203E+001 -0.34804859E+001 -0.19101779E+001 -0.10308622E+001
 -0.12344563E+002 -0.94888905E+001 -0.33789070E+001 -0.19204570E+001 -0.86141929E-001
 -0.12312701E+002 -0.94329667E+001 -0.33470453E+001 -0.19574267E+001 -0.10711132E+001
 -0.12297753E+002 -0.93783368E+001 -0.33320973E+001 -0.97198419E+000 -0.19100965E+001
 -0.12294228E+002 -0.93267819E+001 -0.33087697E+001 -0.10123063E+001 -0.19093845E+001
 -0.12243054E+002 -0.92775861E+001 -0.32377925E+001 -0.98961258E+000 -0.11454682E+001
 -0.12199851E+002 -0.92282953E+001 -0.31747869E+001 -0.10933696E+001 -0.88514345E+000
 -0.13195055E+002 -0.91802164E+001 -0.30321580E+001 -0.19124890E+001  0.66694900E-001
 -0.13249789E+002 -0.91802164E+001 -0.30868918E+001 -0.93245296E+000 -0.19495236E+001
 -0.13226673E+002 -0.91802164E+001 -0.30637757E+001 -0.19292596E+001 -0.95311373E+000
 -0.12077445E+002 -0.91274934E+001 -0.30131599E+001 -0.10653838E+001 -0.19765332E+001
 -0.12062493E+002 -0.90764750E+001 -0.29982081E+001 -0.19993126E+001 -0.10654900E+001
 -0.11983183E+002 -0.90272201E+001 -0.29188979E+001 -0.19270506E+001  0.76614701E-001
 -0.11852540E+002 -0.89764998E+001 -0.27882556E+001 -0.18933349E+001 -0.69793810E-002
 -0.11812217E+002 -0.89227853E+001 -0.27268789E+001 -0.10053619E+001 -0.11350906E+001
 -0.12490208E+002 -0.88686686E+001 -0.27117224E+001 -0.10216699E+001 -0.19360620E+001
 -0.12495399E+002 -0.88686686E+001 -0.27169136E+001 -0.99841906E+000 -0.11352752E+001
 -0.12495399E+002 -0.88686686E+001 -0.27169136E+001 -0.99841906E+000 -0.11352752E+001
 -0.12414680E+002 -0.88176475E+001 -0.26146883E+001 -0.19988518E+001 -0.93989120E+000
 -0.12490085E+002 -0.88176475E+001 -0.26900932E+001 -0.19333197E+001  0.73629898E-001
 -0.12397544E+002 -0.87653932E+001 -0.25760465E+001 -0.11319156E+001 -0.10064564E+001
 -0.12433381E+002 -0.87653932E+001 -0.26118835E+001 -0.19249631E+001  0.63299177E-001
 -0.12342139E+002 -0.87138274E+001 -0.25206413E+001 -0.95063392E+000 -0.19643131E+001
 -0.12361394E+002 -0.87138274E+001 -0.25398965E+001 -0.86572562E+000 -0.94915929E+000
 -0.12747669E+002 -0.86652260E+001 -0.24561675E+001 -0.90286370E+000 -0.89760886E+000
 -0.12763993E+002 -0.86652260E+001 -0.24724914E+001 -0.10602892E+001 -0.11119149E+001
 -0.12764212E+002 -0.86652260E+001 -0.24727108E+001 -0.19649402E+001 -0.83095800E-001
 -0.11608948E+002 -0.86158658E+001 -0.24160590E+001 -0.19404071E+001  0.68896027E-001
 -0.12218812E+002 -0.85679656E+001 -0.23112694E+001 -0.10077049E+001 -0.19525764E+001
 -0.12264674E+002 -0.85679656E+001 -0.23571318E+001 -0.92797271E+000 -0.88063857E+000
 -0.11508389E+002 -0.85173311E+001 -0.22939938E+001 -0.94175568E+000 -0.87454449E+000
 -0.11512841E+002 -0.84693582E+001 -0.22764672E+001 -0.11238413E+001 -0.10185122E+001
 -0.12202526E+002 -0.84227910E+001 -0.22730043E+001 -0.86330715E+000 -0.98169454E+000
 -0.12202548E+002 -0.84227910E+001 -0.22730262E+001 -0.10484611E+001 -0.87527373E+000
 -0.12553003E+002 -0.83791159E+001 -0.21955437E+001 -0.86547681E+000 -0.10117960E+001
 -0.12580510E+002 -0.83791159E+001 -0.22230508E+001 -0.19191888E+001  0.35378018E-001
 -0.12611915E+002 -0.83791159E+001 -0.22544555E+001 -0.10060954E+001 -0.19561237E+001
 -0.11433298E+002 -0.83349547E+001 -0.21519780E+001 -0.10185168E+001 -0.11211321E+001
 -0.12968258E+002 -0.82926982E+001 -0.20330487E+001 -0.96732376E+000 -0.87125285E+000
 -0.13032110E+002 -0.82926982E+001 -0.20969006E+001 -0.11106259E+001 -0.10461820E+001
 -0.13070792E+002 -0.82926982E+001 -0.21355828E+001 -0.87623607E+000 -0.10436366E+001
 -0.13074580E+002 -0.82926982E+001 -0.21393704E+001 -0.19262059E+001  0.41664270E-001
 -0.13046134E+002 -0.82926982E+001 -0.21109248E+001 -0.99378323E+000 -0.19668294E+001
 -0.12415238E+002 -0.82471500E+001 -0.19908544E+001 -0.87997637E+000 -0.10442404E+001
 -0.12455411E+002 -0.82471500E+001 -0.20310272E+001 -0.19900000E+001 -0.72332249E-001
 -0.12443478E+002 -0.82471500E+001 -0.20190940E+001 -0.98774258E+000 -0.19938776E+001
 -0.11309542E+002 -0.82027376E+001 -0.19612977E+001 -0.90178990E+000 -0.10758888E+001
 -0.12349055E+002 -0.81617034E+001 -0.18362401E+001 -0.94293978E+000 -0.11040370E+001
 -0.12395236E+002 -0.81617034E+001 -0.18824216E+001 -0.10341734E+001 -0.11106004E+001
 -0.12429481E+002 -0.81617034E+001 -0.19166662E+001 -0.98179197E+000 -0.11175901E+001
 -0.11939760E+002 -0.81171514E+001 -0.18324104E+001 -0.10588861E+001 -0.10969925E+001
 -0.11943170E+002 -0.81171514E+001 -0.18358199E+001 -0.10701339E+001 -0.90043868E+000
 -0.11236088E+002 -0.80743397E+001 -0.18218851E+001 -0.87493267E+000 -0.97262220E+000
 -0.11215718E+002 -0.80328603E+001 -0.18015155E+001 -0.10086595E+001 -0.11149163E+001
 -0.12246995E+002 -0.79940012E+001 -0.16887176E+001 -0.19911087E+001 -0.58779452E-001
 -0.12284556E+002 -0.79940012E+001 -0.17262786E+001 -0.92656018E+000 -0.89799158E+000
 -0.12337633E+002 -0.79940012E+001 -0.17793559E+001 -0.91454667E+000 -0.10830834E+001
 -0.11148255E+002 -0.79522215E+001 -0.16885903E+001 -0.10310534E+001 -0.88194810E+000
 -0.11134341E+002 -0.79130064E+001 -0.16516863E+001 -0.92869049E+000 -0.10907356E+001
 -0.11149103E+002 -0.78747526E+001 -0.16434592E+001 -0.11074152E+001 -0.10266485E+001
 -0.11132851E+002 -0.78376096E+001 -0.16272074E+001 -0.19336147E+001 -0.71661263E-003
 -0.12203436E+002 -0.78012207E+001 -0.15991798E+001 -0.11012034E+001 -0.10403032E+001
 -0.12231454E+002 -0.78012207E+001 -0.16271983E+001 -0.10054521E+001 -0.87771975E+000
 -0.12223671E+002 -0.78012207E+001 -0.16194153E+001 -0.19705268E+001 -0.52141349E-001
 -0.12156758E+002 -0.77667794E+001 -0.15048737E+001 -0.97535460E+000 -0.11070360E+001
 -0.12251037E+002 -0.77667794E+001 -0.15991524E+001 -0.10745137E+001 -0.91149456E+000
 -0.12189863E+002 -0.77667794E+001 -0.15379788E+001 -0.94360324E+000 -0.89241504E+000
 -0.11048227E+002 -0.77302518E+001 -0.14949548E+001 -0.19679614E+001 -0.44439865E-001
 -0.11739645E+002 -0.76954991E+001 -0.14691278E+001 -0.94286306E+000 -0.89466629E+000
 -0.11760168E+002 -0.76954991E+001 -0.14896512E+001 -0.19458244E+001 -0.22331530E-001
 -0.11616616E+002 -0.76610500E+001 -0.13460998E+001 -0.19829109E+001 -0.40627747E-001
 -0.11700655E+002 -0.76610500E+001 -0.14301383E+001 -0.19916447E+001 -0.46107895E-001
 -0.11586472E+002 -0.76234695E+001 -0.13159551E+001 -0.19754161E+001  0.36541663E-001
 -0.11588946E+002 -0.76234695E+001 -0.13184297E+001 -0.19876763E+001 -0.39420959E-001
 -0.11567120E+002 -0.75861622E+001 -0.12966035E+001 -0.10991644E+001 -0.96445869E+000
 -0.11568586E+002 -0.75861622E+001 -0.12980693E+001 -0.10104339E+001 -0.88645013E+000
 -0.10869063E+002 -0.75495068E+001 -0.12916932E+001 -0.19839368E+001  0.37242833E-001
 -0.10868118E+002 -0.75139766E+001 -0.12907482E+001 -0.10633512E+001 -0.91118368E+000
 -0.10862399E+002 -0.74805466E+001 -0.12576301E+001 -0.10171749E+001 -0.11003602E+001
 -0.11535395E+002 -0.74471269E+001 -0.12374793E+001 -0.95151526E+000 -0.89660949E+000
 -0.11548889E+002 -0.74471269E+001 -0.12509738E+001 -0.19882400E+001 -0.34829836E-001
 -0.10893833E+002 -0.74167055E+001 -0.12068264E+001 -0.19919945E+001 -0.31423420E-001
 -0.11963815E+002 -0.73862771E+001 -0.11781962E+001 -0.10630011E+001 -0.91452865E+000
 -0.11977863E+002 -0.73862771E+001 -0.11922439E+001 -0.19886614E+001  0.30269659E-001
 -0.11967350E+002 -0.73862771E+001 -0.11817316E+001 -0.19747911E+001 -0.25215858E-001
 -0.10853957E+002 -0.73559026E+001 -0.11669502E+001 -0.19643795E+001 -0.11857573E-001
 -0.12234077E+002 -0.73269112E+001 -0.11326050E+001 -0.19977328E+001 -0.23545139E-001
 -0.12255017E+002 -0.73269112E+001 -0.11535449E+001 -0.10632375E+001 -0.91555357E+000
 -0.12240737E+002 -0.73269112E+001 -0.11392657E+001 -0.19952925E+001 -0.24907470E-001
 -0.12248894E+002 -0.73269112E+001 -0.11474224E+001 -0.19952898E+001  0.25723511E-001
 -0.11528995E+002 -0.72977664E+001 -0.11206707E+001 -0.10235382E+001 -0.89409041E+000
 -0.11533101E+002 -0.72977664E+001 -0.11247765E+001 -0.10538726E+001 -0.10803844E+001
 -0.12218006E+002 -0.72714048E+001 -0.10319771E+001 -0.19795373E+001 -0.19287071E-004
 -0.12238527E+002 -0.72714048E+001 -0.10524980E+001 -0.97733390E+000 -0.89322337E+000
 -0.12221716E+002 -0.72714048E+001 -0.10356871E+001 -0.19928929E+001 -0.10822011E-001
 -0.12218246E+002 -0.72714048E+001 -0.10322163E+001 -0.19918128E+001  0.10240909E-001
 -0.11523608E+002 -0.72433714E+001 -0.10307259E+001 -0.19897090E+001 -0.10046164E-001
 -0.11523793E+002 -0.72433714E+001 -0.10309109E+001 -0.96942671E+000 -0.10936075E+001
 -0.10798706E+002 -0.72160687E+001 -0.99897091E+000 -0.95655419E+000 -0.90105839E+000
 -0.11885398E+002 -0.71894191E+001 -0.95806309E+000 -0.92093696E+000 -0.10617406E+001
 -0.11898607E+002 -0.71894191E+001 -0.97127263E+000 -0.10127579E+001 -0.89546012E+000
 -0.11904922E+002 -0.71894191E+001 -0.97758769E+000 -0.92143394E+000 -0.10630209E+001
 -0.11849581E+002 -0.71638743E+001 -0.86508832E+000 -0.10049142E+001 -0.89719595E+000
 -0.11905517E+002 -0.71638743E+001 -0.92102436E+000 -0.98673288E+000 -0.10937553E+001
 -0.11853440E+002 -0.71638743E+001 -0.86894738E+000 -0.10905932E+001 -0.97523089E+000
 -0.10777153E+002 -0.71380288E+001 -0.83570192E+000 -0.10056940E+001 -0.89810410E+000
 -0.10765179E+002 -0.71120927E+001 -0.82372817E+000 -0.99759053E+000 -0.89783823E+000
 -0.10750954E+002 -0.70865116E+001 -0.80950346E+000 -0.92391568E+000 -0.10591273E+001
 -0.12744823E+002 -0.70626045E+001 -0.66677240E+000 -0.93547475E+000 -0.92482845E+000
 -0.12777357E+002 -0.70626045E+001 -0.69930623E+000 -0.96634495E+000 -0.10832889E+001
 -0.12805610E+002 -0.70626045E+001 -0.72755983E+000 -0.10636501E+001 -0.93164210E+000
 -0.12758800E+002 -0.70626045E+001 -0.68074911E+000 -0.96695734E+000 -0.90644550E+000
 -0.12781388E+002 -0.70626045E+001 -0.70333773E+000 -0.94039597E+000 -0.91959003E+000
 -0.12801021E+002 -0.70626045E+001 -0.72297017E+000 -0.98806348E+000 -0.10883950E+001
 -0.12841408E+002 -0.70626045E+001 -0.76335775E+000 -0.10292032E+001 -0.10830949E+001
 -0.12855944E+002 -0.70626045E+001 -0.77789309E+000 -0.10854508E+001 -0.10239762E+001
 -0.12041255E+002 -0.70378174E+001 -0.57411371E+000 -0.98551276E+000 -0.10838457E+001
 -0.12071875E+002 -0.70378174E+001 -0.60473392E+000 -0.10835976E+001 -0.10118610E+001
 -0.12083458E+002 -0.70378174E+001 -0.61631647E+000 -0.10255629E+001 -0.90936986E+000
 -0.12115466E+002 -0.70378174E+001 -0.64832430E+000 -0.98927475E+000 -0.10863462E+001
 -0.10629055E+002 -0.70113125E+001 -0.54820828E+000 -0.94124074E+000 -0.92455057E+000
 -0.10627504E+002 -0.69848233E+001 -0.54665642E+000 -0.93370908E+000 -0.10585255E+001
 -0.11348404E+002 -0.69603582E+001 -0.51883996E+000 -0.10745966E+001 -0.10311894E+001
 -0.11349679E+002 -0.69603582E+001 -0.52011458E+000 -0.98182591E+000 -0.90766377E+000
 -0.11724692E+002 -0.69364675E+001 -0.46226422E+000 -0.10047565E+001 -0.90898267E+000
 -0.11725294E+002 -0.69364675E+001 -0.46286532E+000 -0.92788229E+000 -0.94114017E+000
 -0.11758230E+002 -0.69364675E+001 -0.49580155E+000 -0.96176443E+000 -0.91424243E+000
 -0.10602594E+002 -0.69117928E+001 -0.43877847E+000 -0.91075357E+000 -0.97874424E+000
 -0.10631329E+002 -0.68884638E+001 -0.41194302E+000 -0.10245600E+001 -0.10739161E+001
 -0.10622378E+002 -0.68650538E+001 -0.40299232E+000 -0.10470448E+001 -0.10606419E+001
 -0.10617593E+002 -0.68419760E+001 -0.39820765E+000 -0.93397712E+000 -0.10524979E+001
 -0.11236520E+002 -0.68193119E+001 -0.32398671E+000 -0.91698602E+000 -0.96954696E+000
 -0.11284117E+002 -0.68193119E+001 -0.37158440E+000 -0.98317054E+000 -0.10773377E+001
 -0.11284117E+002 -0.68193119E+001 -0.37158440E+000 -0.98317054E+000 -0.10773377E+001
 -0.12205129E+002 -0.67961562E+001 -0.16413096E+000 -0.10673447E+001 -0.97061237E+000
 -0.12218173E+002 -0.67961562E+001 -0.17717506E+000 -0.10187718E+001 -0.92157706E+000
 -0.12205736E+002 -0.67961562E+001 -0.16473795E+000 -0.95810836E+000 -0.92783016E+000
 -0.12227884E+002 -0.67961562E+001 -0.18688603E+000 -0.92824049E+000 -0.95590998E+000
 -0.12303506E+002 -0.67961562E+001 -0.26250814E+000 -0.10742085E+001 -0.10037379E+001
 -0.12214246E+002 -0.67961562E+001 -0.17324794E+000 -0.92578570E+000 -0.10284963E+001
 -0.11084749E+002 -0.67696531E+001 -0.14236316E+000 -0.94147420E+000 -0.94139346E+000
 -0.11102517E+002 -0.67696531E+001 -0.16013086E+000 -0.91967011E+000 -0.10094357E+001
 -0.10390228E+002 -0.67432736E+001 -0.14098895E+000 -0.10241362E+001 -0.10646229E+001
 -0.10388205E+002 -0.67175372E+001 -0.13896628E+000 -0.95774022E+000 -0.92905252E+000
 -0.10384933E+002 -0.66931976E+001 -0.10290428E+000 -0.10605447E+001 -0.10295902E+001
 -0.10384629E+002 -0.66685746E+001 -0.10260076E+000 -0.10691675E+001 -0.99042636E+000
 -0.11064652E+002 -0.66453281E+001 -0.55574444E-001 -0.96284632E+000 -0.10600219E+001
 -0.11107574E+002 -0.66453281E+001 -0.98496676E-001 -0.92100918E+000 -0.98546720E+000
 -0.11066218E+002 -0.66223131E+001 -0.23238804E-001 -0.10633077E+001 -0.97409903E+000
 -0.11073182E+002 -0.66223131E+001 -0.30203534E-001 -0.98218420E+000 -0.10655658E+001
 -0.11694074E+002 -0.65990850E+001  0.42051614E-001 -0.94335741E+000 -0.10408248E+001
 -0.11732231E+002 -0.65990850E+001  0.38951930E-002 -0.10239983E+001 -0.93054180E+000
 -0.11715632E+002 -0.65990850E+001  0.20494135E-001 -0.10344885E+001 -0.93729800E+000
 -0.11747615E+002 -0.65990850E+001 -0.11489094E-001 -0.95190882E+000 -0.93834857E+000
 -0.10303138E+002 -0.65748711E+001  0.46694105E-001 -0.99808071E+000 -0.92575415E+000
 -0.11415175E+002 -0.65519595E+001  0.69636723E-001 -0.10207515E+001 -0.93178880E+000
 -0.11422958E+002 -0.65519595E+001  0.61853269E-001 -0.93507132E+000 -0.96175994E+000
 -0.11424610E+002 -0.65519595E+001  0.60201576E-001 -0.98302148E+000 -0.10623331E+001
 -0.10311543E+002 -0.65290472E+001  0.74656820E-001 -0.93095542E+000 -0.97174497E+000
 -0.11741884E+002 -0.65095089E+001  0.17371060E+000 -0.97644744E+000 -0.10562047E+001
 -0.11757880E+002 -0.65095089E+001  0.15771456E+000 -0.10526057E+001 -0.10240067E+001
 -0.11782275E+002 -0.65095089E+001  0.13331910E+000 -0.10600008E+001 -0.10036538E+001
 -0.11744713E+002 -0.65095089E+001  0.17088150E+000 -0.94846900E+000 -0.95074128E+000
 -0.11721232E+002 -0.64883706E+001  0.19436221E+000 -0.10546093E+001 -0.10156268E+001
 -0.11731107E+002 -0.64883706E+001  0.18448705E+000 -0.10567477E+001 -0.10098548E+001
 -0.11724504E+002 -0.64883706E+001  0.19109036E+000 -0.97556901E+000 -0.10551921E+001
 -0.11727700E+002 -0.64883706E+001  0.18789463E+000 -0.10565940E+001 -0.97999992E+000
 -0.11686182E+002 -0.64672425E+001  0.22941304E+000 -0.10480631E+001 -0.10262379E+001
 -0.11688449E+002 -0.64672425E+001  0.22714597E+000 -0.10558857E+001 -0.98443418E+000
 -0.11715452E+002 -0.64672425E+001  0.20014285E+000 -0.10377513E+001 -0.10409111E+001
 -0.11703714E+002 -0.64672425E+001  0.21188048E+000 -0.10559147E+001 -0.98137761E+000
 -0.10287934E+002 -0.64458213E+001  0.24136593E+000 -0.10170567E+001 -0.10520120E+001
 -0.10284980E+002 -0.64245998E+001  0.24431977E+000 -0.94816298E+000 -0.95558204E+000
 -0.10973907E+002 -0.64037585E+001  0.24854041E+000 -0.10468092E+001 -0.10267701E+001
 -0.10978056E+002 -0.64037585E+001  0.24439134E+000 -0.94811181E+000 -0.95564728E+000
 -0.10283635E+002 -0.63840693E+001  0.28648751E+000 -0.10535633E+001 -0.10041315E+001
 -0.11838635E+002 -0.63640209E+001  0.34092538E+000 -0.10081796E+001 -0.10503078E+001
 -0.11849571E+002 -0.63640209E+001  0.32998921E+000 -0.95111758E+000 -0.95782093E+000
 -0.11877096E+002 -0.63640209E+001  0.30246370E+000 -0.10321700E+001 -0.10401092E+001
 -0.11843768E+002 -0.63640209E+001  0.33579192E+000 -0.98367956E+000 -0.93872716E+000
 -0.11857850E+002 -0.63640209E+001  0.32170977E+000 -0.95099179E+000 -0.10324218E+001
 -0.10268956E+002 -0.63441341E+001  0.34372622E+000 -0.10508039E+001 -0.10052703E+001
 -0.11336041E+002 -0.63245808E+001  0.37525275E+000 -0.95317748E+000 -0.95857494E+000
 -0.11360903E+002 -0.63245808E+001  0.35039123E+000 -0.94700362E+000 -0.96495161E+000
 -0.11345012E+002 -0.63245808E+001  0.36628211E+000 -0.10495030E+001 -0.98336948E+000
 -0.10211833E+002 -0.63047944E+001  0.40084904E+000 -0.95112973E+000 -0.96303912E+000
 -0.10210979E+002 -0.62848938E+001  0.40170293E+000 -0.94071455E+000 -0.99790559E+000
 -0.10205337E+002 -0.62653650E+001  0.40734515E+000 -0.10132879E+001 -0.10455633E+001
 -0.11239586E+002 -0.62461029E+001  0.47170760E+000 -0.95715359E+000 -0.96108779E+000
 -0.11303523E+002 -0.62461029E+001  0.40777138E+000 -0.10286977E+001 -0.95300441E+000
 -0.11272430E+002 -0.62461029E+001  0.43886392E+000 -0.10401649E+001 -0.96865819E+000
 -0.10140096E+002 -0.62259611E+001  0.47258530E+000 -0.98887238E+000 -0.10452621E+001
 -0.11218226E+002 -0.62061999E+001  0.49306855E+000 -0.95045928E+000 -0.97278765E+000
 -0.11233916E+002 -0.62061999E+001  0.47737775E+000 -0.97037672E+000 -0.95083729E+000
 -0.11236982E+002 -0.62061999E+001  0.47431200E+000 -0.99029291E+000 -0.10453280E+001
 -0.11227296E+002 -0.61886025E+001  0.60178143E+000 -0.10070137E+001 -0.10369504E+001
 -0.11300421E+002 -0.61886025E+001  0.52865584E+000 -0.10003153E+001 -0.94734200E+000
 -0.11322012E+002 -0.61886025E+001  0.50706526E+000 -0.10438140E+001 -0.99722328E+000
 -0.11536083E+002 -0.61704029E+001  0.63783418E+000 -0.10002614E+001 -0.10361687E+001
 -0.11544788E+002 -0.61704029E+001  0.62912936E+000 -0.97338185E+000 -0.10310661E+001
 -0.11553254E+002 -0.61704029E+001  0.62066378E+000 -0.10005089E+001 -0.95261659E+000
 -0.11567527E+002 -0.61704029E+001  0.60639096E+000 -0.96269530E+000 -0.10240395E+001
 -0.10135623E+002 -0.61518784E+001  0.65200014E+000 -0.10214108E+001 -0.96404361E+000
 -0.10132318E+002 -0.61334338E+001  0.65530564E+000 -0.95444115E+000 -0.99719114E+000
 -0.11476224E+002 -0.61152638E+001  0.69769317E+000 -0.10016994E+001 -0.10320678E+001
 -0.11511742E+002 -0.61152638E+001  0.66217606E+000 -0.98846794E+000 -0.95534995E+000
 -0.11500733E+002 -0.61152638E+001  0.67318498E+000 -0.98112191E+000 -0.95806000E+000
 -0.11489449E+002 -0.61152638E+001  0.68446902E+000 -0.99420869E+000 -0.10335501E+001
 -0.10050819E+002 -0.60966525E+001  0.73680450E+000 -0.10262202E+001 -0.97925045E+000
 -0.10812713E+002 -0.60790041E+001  0.74216500E+000 -0.96127561E+000 -0.98673274E+000
 -0.10813392E+002 -0.60790041E+001  0.74148646E+000 -0.10180897E+001 -0.10207316E+001
 -0.10793614E+002 -0.60615694E+001  0.76126426E+000 -0.10035591E+001 -0.96285290E+000
 -0.10793778E+002 -0.60615694E+001  0.76110049E+000 -0.96927239E+000 -0.10159997E+001
 -0.10858563E+002 -0.60454384E+001  0.77635816E+000 -0.10161437E+001 -0.10189252E+001
 -0.10865468E+002 -0.60454384E+001  0.76945264E+000 -0.99906309E+000 -0.10272434E+001
 -0.10848974E+002 -0.60293241E+001  0.78594721E+000 -0.96797764E+000 -0.10107586E+001
 -0.10849115E+002 -0.60293241E+001  0.78580634E+000 -0.98128899E+000 -0.96681087E+000
 -0.10154200E+002 -0.60133137E+001  0.78757387E+000 -0.10218154E+001 -0.10106277E+001
 -0.10840922E+002 -0.59975302E+001  0.79399877E+000 -0.98155508E+000 -0.96742867E+000
 -0.10844968E+002 -0.59975302E+001  0.78995310E+000 -0.10209985E+001 -0.10115914E+001
 -0.10136777E+002 -0.59818926E+001  0.80499734E+000 -0.99732628E+000 -0.96534122E+000
 -0.11448694E+002 -0.59663267E+001  0.87937399E+000 -0.10144462E+001 -0.10060790E+001
 -0.11513177E+002 -0.59663267E+001  0.81489154E+000 -0.97351733E+000 -0.97569190E+000
 -0.11476509E+002 -0.59663267E+001  0.85155905E+000 -0.10156231E+001 -0.98022370E+000
 -0.11486933E+002 -0.59663267E+001  0.84113558E+000 -0.99100751E+000 -0.10210558E+001
 -0.10749786E+002 -0.59498257E+001  0.88513500E+000 -0.10144343E+001 -0.10047098E+001
 -0.10754102E+002 -0.59498257E+001  0.88081927E+000 -0.10077888E+001 -0.97672969E+000
 -0.10055317E+002 -0.59334996E+001  0.88645663E+000 -0.10140388E+001 -0.98477065E+000
 -0.10039891E+002 -0.59174146E+001  0.90188287E+000 -0.99972406E+000 -0.10141220E+001
 -0.10038723E+002 -0.59013402E+001  0.90305080E+000 -0.10132140E+001 -0.98782995E+000
 -0.10032883E+002 -0.58855017E+001  0.90889106E+000 -0.10004936E+001 -0.10129571E+001
 -0.10433270E+002 -0.58750197E+001  0.91396875E+000 -0.10124492E+001 -0.99015618E+000
 -0.12002089E+002 -0.58645938E+001  0.95458840E+000 -0.10055270E+001 -0.99848657E+000
 -0.12009733E+002 -0.58645938E+001  0.94694357E+000 -0.10050999E+001 -0.10026937E+001
 -0.12003428E+002 -0.58645938E+001  0.95324864E+000 -0.99954509E+000 -0.98447019E+000
 -0.12007288E+002 -0.58645938E+001  0.94938890E+000 -0.10072185E+001 -0.99517183E+000
 -0.12024841E+002 -0.58645938E+001  0.93183632E+000 -0.98489203E+000 -0.98321774E+000
