  0.19248249E-002  0.13159348E+002  0.18376971E+001 -0.85230074E-001
  0.10007843E-002  0.11905582E+002  0.18227774E+001 -0.85324238E-002
  0.77263697E-003  0.12423042E+002  0.18652689E+001 -0.11050157E+000
  0.80637372E-003  0.12337567E+002  0.18188045E+001 -0.99333672E-002
  0.30130023E-002  0.11898501E+002  0.18245778E+001  0.23085938E-001
  0.55342277E-002  0.10491850E+002  0.18586234E+001 -0.74030711E-001
  0.62900941E-002  0.69384852E+001  0.18771259E+001  0.20050985E-001
  0.11377630E-002  0.10358310E+002  0.18525055E+001 -0.60648396E-001
  0.17979696E-002  0.94431212E+001  0.18546943E+001  0.43004035E-001
  0.51969454E-002  0.73202946E+001  0.19075362E+001  0.83435089E-001
  0.27137676E-001  0.64788784E+001  0.19307759E+001 -0.89549130E-001
  0.82910119E-002  0.60777930E+001  0.19842084E+001  0.10271334E+000
  0.78020774E-002  0.61993560E+001  0.19824799E+001  0.10418577E+000
  0.78476806E-002  0.61877010E+001  0.19265589E+001 -0.82018323E-001
  0.73816488E-002  0.63101430E+001  0.19790480E+001 -0.10529839E+000
  0.34330392E-001  0.60086632E+001  0.19015835E+001 -0.50700181E-001
  0.18008125E-001  0.57387620E+001  0.19430760E+001 -0.85938672E-001
  0.15855715E-001  0.59933466E+001  0.19317472E+001  0.82759417E-001
  0.39290039E-001  0.55647590E+001  0.19773203E+001  0.95060075E-001
  0.39290039E-001  0.55647590E+001  0.19773203E+001  0.95060075E-001
  0.15161680E-001  0.55647590E+001  0.19773203E+001  0.95060075E-001
  0.13730998E-001  0.55647590E+001  0.19773203E+001  0.95060075E-001
  0.14347866E-001  0.55647590E+001  0.19773203E+001  0.95060075E-001
  0.30388238E-001  0.55647590E+001  0.19773203E+001  0.95060075E-001
  0.24142079E-001  0.55647590E+001  0.19773203E+001  0.95060075E-001
  0.21986828E-001  0.55647590E+001  0.19773203E+001  0.95060075E-001
  0.18678709E-001  0.55647590E+001  0.19773203E+001  0.95060075E-001
  0.21804522E-001  0.55647590E+001  0.19773203E+001  0.95060075E-001
  0.66968990E-001  0.55647590E+001  0.19773203E+001  0.95060075E-001
  0.34741537E-001  0.55647590E+001  0.19773203E+001  0.95060075E-001
  0.34134345E-001  0.55647590E+001  0.19773203E+001  0.95060075E-001
  0.19591234E-001  0.55647590E+001  0.19773203E+001  0.95060075E-001
  0.18692008E-001  0.55647590E+001  0.19773203E+001  0.95060075E-001
  0.18339470E-001  0.55647590E+001  0.19773203E+001  0.95060075E-001
  0.18663015E-001  0.55647590E+001  0.19773203E+001  0.95060075E-001
  0.78617999E-001  0.55647590E+001  0.19773203E+001  0.95060075E-001
  0.78871739E-001  0.55647590E+001  0.19773203E+001  0.95060075E-001
  0.83757671E-001  0.55647590E+001  0.19773203E+001  0.95060075E-001
  0.88409167E-001  0.55647590E+001  0.19773203E+001  0.95060075E-001
  0.27323777E-001  0.55647590E+001  0.19773203E+001  0.95060075E-001
  0.22557956E-001  0.55647590E+001  0.19773203E+001  0.95060075E-001
  0.60326256E-001  0.55647590E+001  0.19773203E+001  0.95060075E-001
  0.40628123E-001  0.55647590E+001  0.19773203E+001  0.95060075E-001
  0.28456716E-001  0.55647590E+001  0.19773203E+001  0.95060075E-001
  0.22074161E-001  0.55647590E+001  0.19773203E+001  0.95060075E-001
