 -0.16380599E+002 -0.15293768E+002 -0.63618404E+001  0.15920429E+000 -0.19287280E+001
 -0.16658806E+002 -0.15293768E+002 -0.66400468E+001 -0.83002255E-001 -0.18350771E+001
 -0.16888346E+002 -0.15293768E+002 -0.68695871E+001 -0.89653952E-001 -0.18348259E+001
 -0.16707809E+002 -0.15293768E+002 -0.66890504E+001 -0.74664224E-001 -0.18292061E+001
 -0.16861933E+002 -0.15293768E+002 -0.68431738E+001 -0.12683007E+000 -0.18668443E+001
 -0.14633388E+002 -0.14305560E+002 -0.62240674E+001 -0.16170834E+000 -0.19416605E+001
 -0.14564320E+002 -0.13762953E+002 -0.61549987E+001  0.12370945E+000 -0.18801967E+001
 -0.15278377E+002 -0.13404260E+002 -0.61366877E+001 -0.16554315E+000 -0.19614300E+001
 -0.15282492E+002 -0.13404260E+002 -0.61408027E+001  0.12409275E+000 -0.18809952E+001
 -0.15098766E+002 -0.13136540E+002 -0.59570767E+001 -0.24627994E-001 -0.18247060E+001
 -0.15270428E+002 -0.13136540E+002 -0.61287393E+001 -0.16541342E+000 -0.19615087E+001
 -0.15246828E+002 -0.12905850E+002 -0.56196311E+001 -0.15853292E+000 -0.19799379E+001
 -0.15499903E+002 -0.12905850E+002 -0.58727060E+001 -0.65358927E-001 -0.18404298E+001
 -0.15563949E+002 -0.12905850E+002 -0.59367527E+001 -0.10268820E+000 -0.18645405E+001
 -0.14116484E+002 -0.12652216E+002 -0.55878991E+001 -0.36307748E-001 -0.18346073E+001
 -0.14104248E+002 -0.12444188E+002 -0.55756632E+001 -0.68350331E-001 -0.18481543E+001
 -0.14612370E+002 -0.12276806E+002 -0.53480786E+001  0.15326473E+000 -0.19787639E+001
 -0.14790404E+002 -0.12276806E+002 -0.55261126E+001 -0.74610890E-001 -0.18528600E+001
 -0.13894879E+002 -0.12112962E+002 -0.52403529E+001  0.59738040E-002 -0.18364804E+001
 -0.14874695E+002 -0.11978195E+002 -0.49674063E+001  0.49035930E-001 -0.18517347E+001
 -0.14942368E+002 -0.11978195E+002 -0.50350797E+001 -0.13230857E+000 -0.19278904E+001
 -0.15004478E+002 -0.11978195E+002 -0.50971889E+001 -0.14327153E+000 -0.19520913E+001
 -0.14197379E+002 -0.11824917E+002 -0.46955558E+001 -0.60237126E-001 -0.18629796E+001
 -0.14339654E+002 -0.11824917E+002 -0.48378305E+001  0.95507104E-001 -0.18850376E+001
 -0.14413765E+002 -0.11653908E+002 -0.45064759E+001  0.13676186E+000 -0.19957480E+001
 -0.14516967E+002 -0.11653908E+002 -0.46096787E+001 -0.73926600E-001 -0.18733071E+001
 -0.14536645E+002 -0.11653908E+002 -0.46293559E+001  0.47199052E-001 -0.18583437E+001
 -0.13210746E+002 -0.11480037E+002 -0.44020695E+001 -0.79032081E-001 -0.18822494E+001
 -0.13443370E+002 -0.11322971E+002 -0.39007245E+001 -0.47409604E-001 -0.18754272E+001
 -0.13899979E+002 -0.11322971E+002 -0.43573331E+001 -0.10562264E-001 -0.18551659E+001
 -0.13399686E+002 -0.11107886E+002 -0.38570402E+001  0.57949033E-001 -0.18819884E+001
 -0.13401283E+002 -0.11107886E+002 -0.38586379E+001 -0.10071918E+000 -0.19216132E+001
 -0.12542886E+002 -0.10937304E+002 -0.36100059E+001 -0.42660972E-001 -0.18806256E+001
 -0.13221091E+002 -0.10761049E+002 -0.35542420E+001  0.92148761E-001 -0.19214626E+001
 -0.13255070E+002 -0.10761049E+002 -0.35882206E+001 -0.51473925E-001 -0.18854208E+001
 -0.13420223E+002 -0.10603308E+002 -0.33479090E+001  0.10918021E+000 -0.19720226E+001
 -0.13544621E+002 -0.10603308E+002 -0.34723064E+001 -0.13294338E-001 -0.18759413E+001
 -0.13557222E+002 -0.10603308E+002 -0.34849076E+001  0.94955064E-001 -0.19282427E+001
 -0.13580018E+002 -0.10438328E+002 -0.32200218E+001 -0.10751593E+000 -0.19926076E+001
 -0.13590890E+002 -0.10438328E+002 -0.32308933E+001 -0.10155431E+000 -0.19547802E+001
 -0.13674241E+002 -0.10438328E+002 -0.33142445E+001  0.10944958E+000 -0.19996245E+001
 -0.13696341E+002 -0.10438328E+002 -0.33363447E+001 -0.99758683E-001 -0.19438428E+001
 -0.12153572E+002 -0.10278900E+002 -0.31798705E+001 -0.10251364E+000 -0.19618453E+001
 -0.12109978E+002 -0.10136182E+002 -0.31362760E+001  0.97181584E-001 -0.19501931E+001
 -0.12021975E+002 -0.10006094E+002 -0.30482730E+001  0.92557060E-001 -0.19455364E+001
 -0.12008447E+002 -0.98810458E+001 -0.30347452E+001  0.22305915E-001 -0.18889471E+001
 -0.12006640E+002 -0.97684794E+001 -0.30329382E+001 -0.94965587E-001 -0.19517695E+001
 -0.11992853E+002 -0.96671380E+001 -0.30191513E+001 -0.10043597E+000 -0.19707540E+001
 -0.12431970E+002 -0.95791585E+001 -0.27044958E+001 -0.45615546E-001 -0.19080513E+001
 -0.12478170E+002 -0.95791585E+001 -0.27506959E+001  0.95004289E-001 -0.19927747E+001
 -0.11685543E+002 -0.94699778E+001 -0.26512159E+001 -0.77131735E-004 -0.18970094E+001
 -0.11674161E+002 -0.93664362E+001 -0.26398345E+001  0.46251983E-001 -0.19105816E+001
 -0.11674161E+002 -0.93664362E+001 -0.26398345E+001  0.46251983E-001 -0.19105816E+001
 -0.12223684E+002 -0.92776428E+001 -0.24272172E+001 -0.75611427E-001 -0.19505676E+001
 -0.12291249E+002 -0.92776428E+001 -0.24947821E+001  0.10530333E-001 -0.19023791E+001
 -0.11997272E+002 -0.91777118E+001 -0.22008051E+001 -0.67331666E-001 -0.19505289E+001
 -0.12220743E+002 -0.91777118E+001 -0.24242759E+001 -0.68950658E-001 -0.19400539E+001
 -0.12052415E+002 -0.90793495E+001 -0.21128473E+001 -0.34181975E-001 -0.19227858E+001
 -0.12100738E+002 -0.90793495E+001 -0.21611701E+001  0.28325253E-001 -0.19181972E+001
 -0.12310726E+002 -0.89819574E+001 -0.19656934E+001  0.69920980E-001 -0.19883447E+001
 -0.12329408E+002 -0.89819574E+001 -0.19843749E+001  0.37422280E-001 -0.19299863E+001
 -0.12456143E+002 -0.89819574E+001 -0.21111102E+001  0.67199369E-001 -0.19566209E+001
 -0.12166533E+002 -0.88798417E+001 -0.18215007E+001  0.49413595E-001 -0.19488470E+001
 -0.12290540E+002 -0.88798417E+001 -0.19455076E+001 -0.53329243E-001 -0.19460805E+001
 -0.12250696E+002 -0.88798417E+001 -0.19056636E+001  0.54942765E-001 -0.19506585E+001
 -0.11098610E+002 -0.87813489E+001 -0.17721465E+001 -0.52389002E-001 -0.19563048E+001
 -0.11014539E+002 -0.86873640E+001 -0.16880762E+001  0.48552614E-001 -0.19569603E+001
 -0.11648681E+002 -0.85942645E+001 -0.16290709E+001  0.45099940E-001 -0.19566335E+001
 -0.11679046E+002 -0.85942645E+001 -0.16594356E+001 -0.42449895E-001 -0.19512279E+001
 -0.11608823E+002 -0.85041492E+001 -0.15892130E+001 -0.66484219E-002 -0.19358170E+001
 -0.11610394E+002 -0.85041492E+001 -0.15907836E+001 -0.54067955E-001 -0.19952488E+001
 -0.10890139E+002 -0.84265306E+001 -0.14583154E+001 -0.44013028E-001 -0.19716600E+001
 -0.10947324E+002 -0.83527092E+001 -0.14101397E+001  0.43116837E-001 -0.19770162E+001
 -0.12059368E+002 -0.82876640E+001 -0.13182110E+001  0.15874176E-001 -0.19536806E+001
 -0.12104951E+002 -0.82876640E+001 -0.13637941E+001 -0.41986378E-001 -0.19847027E+001
 -0.12059583E+002 -0.82876640E+001 -0.13184258E+001 -0.37482260E-001 -0.19775326E+001
 -0.10903974E+002 -0.82209044E+001 -0.12614295E+001 -0.35277511E-001 -0.19849700E+001
 -0.10876880E+002 -0.81547862E+001 -0.12343357E+001 -0.12859423E-001 -0.19587520E+001
 -0.11552063E+002 -0.80911197E+001 -0.12163709E+001 -0.31071507E-001 -0.19812785E+001
 -0.11569410E+002 -0.80911197E+001 -0.12337179E+001 -0.33529090E-001 -0.19878973E+001
 -0.12192382E+002 -0.80302125E+001 -0.11635433E+001 -0.23904005E-001 -0.19757355E+001
 -0.12235830E+002 -0.80302125E+001 -0.12069911E+001 -0.29257184E-001 -0.19782350E+001
 -0.12201504E+002 -0.80302125E+001 -0.11726651E+001 -0.27576256E-001 -0.19975208E+001
 -0.12225153E+002 -0.80302125E+001 -0.11963141E+001 -0.10915149E-001 -0.19612162E+001
 -0.10798848E+002 -0.79697809E+001 -0.11563033E+001  0.93124581E-002 -0.19643760E+001
 -0.11881934E+002 -0.79123917E+001 -0.11407770E+001  0.14551926E-001 -0.19687740E+001
 -0.11881976E+002 -0.79123917E+001 -0.11408190E+001 -0.24684093E-001 -0.19829900E+001
 -0.11881999E+002 -0.79123917E+001 -0.11408420E+001  0.16412109E-001 -0.19701856E+001
 -0.11463763E+002 -0.78572917E+001 -0.11280717E+001  0.22610298E-001 -0.19808835E+001
 -0.11468460E+002 -0.78572917E+001 -0.11327686E+001 -0.22951805E-001 -0.19804401E+001
 -0.11433589E+002 -0.78044195E+001 -0.10978977E+001  0.35606928E-002 -0.19691886E+001
 -0.11462799E+002 -0.78044195E+001 -0.11271068E+001  0.62661439E-002 -0.19664328E+001
