 -0.14945386E+002 -0.15120589E+002 -0.67092445E+001 -0.10761937E+001  0.20736264E+000
 -0.14865731E+002 -0.14336008E+002 -0.66295894E+001 -0.77627111E+000  0.57069921E-001
 -0.15487949E+002 -0.13881911E+002 -0.65345629E+001 -0.10986774E+001  0.19136641E+000
 -0.15536460E+002 -0.13881911E+002 -0.65830737E+001 -0.84641272E+000  0.15740983E+000
 -0.14624122E+002 -0.13564188E+002 -0.62932655E+001 -0.12144832E+001 -0.16455094E-002
 -0.15247914E+002 -0.13283619E+002 -0.61564694E+001 -0.91950702E+000 -0.20130118E+000
 -0.15375420E+002 -0.13283619E+002 -0.62839748E+001 -0.11860384E+001  0.95553830E-001
 -0.15153680E+002 -0.13041135E+002 -0.60402561E+001 -0.10810173E+001  0.19369123E+000
 -0.15248538E+002 -0.13041135E+002 -0.61351142E+001 -0.11430829E+001  0.14757621E+000
 -0.14419333E+002 -0.12824525E+002 -0.59990565E+001 -0.77735882E+000 -0.19383910E-001
 -0.15001712E+002 -0.12647112E+002 -0.58438365E+001 -0.11881070E+001  0.78327912E-001
 -0.15135745E+002 -0.12647112E+002 -0.59778697E+001 -0.84339963E+000  0.14260503E+000
 -0.14329925E+002 -0.12480087E+002 -0.58217113E+001 -0.11756157E+001 -0.99847468E-001
 -0.14869373E+002 -0.12342385E+002 -0.56048333E+001 -0.12028745E+001 -0.15060071E-001
 -0.15060410E+002 -0.12342385E+002 -0.57958708E+001 -0.11892826E+001  0.74235031E-001
 -0.14153756E+002 -0.12196954E+002 -0.55617445E+001 -0.99915970E+000  0.20959537E+000
 -0.14015679E+002 -0.12067308E+002 -0.54030479E+001 -0.98083331E+000  0.20640736E+000
 -0.13938320E+002 -0.11934084E+002 -0.53256892E+001 -0.86069384E+000 -0.14639385E+000
 -0.14583349E+002 -0.11807660E+002 -0.52775709E+001 -0.91708325E+000 -0.18527946E+000
 -0.14600145E+002 -0.11807660E+002 -0.52943672E+001 -0.10354496E+001 -0.19990819E+000
 -0.13756215E+002 -0.11692581E+002 -0.51220783E+001 -0.97039262E+000 -0.20045163E+000
 -0.14280268E+002 -0.11577735E+002 -0.49104243E+001 -0.82135819E+000 -0.89257361E-001
 -0.14359120E+002 -0.11577735E+002 -0.49892764E+001 -0.87298556E+000 -0.15063780E+000
 -0.13582556E+002 -0.11454387E+002 -0.48848057E+001 -0.11633975E+001 -0.93269305E-001
 -0.13577276E+002 -0.11341903E+002 -0.48795256E+001 -0.83150271E+000 -0.10364554E+000
 -0.14637063E+002 -0.11251503E+002 -0.44304159E+001 -0.11111866E+001  0.14359844E+000
 -0.14911814E+002 -0.11251503E+002 -0.47051670E+001 -0.84916491E+000 -0.12146846E+000
 -0.14685547E+002 -0.11251503E+002 -0.44789002E+001 -0.11725791E+001 -0.61787936E-001
 -0.14923254E+002 -0.11251503E+002 -0.47166076E+001 -0.11232541E+001 -0.13849255E+000
 -0.13240583E+002 -0.11124488E+002 -0.44202308E+001 -0.80442552E+000  0.21975410E-001
 -0.13781787E+002 -0.11010711E+002 -0.42682870E+001 -0.11049554E+001 -0.14555604E+000
 -0.13786756E+002 -0.11010711E+002 -0.42732568E+001 -0.11592281E+001 -0.81769747E-001
 -0.12971047E+002 -0.10894988E+002 -0.41304921E+001 -0.10541753E+001  0.17364528E+000
 -0.14200966E+002 -0.10776828E+002 -0.39741161E+001 -0.81507525E+000  0.35907300E-001
 -0.14283643E+002 -0.10776828E+002 -0.40567931E+001 -0.11175276E+001  0.13001675E+000
 -0.14207351E+002 -0.10776828E+002 -0.39805010E+001 -0.11455873E+001 -0.94969381E-001
 -0.14231761E+002 -0.10776828E+002 -0.40049114E+001 -0.90580633E+000  0.15594576E+000
 -0.14364939E+002 -0.10661142E+002 -0.38543209E+001 -0.11049474E+001 -0.13711862E+000
 -0.14404531E+002 -0.10661142E+002 -0.38939131E+001 -0.11062069E+001 -0.13686985E+000
 -0.14463582E+002 -0.10661142E+002 -0.39529638E+001 -0.11146345E+001 -0.13053180E+000
 -0.14411273E+002 -0.10661142E+002 -0.39006548E+001 -0.81298838E+000  0.17970490E-001
 -0.14476139E+002 -0.10661142E+002 -0.39655212E+001 -0.98921222E+000 -0.18275991E+000
 -0.13797235E+002 -0.10545005E+002 -0.37974426E+001 -0.11085718E+001  0.13276149E+000
 -0.13848375E+002 -0.10545005E+002 -0.38485829E+001 -0.82700055E+000  0.63331060E-001
 -0.13807138E+002 -0.10545005E+002 -0.38073464E+001 -0.82789095E+000  0.63605949E-001
 -0.12628764E+002 -0.10437279E+002 -0.37073819E+001 -0.83076612E+000  0.65766113E-001
 -0.12562880E+002 -0.10335293E+002 -0.36014925E+001 -0.11682639E+001 -0.24476181E-001
 -0.12564443E+002 -0.10234837E+002 -0.35832522E+001 -0.11365531E+001 -0.96732751E-001
 -0.12527358E+002 -0.10150050E+002 -0.34508572E+001 -0.11461227E+001  0.77878678E-001
 -0.12500091E+002 -0.10061307E+002 -0.34235906E+001 -0.11440825E+001 -0.80490954E-001
 -0.13746165E+002 -0.99776396E+001 -0.32833698E+001 -0.11619569E+001 -0.28114458E-001
 -0.13812489E+002 -0.99776396E+001 -0.33496943E+001 -0.10757375E+001 -0.14815177E+000
 -0.13751049E+002 -0.99776396E+001 -0.32882539E+001 -0.99039052E+000  0.17084578E+000
 -0.13883760E+002 -0.99776396E+001 -0.34209648E+001 -0.11521432E+001 -0.65173705E-001
 -0.12351200E+002 -0.98893135E+001 -0.32746996E+001 -0.10057815E+001 -0.17025751E+000
 -0.12328507E+002 -0.98074811E+001 -0.32520068E+001 -0.91819039E+000  0.14884582E+000
 -0.13877811E+002 -0.97343910E+001 -0.31336035E+001 -0.11222909E+001  0.10302442E+000
 -0.13925545E+002 -0.97343910E+001 -0.31813372E+001 -0.84267441E+000 -0.69369720E-001
 -0.13991289E+002 -0.97343910E+001 -0.32470812E+001 -0.85241115E+000 -0.87744770E-001
 -0.13902788E+002 -0.97343910E+001 -0.31585806E+001 -0.10008910E+001  0.16845082E+000
 -0.13985941E+002 -0.97343910E+001 -0.32417331E+001 -0.10114151E+001 -0.16911106E+000
 -0.12226681E+002 -0.96580390E+001 -0.30919115E+001 -0.11613272E+001  0.39834954E-003
 -0.12237841E+002 -0.95855642E+001 -0.30836536E+001 -0.82747013E+000  0.15185708E-001
 -0.12189584E+002 -0.95211122E+001 -0.29782382E+001 -0.11298780E+001  0.88720801E-001
 -0.12139335E+002 -0.94540536E+001 -0.29279894E+001 -0.10403870E+001  0.15673960E+000
 -0.12123847E+002 -0.93880768E+001 -0.29125014E+001 -0.85605977E+000 -0.82814208E-001
 -0.12116983E+002 -0.93275490E+001 -0.28671704E+001 -0.10825651E+001  0.13380476E+000
 -0.13088504E+002 -0.92720516E+001 -0.26659713E+001 -0.11433897E+001 -0.52233382E-001
 -0.13184759E+002 -0.92720516E+001 -0.27622260E+001 -0.11517764E+001 -0.31154978E-001
 -0.13142836E+002 -0.92720516E+001 -0.27203032E+001 -0.10778661E+001 -0.13392932E+000
 -0.13142836E+002 -0.92720516E+001 -0.27203032E+001 -0.10778661E+001 -0.13392932E+000
 -0.12526490E+002 -0.92102975E+001 -0.24737048E+001 -0.11499620E+001  0.10126865E-002
 -0.12688914E+002 -0.92102975E+001 -0.26361289E+001 -0.11412838E+001  0.55945520E-001
 -0.12823953E+002 -0.91414170E+001 -0.23480031E+001 -0.88450018E+000 -0.10253790E+000
 -0.12949509E+002 -0.91414170E+001 -0.24735583E+001 -0.11499594E+001  0.10011744E-002
 -0.12921568E+002 -0.91414170E+001 -0.24456175E+001 -0.11469070E+001 -0.25950556E-001
 -0.11728449E+002 -0.90722274E+001 -0.22989255E+001 -0.89339526E+000 -0.11005669E+000
 -0.11639260E+002 -0.90043697E+001 -0.22097368E+001 -0.11416033E+001 -0.29478202E-001
 -0.13547326E+002 -0.89394968E+001 -0.17473951E+001 -0.94764475E+000 -0.13238996E+000
 -0.13880448E+002 -0.89394968E+001 -0.20805168E+001 -0.11126306E+001 -0.85329738E-001
 -0.13732208E+002 -0.89394968E+001 -0.19322763E+001 -0.88757966E+000 -0.94511616E-001
 -0.13623694E+002 -0.89394968E+001 -0.18237628E+001 -0.10662974E+001 -0.12174823E+000
 -0.13578776E+002 -0.89394968E+001 -0.17788446E+001 -0.87474141E+000 -0.73123370E-001
 -0.13880669E+002 -0.89394968E+001 -0.20807373E+001 -0.87707264E+000  0.86338887E-001
 -0.13713023E+002 -0.89394968E+001 -0.19130917E+001 -0.10532649E+001 -0.13100870E+000
 -0.13867204E+002 -0.89394968E+001 -0.20672724E+001 -0.10672278E+001 -0.12664617E+000
 -0.13855835E+002 -0.89394968E+001 -0.20559036E+001 -0.11281181E+001 -0.59034880E-001
 -0.13769308E+002 -0.89394968E+001 -0.19693769E+001 -0.97532858E+000  0.14450635E+000
 -0.11241977E+002 -0.88444281E+001 -0.17446304E+001 -0.11262505E+001  0.48369195E-001
 -0.11156678E+002 -0.87626946E+001 -0.15937343E+001 -0.92776492E+000  0.11918831E+000
 -0.11816946E+002 -0.86779735E+001 -0.15291070E+001 -0.89670015E+000 -0.92795248E-001
 -0.11881003E+002 -0.86779735E+001 -0.15931635E+001 -0.10061742E+001 -0.13787332E+000
 -0.11102507E+002 -0.85948698E+001 -0.15078152E+001 -0.11273601E+001 -0.29438403E-001
 -0.11055784E+002 -0.85165574E+001 -0.14610916E+001 -0.11045704E+001 -0.76130761E-001
 -0.11738929E+002 -0.84417706E+001 -0.14348295E+001 -0.87911110E+000  0.67189202E-001
 -0.11763786E+002 -0.84417706E+001 -0.14596859E+001 -0.10734762E+001 -0.10806418E+000
 -0.12110188E+002 -0.83736367E+001 -0.13526135E+001 -0.11247038E+001 -0.26690525E-001
 -0.12183517E+002 -0.83736367E+001 -0.14259426E+001 -0.86845425E+000 -0.45906111E-001
 -0.12161388E+002 -0.83736367E+001 -0.14038135E+001 -0.99830502E+000  0.13437989E+000
 -0.10996725E+002 -0.83045692E+001 -0.13377627E+001 -0.10702859E+001 -0.10736669E+000
 -0.10993642E+002 -0.82390299E+001 -0.13346797E+001 -0.11052896E+001 -0.70588968E-001
 -0.12276435E+002 -0.81801471E+001 -0.11831696E+001 -0.10235087E+001  0.12614363E+000
 -0.12377229E+002 -0.81801471E+001 -0.12839634E+001 -0.95562096E+000 -0.12520295E+000
 -0.12408798E+002 -0.81801471E+001 -0.13155322E+001 -0.10633361E+001  0.11161841E+000
 -0.12409509E+002 -0.81801471E+001 -0.13162438E+001 -0.98865913E+000  0.13239553E+000
 -0.10873360E+002 -0.81185697E+001 -0.11198686E+001 -0.11207154E+001  0.21531906E-001
 -0.10837226E+002 -0.80586765E+001 -0.10534298E+001 -0.10784289E+001 -0.93054016E-001
 -0.10829371E+002 -0.79984015E+001 -0.10455749E+001 -0.96453575E+000 -0.12257719E+000
 -0.11499866E+002 -0.79427816E+001 -0.99261721E+000 -0.93416018E+000 -0.10846600E+000
 -0.11537066E+002 -0.79427816E+001 -0.10298168E+001 -0.11206975E+001 -0.36185154E-002
 -0.10798664E+002 -0.78873056E+001 -0.98456185E+000 -0.11157259E+001  0.30142473E-001
 -0.10797685E+002 -0.78343320E+001 -0.98358314E+000 -0.10262502E+001 -0.12090132E+000
 -0.10785059E+002 -0.77847318E+001 -0.95545270E+000 -0.11142447E+001  0.33013291E-001
 -0.11473837E+002 -0.77361599E+001 -0.95108329E+000 -0.10892192E+001  0.78673593E-001
 -0.11473908E+002 -0.77361599E+001 -0.95115510E+000 -0.10256430E+001 -0.12032589E+000
 -0.10762674E+002 -0.76903507E+001 -0.91731958E+000 -0.10855259E+001 -0.81798972E-001
 -0.11423276E+002 -0.76450777E+001 -0.88477398E+000 -0.10455809E+001  0.11114687E+000
 -0.11439889E+002 -0.76450777E+001 -0.90138773E+000 -0.11177028E+001  0.67308308E-002
 -0.11441920E+002 -0.76023850E+001 -0.85616496E+000 -0.11048946E+001  0.50923040E-001
 -0.11443650E+002 -0.76023850E+001 -0.85789588E+000 -0.10621518E+001  0.10070277E+000
 -0.10737824E+002 -0.75615272E+001 -0.81444477E+000 -0.98820552E+000  0.12126316E+000
 -0.12402826E+002 -0.75229603E+001 -0.62796859E+000 -0.91555320E+000 -0.84504755E-001
 -0.12483661E+002 -0.75229603E+001 -0.70880335E+000 -0.87903194E+000  0.27819339E-001
 -0.12491852E+002 -0.75229603E+001 -0.71699457E+000 -0.10410865E+001 -0.10910109E+000
 -0.12472310E+002 -0.75229603E+001 -0.69745244E+000 -0.96591178E+000 -0.11483205E+000
 -0.12429601E+002 -0.75229603E+001 -0.65474333E+000 -0.93747196E+000  0.10169265E+000
 -0.12486801E+002 -0.75229603E+001 -0.71194315E+000 -0.10152859E+001 -0.11718652E+000
 -0.11293336E+002 -0.74783807E+001 -0.61709086E+000 -0.96382231E+000  0.11229096E+000
 -0.11299440E+002 -0.74783807E+001 -0.62319455E+000 -0.89218429E+000 -0.54718851E-001
 -0.11680701E+002 -0.74376283E+001 -0.54100333E+000 -0.10694606E+001 -0.85904735E-001
 -0.11723589E+002 -0.74376283E+001 -0.58389138E+000 -0.90657034E+000 -0.73644378E-001
 -0.11717627E+002 -0.74376283E+001 -0.57792950E+000 -0.11090028E+001  0.17699876E-001
 -0.10576835E+002 -0.73954407E+001 -0.53574938E+000 -0.10873317E+001 -0.66100817E-001
 -0.10542784E+002 -0.73547521E+001 -0.50169893E+000 -0.89172248E+000 -0.47768499E-001
 -0.10545241E+002 -0.73154600E+001 -0.47516831E+000 -0.10336898E+001  0.10610823E+000
 -0.11213756E+002 -0.72766565E+001 -0.45053549E+000 -0.10433624E+001 -0.10113538E+000
 -0.11229487E+002 -0.72766565E+001 -0.46626695E+000 -0.89199359E+000  0.46399206E-001
 -0.10519483E+002 -0.72389330E+001 -0.43481119E+000 -0.93115568E+000  0.91496256E-001
 -0.12104568E+002 -0.72020154E+001 -0.41045792E+000 -0.92702524E+000 -0.87683729E-001
 -0.12120177E+002 -0.72020154E+001 -0.42606680E+000 -0.10896047E+001  0.58197237E-001
 -0.12105561E+002 -0.72020154E+001 -0.41145151E+000 -0.10658009E+001 -0.85071205E-001
 -0.12127649E+002 -0.72020154E+001 -0.43353929E+000 -0.10538472E+001  0.94631886E-001
 -0.12128033E+002 -0.72020154E+001 -0.43392353E+000 -0.11066025E+001 -0.95059002E-002
 -0.12053776E+002 -0.71660771E+001 -0.34485095E+000 -0.94994790E+000  0.10003508E+000
 -0.12061982E+002 -0.71660771E+001 -0.35305686E+000 -0.10040701E+001 -0.11009414E+000
 -0.12092367E+002 -0.71660771E+001 -0.38344166E+000 -0.88798635E+000 -0.30824910E-001
 -0.12083159E+002 -0.71660771E+001 -0.37423378E+000 -0.88477720E+000 -0.16255557E-001
 -0.12100523E+002 -0.71660771E+001 -0.39159769E+000 -0.88449220E+000 -0.17161534E-001
 -0.10443852E+002 -0.71290764E+001 -0.34436544E+000 -0.10882595E+001  0.56674143E-001
 -0.11107549E+002 -0.70939025E+001 -0.29987695E+000 -0.95334547E+000  0.10036903E+000
 -0.11136894E+002 -0.70939025E+001 -0.32922223E+000 -0.91687319E+000 -0.76000647E-001
 -0.11117009E+002 -0.70594315E+001 -0.27948409E+000 -0.94897982E+000  0.97791550E-001
 -0.11122932E+002 -0.70594315E+001 -0.28540721E+000 -0.10987166E+001 -0.30555574E-001
 -0.11153627E+002 -0.70273193E+001 -0.25811469E+000 -0.10832265E+001  0.60498532E-001
 -0.11164163E+002 -0.70273193E+001 -0.26865026E+000 -0.11007624E+001 -0.21078877E-001
 -0.11827557E+002 -0.69959853E+001 -0.22471308E+000 -0.93743964E+000  0.89632155E-001
 -0.11860122E+002 -0.69959853E+001 -0.25727822E+000 -0.10510589E+001  0.91369226E-001
 -0.11846354E+002 -0.69959853E+001 -0.24350995E+000 -0.10996411E+001 -0.23225896E-001
 -0.11839533E+002 -0.69959853E+001 -0.23668905E+000 -0.10799948E+001 -0.64035453E-001
 -0.10438917E+002 -0.69645875E+001 -0.22236745E+000 -0.10957171E+001  0.34579535E-001
 -0.10438917E+002 -0.69645875E+001 -0.22236745E+000 -0.10957171E+001  0.34579535E-001
 -0.11509040E+002 -0.69340752E+001 -0.19387849E+000 -0.10984293E+001 -0.22942440E-001
 -0.11535501E+002 -0.69340752E+001 -0.22033881E+000 -0.94174981E+000  0.92204559E-001
 -0.11532447E+002 -0.69340752E+001 -0.21728479E+000 -0.11015022E+001  0.61241816E-002
 -0.10404787E+002 -0.69036236E+001 -0.18823691E+000 -0.11003101E+001  0.11314612E-001
 -0.10391784E+002 -0.68739073E+001 -0.17523459E+000 -0.10858658E+001 -0.52644494E-001
 -0.11056858E+002 -0.68451064E+001 -0.13212303E+000 -0.10991306E+001  0.87890531E-002
 -0.11096551E+002 -0.68451064E+001 -0.17181639E+000 -0.91172355E+000  0.64352601E-001
 -0.10375810E+002 -0.68163262E+001 -0.12918488E+000 -0.93342290E+000 -0.83904283E-001
 -0.11057482E+002 -0.67886830E+001 -0.10267103E+000 -0.90792691E+000  0.56203733E-001
 -0.11061537E+002 -0.67886830E+001 -0.10672610E+000 -0.10719289E+001 -0.68732326E-001
 -0.10364283E+002 -0.67614771E+001 -0.87581658E-001 -0.10879825E+001 -0.44108196E-001
 -0.10360693E+002 -0.67345945E+001 -0.83991359E-001 -0.95242771E+000  0.93992017E-001
 -0.11931783E+002 -0.67087158E+001 -0.30376413E-001 -0.10959985E+001  0.13031459E-001
 -0.11937047E+002 -0.67087158E+001 -0.35640121E-001 -0.99500349E+000 -0.10239847E+000
 -0.11933895E+002 -0.67087158E+001 -0.32488064E-001 -0.92306554E+000 -0.71733834E-001
 -0.11970943E+002 -0.67087158E+001 -0.69536498E-001 -0.90999654E+000  0.57717717E-001
 -0.11951448E+002 -0.67087158E+001 -0.50041169E-001 -0.10964779E+001  0.13317250E-001
 -0.10328546E+002 -0.66825165E+001 -0.21310287E-001 -0.10115335E+001 -0.10056858E+000
 -0.10316962E+002 -0.66567567E+001 -0.97262319E-002 -0.95952429E+000 -0.94952249E-001
 -0.11908731E+002 -0.66324785E+001  0.53752529E-001 -0.94178909E+000  0.83973177E-001
 -0.11945959E+002 -0.66324785E+001  0.16524261E-001 -0.10182782E+001  0.98099408E-001
 -0.11922628E+002 -0.66324785E+001  0.39855855E-001 -0.90804667E+000 -0.49468085E-001
 -0.11940811E+002 -0.66324785E+001  0.21672159E-001 -0.10906178E+001  0.30202079E-001
 -0.11935880E+002 -0.66324785E+001  0.26603956E-001 -0.94855555E+000  0.88813462E-001
 -0.10291183E+002 -0.66072419E+001  0.61863078E-001 -0.10588834E+001 -0.75481069E-001
 -0.10300907E+002 -0.65828000E+001  0.67405668E-001 -0.96641075E+000 -0.95215946E-001
 -0.10965101E+002 -0.65588102E+001  0.96359589E-001 -0.10555695E+001  0.77052859E-001
 -0.10993100E+002 -0.65588102E+001  0.68359916E-001 -0.90171779E+000  0.34909560E-001
 -0.10958369E+002 -0.65347024E+001  0.10309181E+000 -0.10218461E+001  0.94706455E-001
 -0.10963704E+002 -0.65347024E+001  0.97755886E-001 -0.92525235E+000  0.69098586E-001
 -0.11329607E+002 -0.65113710E+001  0.15306705E+000 -0.10341431E+001  0.88588548E-001
 -0.11345461E+002 -0.65113710E+001  0.13721287E+000 -0.95314009E+000  0.87858830E-001
 -0.11376837E+002 -0.65113710E+001  0.10583680E+000 -0.94148342E+000 -0.82118396E-001
 -0.10927942E+002 -0.64877870E+001  0.16501514E+000 -0.10143680E+001  0.94893791E-001
 -0.10936859E+002 -0.64877870E+001  0.15609821E+000 -0.10493692E+001  0.79712308E-001
 -0.10936433E+002 -0.64648328E+001  0.17227248E+000 -0.91108168E+000 -0.47605556E-001
 -0.10938409E+002 -0.64648328E+001  0.17029626E+000 -0.10710263E+001 -0.58543429E-001
 -0.11848590E+002 -0.64429200E+001  0.20765879E+000 -0.93121813E+000 -0.70676221E-001
 -0.11868827E+002 -0.64429200E+001  0.18742213E+000 -0.90237121E+000 -0.26999263E-001
 -0.11873039E+002 -0.64429200E+001  0.18321007E+000 -0.97848296E+000  0.94972436E-001
 -0.11882975E+002 -0.64429200E+001  0.17327385E+000 -0.10883469E+001  0.23550730E-001
 -0.11881524E+002 -0.64429200E+001  0.17472482E+000 -0.10828921E+001 -0.38710246E-001
 -0.10233454E+002 -0.64207132E+001  0.21335676E+000 -0.10370821E+001 -0.85317466E-001
 -0.10228871E+002 -0.63988660E+001  0.21793959E+000 -0.10717695E+001 -0.55403211E-001
 -0.10921423E+002 -0.63777261E+001  0.23453496E+000 -0.10723571E+001  0.53802568E-001
 -0.10929916E+002 -0.63777261E+001  0.22604198E+000 -0.10890629E+001  0.12646043E-001
 -0.10236593E+002 -0.63570117E+001  0.24221878E+000 -0.10813337E+001 -0.37656399E-001
 -0.10917251E+002 -0.63365627E+001  0.25470749E+000 -0.92148729E+000  0.58570925E-001
 -0.10922040E+002 -0.63365627E+001  0.24991849E+000 -0.10883568E+001 -0.12869278E-001
 -0.10195355E+002 -0.63162743E+001  0.28345616E+000 -0.99851241E+000 -0.93582230E-001
 -0.10855910E+002 -0.62958152E+001  0.31604833E+000 -0.90221622E+000 -0.72125939E-002
 -0.10863374E+002 -0.62958152E+001  0.30858501E+000 -0.96559813E+000 -0.87929516E-001
 -0.10146304E+002 -0.62751089E+001  0.33250723E+000 -0.95481501E+000  0.82632424E-001
 -0.10144419E+002 -0.62544895E+001  0.33439283E+000 -0.10868751E+001 -0.12079089E-002
 -0.10136618E+002 -0.62342490E+001  0.34219353E+000 -0.10624164E+001 -0.61411125E-001
 -0.10093489E+002 -0.62142561E+001  0.38532215E+000 -0.95822587E+000 -0.82583937E-001
 -0.10090350E+002 -0.61938001E+001  0.38846164E+000 -0.90705178E+000  0.22526305E-001
 -0.11672425E+002 -0.61740538E+001  0.43417309E+000 -0.10031269E+001 -0.88869255E-001
 -0.11697050E+002 -0.61740538E+001  0.40954802E+000 -0.98037260E+000 -0.88741947E-001
 -0.11699176E+002 -0.61740538E+001  0.40742288E+000 -0.93300292E+000  0.64661276E-001
 -0.11676062E+002 -0.61740538E+001  0.43053674E+000 -0.10822274E+001 -0.17710561E-001
 -0.11699172E+002 -0.61740538E+001  0.40742620E+000 -0.96829199E+000 -0.85820811E-001
 -0.11152247E+002 -0.61545099E+001  0.47989320E+000 -0.97741462E+000 -0.86038367E-001
 -0.11160544E+002 -0.61545099E+001  0.47159651E+000 -0.92458934E+000  0.52455331E-001
 -0.11152532E+002 -0.61545099E+001  0.47960835E+000 -0.10635863E+001 -0.53893172E-001
 -0.10053208E+002 -0.61344527E+001  0.48032024E+000 -0.90704377E+000 -0.65004963E-002
 -0.10733553E+002 -0.61147817E+001  0.49312203E+000 -0.90890667E+000 -0.16833781E-001
 -0.10735471E+002 -0.61147817E+001  0.49120460E+000 -0.91446752E+000 -0.34263454E-001
 -0.11614202E+002 -0.60959478E+001  0.56580580E+000 -0.10704832E+001 -0.38503196E-001
 -0.11651127E+002 -0.60959478E+001  0.52888048E+000 -0.96906915E+000 -0.82257094E-001
 -0.11676637E+002 -0.60959478E+001  0.50337004E+000 -0.10265374E+001  0.80979079E-001
 -0.11660470E+002 -0.60959478E+001  0.51953699E+000 -0.91816286E+000 -0.39851776E-001
 -0.11656805E+002 -0.60959478E+001  0.52320236E+000 -0.10807871E+001 -0.92475423E-002
 -0.11857916E+002 -0.60774396E+001  0.73002272E+000 -0.10604706E+001 -0.45128162E-001
 -0.11871176E+002 -0.60774396E+001  0.71676296E+000 -0.10651176E+001  0.38490512E-001
 -0.11936898E+002 -0.60774396E+001  0.65104094E+000 -0.91960266E+000  0.33621272E-001
 -0.11901632E+002 -0.60774396E+001  0.68630659E+000 -0.91432461E+000 -0.12817250E-001
 -0.11910104E+002 -0.60774396E+001  0.67783481E+000 -0.91398294E+000  0.12431636E-001
 -0.12016962E+002 -0.60774396E+001  0.57097633E+000 -0.91472473E+000 -0.28439409E-001
 -0.11917959E+002 -0.60774396E+001  0.66997942E+000 -0.10533180E+001 -0.56819133E-001
 -0.10636133E+002 -0.60571173E+001  0.75033601E+000 -0.10471016E+001 -0.59212180E-001
 -0.10651292E+002 -0.60571173E+001  0.73517742E+000 -0.10745825E+001  0.24274303E-002
 -0.10653285E+002 -0.60374550E+001  0.76652047E+000 -0.10630939E+001  0.38779798E-001
 -0.10662102E+002 -0.60374550E+001  0.75770300E+000 -0.10186615E+001 -0.75331744E-001
 -0.10661389E+002 -0.60181785E+001  0.77494530E+000 -0.95689976E+000 -0.68400727E-001
 -0.10663469E+002 -0.60181785E+001  0.77286530E+000 -0.97608977E+000  0.76222409E-001
 -0.11061638E+002 -0.59997175E+001  0.81295190E+000 -0.92147959E+000  0.24049345E-001
 -0.11067450E+002 -0.59997175E+001  0.80713946E+000 -0.97155892E+000 -0.73708400E-001
 -0.11095213E+002 -0.59997175E+001  0.77937710E+000 -0.93892322E+000  0.54370412E-001
 -0.99786797E+001 -0.59811964E+001  0.81355813E+000 -0.10419151E+001  0.60827061E-001
 -0.99747080E+001 -0.59630012E+001  0.81752980E+000 -0.93962739E+000  0.53272656E-001
 -0.10670296E+002 -0.59459076E+001  0.86387959E+000 -0.94122296E+000 -0.52657361E-001
 -0.10693745E+002 -0.59459076E+001  0.84042980E+000 -0.95132335E+000  0.62272184E-001
 -0.11562400E+002 -0.59283111E+001  0.88806585E+000 -0.92264021E+000 -0.19005208E-001
 -0.11572341E+002 -0.59283111E+001  0.87812457E+000 -0.10502676E+001  0.50069855E-001
 -0.11573813E+002 -0.59283111E+001  0.87665303E+000 -0.91998179E+000  0.65942864E-002
 -0.11573062E+002 -0.59283111E+001  0.87740411E+000 -0.10409037E+001  0.58870067E-001
 -0.11564606E+002 -0.59283111E+001  0.88585986E+000 -0.10150390E+001 -0.71899361E-001
 -0.99742765E+001 -0.59111567E+001  0.89901232E+000 -0.10410498E+001  0.57798621E-001
 -0.99725902E+001 -0.58941076E+001  0.90069862E+000 -0.97072207E+000 -0.70028739E-001
 -0.99939235E+001 -0.58778450E+001  0.91162619E+000 -0.10525518E+001  0.45583706E-001
 -0.99926371E+001 -0.58616682E+001  0.91291268E+000 -0.98489890E+000  0.73081929E-001
 -0.99984141E+001 -0.58459837E+001  0.92339616E+000 -0.96320160E+000 -0.65997154E-001
 -0.10783469E+002 -0.58323725E+001  0.96910970E+000 -0.92562315E+000  0.18930625E-001
 -0.10784051E+002 -0.58323725E+001  0.96852786E+000 -0.10664838E+001 -0.41013356E-002
 -0.10086488E+002 -0.58183204E+001  0.97294334E+000 -0.10652356E+001 -0.12923262E-001
 -0.10096145E+002 -0.58046104E+001  0.97788568E+000 -0.96619457E+000 -0.65250667E-001
 -0.11212696E+002 -0.57915898E+001  0.10031190E+001 -0.10573458E+001  0.32269825E-001
 -0.11220091E+002 -0.57915898E+001  0.99572354E+000 -0.10573891E+001  0.32765013E-001
 -0.11236545E+002 -0.57915898E+001  0.97926990E+000 -0.92442642E+000 -0.12081013E-001
 -0.10786839E+002 -0.57784103E+001  0.10235108E+001 -0.97578113E+000  0.67013139E-001
 -0.10788881E+002 -0.57784103E+001  0.10214688E+001 -0.92769890E+000  0.19167777E-001
 -0.10774809E+002 -0.57651360E+001  0.10355404E+001 -0.98452311E+000  0.68513783E-001
 -0.10777627E+002 -0.57651360E+001  0.10327230E+001 -0.93295662E+000  0.31142403E-001
 -0.10078520E+002 -0.57518781E+001  0.10386827E+001 -0.10246170E+001  0.62339064E-001
 -0.10074031E+002 -0.57387528E+001  0.10431721E+001 -0.92788440E+000 -0.16788105E-001
 -0.10074031E+002 -0.57387528E+001  0.10431721E+001 -0.92788440E+000 -0.16788105E-001
 -0.10778251E+002 -0.57259326E+001  0.10471370E+001 -0.94475290E+000 -0.46884704E-001
 -0.10778407E+002 -0.57259326E+001  0.10469805E+001 -0.10253222E+001 -0.61644157E-001
 -0.10769094E+002 -0.57132247E+001  0.10562934E+001 -0.98954755E+000 -0.68324413E-001
 -0.10777710E+002 -0.57132247E+001  0.10476774E+001 -0.10427943E+001  0.49109731E-001
 -0.10090923E+002 -0.57007522E+001  0.10565847E+001 -0.95656541E+000  0.56532479E-001
 -0.10101118E+002 -0.56886154E+001  0.10616572E+001 -0.10629618E+001 -0.51386241E-002
 -0.10083460E+002 -0.56765635E+001  0.10793159E+001 -0.93332678E+000 -0.27896796E-001
 -0.10070740E+002 -0.56644443E+001  0.10920358E+001 -0.10619062E+001 -0.35207216E-002
 -0.10067946E+002 -0.56523178E+001  0.10948293E+001 -0.10109976E+001 -0.65065400E-001
 -0.11876720E+002 -0.56408547E+001  0.11250677E+001 -0.99771663E+000 -0.65828856E-001
 -0.11892560E+002 -0.56408547E+001  0.11092281E+001 -0.99512987E+000 -0.66508717E-001
 -0.11890613E+002 -0.56408547E+001  0.11111748E+001 -0.95449911E+000 -0.52455631E-001
 -0.11889392E+002 -0.56408547E+001  0.11123955E+001 -0.10594402E+001  0.15062177E-001
 -0.11881600E+002 -0.56408547E+001  0.11201874E+001 -0.94246161E+000 -0.39906129E-001
 -0.11897186E+002 -0.56408547E+001  0.11046019E+001 -0.98142655E+000  0.65263944E-001
 -0.10787808E+002 -0.56293542E+001  0.11308713E+001 -0.93044497E+000 -0.12835916E-001
 -0.10790766E+002 -0.56293542E+001  0.11279134E+001 -0.96038499E+000  0.55765154E-001
 -0.10107150E+002 -0.56180936E+001  0.11338863E+001 -0.97882727E+000 -0.63472251E-001
 -0.10090626E+002 -0.56069250E+001  0.11504104E+001 -0.10375042E+001 -0.48650548E-001
 -0.10796475E+002 -0.55962044E+001  0.11842293E+001 -0.10392381E+001 -0.45193813E-001
 -0.10813652E+002 -0.55962044E+001  0.11670522E+001 -0.10459132E+001 -0.38649903E-001
 -0.10072777E+002 -0.55852346E+001  0.12147792E+001 -0.10152707E+001  0.58772794E-001
 -0.10071523E+002 -0.55740492E+001  0.12160342E+001 -0.94125791E+000 -0.31296622E-001
 -0.10760893E+002 -0.55631457E+001  0.12355591E+001 -0.10561886E+001 -0.25451420E-002
 -0.10771084E+002 -0.55631457E+001  0.12253682E+001 -0.10348461E+001  0.46947706E-001
 -0.10079359E+002 -0.55523193E+001  0.12396944E+001 -0.10122342E+001 -0.58672082E-001
 -0.10076157E+002 -0.55415647E+001  0.12428969E+001 -0.93587596E+000  0.15823673E-001
 -0.11701399E+002 -0.55312225E+001  0.12588413E+001 -0.10455993E+001 -0.32542574E-001
 -0.11705492E+002 -0.55312225E+001  0.12547482E+001 -0.94979058E+000 -0.40190689E-001
 -0.11707058E+002 -0.55312225E+001  0.12531821E+001 -0.10554358E+001 -0.27487891E-002
 -0.11715249E+002 -0.55312225E+001  0.12449913E+001 -0.10289120E+001 -0.50458958E-001
 -0.11713896E+002 -0.55312225E+001  0.12463436E+001 -0.10112826E+001 -0.58658444E-001
 -0.10095750E+002 -0.55209841E+001  0.12708002E+001 -0.10524467E+001 -0.16293474E-001
 -0.11210145E+002 -0.55110421E+001  0.12862706E+001 -0.10540798E+001  0.22186645E-003
 -0.11223653E+002 -0.55110421E+001  0.12727625E+001 -0.95387272E+000 -0.43284870E-001
 -0.11219994E+002 -0.55110421E+001  0.12764218E+001 -0.93579218E+000 -0.84615458E-002
 -0.10110115E+002 -0.55011984E+001  0.13031925E+001 -0.99080703E+000 -0.58331701E-001
 -0.10106202E+002 -0.54912851E+001  0.13071053E+001 -0.93780745E+000  0.12033005E-001
 -0.10117771E+002 -0.54815840E+001  0.13112850E+001 -0.98181397E+000  0.56588576E-001
 -0.10116558E+002 -0.54719361E+001  0.13124974E+001 -0.93705458E+000 -0.57725554E-002
 -0.10104481E+002 -0.54623689E+001  0.13245749E+001 -0.95990268E+000  0.45472214E-001
 -0.10827474E+002 -0.54532252E+001  0.13427381E+001 -0.99559750E+000 -0.56710276E-001
 -0.10829867E+002 -0.54532252E+001  0.13403445E+001 -0.10191252E+001 -0.51321503E-001
 -0.10820947E+002 -0.54441426E+001  0.13650136E+001 -0.10011343E+001 -0.55343700E-001
 -0.10839610E+002 -0.54441426E+001  0.13463502E+001 -0.94675315E+000 -0.29485209E-001
 -0.10831440E+002 -0.54350831E+001  0.13702688E+001 -0.98774451E+000  0.54970605E-001
 -0.10836302E+002 -0.54350831E+001  0.13654064E+001 -0.10408506E+001 -0.31220102E-001
 -0.10134765E+002 -0.54260578E+001  0.13737964E+001 -0.96706921E+000  0.47633776E-001
 -0.10144822E+002 -0.54172236E+001  0.13797398E+001 -0.96249839E+000  0.44289306E-001
 -0.11532643E+002 -0.54085541E+001  0.13942139E+001 -0.10447688E+001  0.21356631E-001
 -0.11534930E+002 -0.54085541E+001  0.13919262E+001 -0.10179588E+001  0.49248161E-001
 -0.11538267E+002 -0.54085541E+001  0.13885896E+001 -0.98679898E+000  0.53970402E-001
 -0.11546742E+002 -0.54085541E+001  0.13801142E+001 -0.10192901E+001  0.49213481E-001
 -0.10836049E+002 -0.53998343E+001  0.13976600E+001 -0.98961781E+000  0.53897449E-001
 -0.10839102E+002 -0.53998343E+001  0.13946072E+001 -0.98793477E+000  0.53846419E-001
 -0.10830090E+002 -0.53911601E+001  0.14036189E+001 -0.94639264E+000 -0.23346123E-001
 -0.10830471E+002 -0.53911601E+001  0.14032388E+001 -0.10486470E+001  0.37043620E-002
 -0.11231722E+002 -0.53825094E+001  0.14074525E+001 -0.10361360E+001  0.34221414E-001
 -0.11232505E+002 -0.53825094E+001  0.14066690E+001 -0.10023529E+001 -0.53216495E-001
 -0.11235089E+002 -0.53825094E+001  0.14040850E+001 -0.10396131E+001 -0.29836520E-001
 -0.11758676E+002 -0.53741811E+001  0.14246605E+001 -0.10238539E+001 -0.44140456E-001
 -0.11768919E+002 -0.53741811E+001  0.14144172E+001 -0.97798640E+000  0.50551312E-001
 -0.11774025E+002 -0.53741811E+001  0.14093111E+001 -0.96436931E+000  0.43918580E-001
 -0.11764507E+002 -0.53741811E+001  0.14188291E+001 -0.10478651E+001 -0.41642076E-002
 -0.11772560E+002 -0.53741811E+001  0.14107761E+001 -0.10205586E+001 -0.46913568E-001
 -0.11234403E+002 -0.53657789E+001  0.14381080E+001 -0.94390568E+000 -0.11308082E-001
 -0.11234422E+002 -0.53657789E+001  0.14380893E+001 -0.10038814E+001  0.51433016E-001
 -0.11238561E+002 -0.53657789E+001  0.14339502E+001 -0.10455566E+001  0.13307489E-001
 -0.11513849E+002 -0.53573344E+001  0.14463444E+001 -0.95130538E+000 -0.27841517E-001
 -0.11514583E+002 -0.53573344E+001  0.14456103E+001 -0.10448016E+001 -0.13901800E-001
 -0.11522026E+002 -0.53573344E+001  0.14381667E+001 -0.10103153E+001 -0.49861208E-001
 -0.11517655E+002 -0.53573344E+001  0.14425384E+001 -0.10410882E+001 -0.23710416E-001
 -0.10125695E+002 -0.53488916E+001  0.14482032E+001 -0.10166409E+001 -0.46872909E-001
 -0.10827049E+002 -0.53406481E+001  0.14573888E+001 -0.96388374E+000 -0.40664957E-001
 -0.10830052E+002 -0.53406481E+001  0.14543856E+001 -0.94610255E+000 -0.16147035E-001
 -0.10131070E+002 -0.53323967E+001  0.14602207E+001 -0.10418513E+001 -0.20056853E-001
 -0.11216280E+002 -0.53243332E+001  0.14913220E+001 -0.10175222E+001 -0.44014677E-001
 -0.11233464E+002 -0.53243332E+001  0.14741380E+001 -0.97484225E+000 -0.46172140E-001
 -0.11222345E+002 -0.53243332E+001  0.14852575E+001 -0.96322703E+000 -0.38346670E-001
 -0.11521567E+002 -0.53163660E+001  0.15088087E+001 -0.94859461E+000  0.14795259E-001
 -0.11537571E+002 -0.53163660E+001  0.14928043E+001 -0.10326411E+001  0.31835480E-001
 -0.11527010E+002 -0.53163660E+001  0.15033653E+001 -0.10421102E+001  0.12659620E-001
 -0.11533859E+002 -0.53163660E+001  0.14965162E+001 -0.10118335E+001 -0.46237188E-001
 -0.10824318E+002 -0.53084609E+001  0.15303020E+001 -0.97162966E+000  0.41287489E-001
 -0.10830109E+002 -0.53084609E+001  0.15245111E+001 -0.99795693E+000 -0.47690825E-001
 -0.10819119E+002 -0.53004481E+001  0.15355012E+001 -0.99843134E+000  0.47064657E-001
 -0.10821232E+002 -0.53004481E+001  0.15333878E+001 -0.10338331E+001  0.26769001E-001
 -0.10823955E+002 -0.52925974E+001  0.15483643E+001 -0.10303096E+001 -0.30034517E-001
 -0.10825228E+002 -0.52925974E+001  0.15470914E+001 -0.95522881E+000  0.24257461E-001
 -0.10145695E+002 -0.52848453E+001  0.15511773E+001 -0.97097322E+000 -0.39586723E-001
 -0.10173763E+002 -0.52773962E+001  0.15582005E+001 -0.10164663E+001 -0.40536697E-001
 -0.10858676E+002 -0.52699503E+001  0.15664343E+001 -0.98358290E+000  0.44025901E-001
 -0.10861132E+002 -0.52699503E+001  0.15639783E+001 -0.10390236E+001 -0.11557375E-001
 -0.10193229E+002 -0.52627546E+001  0.15738261E+001 -0.96314640E+000 -0.31863288E-001
 -0.10932504E+002 -0.52559161E+001  0.15789909E+001 -0.10129000E+001  0.40979877E-001
 -0.10936448E+002 -0.52559161E+001  0.15750471E+001 -0.96363506E+000 -0.32246229E-001
 -0.12056250E+002 -0.52494183E+001  0.16034544E+001 -0.99593870E+000  0.43349443E-001
 -0.12061901E+002 -0.52494183E+001  0.15978038E+001 -0.95122713E+000 -0.17408278E-002
 -0.12063736E+002 -0.52494183E+001  0.15959684E+001 -0.98697799E+000 -0.43057500E-001
 -0.12079529E+002 -0.52494183E+001  0.15801753E+001 -0.10247427E+001  0.33228134E-001
 -0.12062975E+002 -0.52494183E+001  0.15967290E+001 -0.10116627E+001  0.40401330E-001
 -0.12058555E+002 -0.52494183E+001  0.16011493E+001 -0.10089994E+001  0.41139747E-001
 -0.10969209E+002 -0.52429095E+001  0.16081442E+001 -0.95600433E+000 -0.18440996E-001
 -0.10973304E+002 -0.52429095E+001  0.16040491E+001 -0.10027763E+001  0.42605896E-001
 -0.10319137E+002 -0.52367160E+001  0.16130774E+001 -0.96240653E+000  0.27728353E-001
 -0.10315505E+002 -0.52305303E+001  0.16167101E+001 -0.10088704E+001  0.40209834E-001
 -0.10331359E+002 -0.52244580E+001  0.16168564E+001 -0.96758808E+000  0.32544266E-001
 -0.11451792E+002 -0.52186095E+001  0.16267839E+001 -0.10102614E+001  0.39044686E-001
 -0.11457945E+002 -0.52186095E+001  0.16206307E+001 -0.99992883E+000  0.42042034E-001
 -0.11461450E+002 -0.52186095E+001  0.16171262E+001 -0.10285898E+001 -0.25929806E-001
 -0.10352116E+002 -0.52127372E+001  0.16278479E+001 -0.96356640E+000  0.27709311E-001
 -0.10359298E+002 -0.52069855E+001  0.16366662E+001 -0.99564314E+000  0.41355578E-001
 -0.10355231E+002 -0.52012161E+001  0.16407326E+001 -0.96864201E+000 -0.31535457E-001
 -0.11449906E+002 -0.51954566E+001  0.16446700E+001 -0.10054066E+001 -0.39492538E-001
 -0.11450900E+002 -0.51954566E+001  0.16436768E+001 -0.99234920E+000  0.40842945E-001
 -0.11450105E+002 -0.51954566E+001  0.16444713E+001 -0.96429212E+000  0.26989191E-001
 -0.11049536E+002 -0.51898015E+001  0.16561046E+001 -0.10090723E+001 -0.37557547E-001
 -0.11052595E+002 -0.51898015E+001  0.16530456E+001 -0.97702464E+000 -0.36103203E-001
 -0.10362976E+002 -0.51842067E+001  0.16660465E+001 -0.99896248E+000 -0.39304925E-001
 -0.10404399E+002 -0.51788544E+001  0.16734141E+001 -0.10335852E+001 -0.53090636E-002
 -0.11090202E+002 -0.51734914E+001  0.16807576E+001 -0.96051283E+000  0.17338368E-001
 -0.11097037E+002 -0.51734914E+001  0.16739228E+001 -0.10339033E+001 -0.10499009E-002
 -0.10421267E+002 -0.51682879E+001  0.16888071E+001 -0.97868181E+000  0.34331221E-001
 -0.10436233E+002 -0.51631522E+001  0.16898408E+001 -0.10109792E+001  0.34367795E-001
 -0.11817250E+002 -0.51580376E+001  0.16951183E+001 -0.97778372E+000  0.33413050E-001
 -0.11818009E+002 -0.51580376E+001  0.16943595E+001 -0.99403716E+000  0.37631076E-001
 -0.11817878E+002 -0.51580376E+001  0.16944909E+001 -0.97527332E+000 -0.32044581E-001
 -0.11818505E+002 -0.51580376E+001  0.16938633E+001 -0.98697827E+000 -0.36814258E-001
 -0.10424021E+002 -0.51529220E+001  0.17020533E+001 -0.98724440E+000 -0.36302216E-001
 -0.10422373E+002 -0.51477972E+001  0.17037011E+001 -0.97120688E+000  0.28345699E-001
 -0.10422373E+002 -0.51477972E+001  0.17037011E+001 -0.97120688E+000  0.28345699E-001
 -0.11568300E+002 -0.51430136E+001  0.17219832E+001 -0.99869339E+000  0.35530555E-001
 -0.11578703E+002 -0.51430136E+001  0.17115804E+001 -0.96972767E+000  0.26291718E-001
 -0.11576831E+002 -0.51430136E+001  0.17134522E+001 -0.10282842E+001  0.14347450E-001
 -0.10483206E+002 -0.51382420E+001  0.17244658E+001 -0.10049539E+001  0.34105371E-001
 -0.11172076E+002 -0.51334812E+001  0.17287426E+001 -0.10220281E+001 -0.22494005E-001
 -0.11174109E+002 -0.51334812E+001  0.17267101E+001 -0.97870746E+000 -0.31417482E-001
 -0.10493953E+002 -0.51287993E+001  0.17299789E+001 -0.10285204E+001 -0.10330268E-001
 -0.10492870E+002 -0.51241335E+001  0.17310626E+001 -0.10290811E+001  0.79660972E-002
 -0.10486634E+002 -0.51194843E+001  0.17372978E+001 -0.10273027E+001 -0.12238001E-001
 -0.11195538E+002 -0.51149052E+001  0.17383481E+001 -0.99494345E+000 -0.34544506E-001
 -0.11196062E+002 -0.51149052E+001  0.17378249E+001 -0.97814448E+000  0.30199763E-001
 -0.10502130E+002 -0.51103421E+001  0.17386090E+001 -0.10226123E+001 -0.20594134E-001
 -0.11595211E+002 -0.51057986E+001  0.17441408E+001 -0.96574554E+000  0.17630393E-001
 -0.11599725E+002 -0.51057986E+001  0.17396263E+001 -0.10270936E+001 -0.12306757E-001
 -0.11597423E+002 -0.51057986E+001  0.17419291E+001 -0.99986787E+000 -0.33924231E-001
 -0.10491954E+002 -0.51012507E+001  0.17487858E+001 -0.10014481E+001 -0.33134469E-001
 -0.11587239E+002 -0.50967023E+001  0.17521123E+001 -0.10258921E+001 -0.12807075E-001
 -0.11587687E+002 -0.50967023E+001  0.17516642E+001 -0.98308563E+000  0.31368644E-001
 -0.11587536E+002 -0.50967023E+001  0.17518156E+001 -0.10259404E+001 -0.12748768E-001
 -0.10488147E+002 -0.50921594E+001  0.17525928E+001 -0.96143230E+000  0.15139245E-003
 -0.10504435E+002 -0.50877170E+001  0.17546531E+001 -0.10177346E+001  0.24274183E-001
 -0.10504344E+002 -0.50832851E+001  0.17547447E+001 -0.96798978E+000  0.19559296E-001
 -0.12117279E+002 -0.50789540E+001  0.17699397E+001 -0.98150118E+000 -0.29172838E-001
 -0.12127681E+002 -0.50789540E+001  0.17595379E+001 -0.98549761E+000 -0.31554999E-001
 -0.12117366E+002 -0.50789540E+001  0.17698521E+001 -0.97203200E+000 -0.22517606E-001
 -0.12123085E+002 -0.50789540E+001  0.17641337E+001 -0.10223480E+001  0.17598097E-001
 -0.12124688E+002 -0.50789540E+001  0.17625304E+001 -0.96599810E+000  0.15249912E-001
 -0.11639731E+002 -0.50747345E+001  0.17737027E+001 -0.97717964E+000 -0.26397229E-001
 -0.11639885E+002 -0.50747345E+001  0.17735492E+001 -0.97726921E+000 -0.26472043E-001
 -0.11639855E+002 -0.50747345E+001  0.17735788E+001 -0.96783975E+000  0.16714032E-001
 -0.11672753E+002 -0.50706672E+001  0.17770493E+001 -0.96339327E+000  0.17420973E-002
 -0.11675134E+002 -0.50706672E+001  0.17746683E+001 -0.96315377E+000 -0.11820176E-003
 -0.11674666E+002 -0.50706672E+001  0.17751362E+001 -0.99742317E+000  0.31629697E-001
 -0.11266319E+002 -0.50666029E+001  0.17780175E+001 -0.10165979E+001 -0.22839221E-001
 -0.11266902E+002 -0.50666029E+001  0.17774347E+001 -0.97150115E+000  0.21075088E-001
 -0.11685961E+002 -0.50626246E+001  0.17821903E+001 -0.10075809E+001  0.28469939E-001
 -0.11688756E+002 -0.50626246E+001  0.17793954E+001 -0.10241904E+001 -0.11335432E-001
 -0.11689502E+002 -0.50626246E+001  0.17786493E+001 -0.97473098E+000 -0.24057534E-001
 -0.10581561E+002 -0.50586456E+001  0.17879781E+001 -0.96434852E+000 -0.25988854E-002
 -0.10597254E+002 -0.50547330E+001  0.17909769E+001 -0.96532206E+000 -0.70532415E-002
 -0.11285977E+002 -0.50508240E+001  0.17954009E+001 -0.10224341E+001  0.12130039E-001
 -0.11289107E+002 -0.50508240E+001  0.17922708E+001 -0.10241999E+001  0.79372625E-002
 -0.10592560E+002 -0.50469130E+001  0.17956711E+001 -0.10241967E+001 -0.67852684E-002
 -0.10592181E+002 -0.50430162E+001  0.17960501E+001 -0.10151720E+001  0.22141198E-001
 -0.10589595E+002 -0.50391330E+001  0.17986360E+001 -0.10045119E+001  0.28206517E-001
 -0.12009480E+002 -0.50354067E+001  0.18050504E+001 -0.98441527E+000 -0.27263011E-001
 -0.12015830E+002 -0.50354067E+001  0.17987000E+001 -0.10010237E+001 -0.29155606E-001
 -0.12011996E+002 -0.50354067E+001  0.18025345E+001 -0.99887769E+000  0.29191711E-001
 -0.12015740E+002 -0.50354067E+001  0.17987908E+001 -0.10172925E+001  0.19647358E-001
 -0.11314081E+002 -0.50316704E+001  0.18073018E+001 -0.99823354E+000  0.28855701E-001
 -0.11314151E+002 -0.50316704E+001  0.18072321E+001 -0.10186573E+001 -0.16748849E-001
 -0.11734322E+002 -0.50280140E+001  0.18127288E+001 -0.10129951E+001 -0.22121081E-001
 -0.11739494E+002 -0.50280140E+001  0.18075573E+001 -0.98421191E+000 -0.26948737E-001
 -0.11738025E+002 -0.50280140E+001  0.18090263E+001 -0.10103493E+001  0.24428824E-001
 -0.12012902E+002 -0.50243512E+001  0.18218311E+001 -0.10222551E+001 -0.48600292E-002
 -0.12018276E+002 -0.50243512E+001  0.18164576E+001 -0.98807319E+000  0.27375832E-001
 -0.12017150E+002 -0.50243512E+001  0.18175836E+001 -0.98246667E+000  0.25195941E-001
 -0.12012947E+002 -0.50243512E+001  0.18217862E+001 -0.98766708E+000 -0.26770724E-001
 -0.10644818E+002 -0.50207435E+001  0.18242399E+001 -0.99246320E+000 -0.27410808E-001
 -0.11337487E+002 -0.50171401E+001  0.18247184E+001 -0.98807364E+000 -0.26600830E-001
 -0.11337606E+002 -0.50171401E+001  0.18245990E+001 -0.10157093E+001 -0.17997312E-001
 -0.10644186E+002 -0.50135479E+001  0.18248718E+001 -0.98806767E+000 -0.26584680E-001
 -0.10641726E+002 -0.50099681E+001  0.18273325E+001 -0.99573198E+000  0.27227572E-001
 -0.10640741E+002 -0.50063922E+001  0.18283172E+001 -0.10187250E+001 -0.13071879E-001
 -0.11332550E+002 -0.50028256E+001  0.18296552E+001 -0.99174632E+000 -0.26829397E-001
 -0.11333699E+002 -0.50028256E+001  0.18285061E+001 -0.96780232E+000 -0.47482373E-003
 -0.12021882E+002 -0.49992668E+001  0.18334703E+001 -0.10202505E+001 -0.83744114E-002
 -0.12023205E+002 -0.49992668E+001  0.18321472E+001 -0.99436942E+000  0.26780731E-001
 -0.12022461E+002 -0.49992668E+001  0.18328918E+001 -0.98972721E+000  0.26197661E-001
 -0.12021992E+002 -0.49992668E+001  0.18333608E+001 -0.10092339E+001 -0.22513506E-001
 -0.11794453E+002 -0.49959441E+001  0.18422106E+001 -0.10038828E+001  0.24220768E-001
 -0.11800541E+002 -0.49959441E+001  0.18361228E+001 -0.10084827E+001  0.22667948E-001
 -0.11802105E+002 -0.49959441E+001  0.18345586E+001 -0.99180472E+000  0.26369668E-001
 -0.12299230E+002 -0.49926034E+001  0.18482594E+001 -0.97636043E+000  0.17030229E-001
 -0.12299314E+002 -0.49926034E+001  0.18481753E+001 -0.97194864E+000  0.10375179E-001
 -0.12299761E+002 -0.49926034E+001  0.18477279E+001 -0.98664601E+000 -0.23861814E-001
 -0.12302288E+002 -0.49926034E+001  0.18452006E+001 -0.97915203E+000 -0.20033574E-001
 -0.12299526E+002 -0.49926034E+001  0.18479628E+001 -0.10006021E+001  0.24607154E-001
 -0.10689170E+002 -0.49892536E+001  0.18488813E+001 -0.97275039E+000  0.11838315E-001
 -0.10688208E+002 -0.49859130E+001  0.18498431E+001 -0.10195840E+001 -0.45594036E-002
 -0.10685969E+002 -0.49825802E+001  0.18520820E+001 -0.10197658E+001  0.73222515E-003
 -0.10709185E+002 -0.49793322E+001  0.18535583E+001 -0.97029559E+000  0.14783926E-002
 -0.11825870E+002 -0.49761689E+001  0.18601789E+001 -0.10185034E+001 -0.45438080E-002
 -0.11826131E+002 -0.49761689E+001  0.18599173E+001 -0.97094548E+000  0.12462037E-002
 -0.11829829E+002 -0.49761689E+001  0.18562193E+001 -0.97405320E+000  0.12610600E-001
 -0.10726920E+002 -0.49729946E+001  0.18605166E+001 -0.98361055E+000  0.21094061E-001
 -0.11822183E+002 -0.49698293E+001  0.18638655E+001 -0.98621560E+000  0.21918290E-001
 -0.11824585E+002 -0.49698293E+001  0.18614638E+001 -0.10131436E+001 -0.15418201E-001
 -0.11825230E+002 -0.49698293E+001  0.18608181E+001 -0.10076238E+001  0.20286324E-001
 -0.10721983E+002 -0.49666634E+001  0.18654531E+001 -0.99568012E+000  0.23419158E-001
 -0.10746889E+002 -0.49635856E+001  0.18672156E+001 -0.97197619E+000  0.35906793E-002
 -0.11437095E+002 -0.49605118E+001  0.18701563E+001 -0.97671620E+000 -0.13876259E-001
 -0.11438621E+002 -0.49605118E+001  0.18686311E+001 -0.97836503E+000 -0.16047756E-001
 -0.10743085E+002 -0.49574384E+001  0.18710198E+001 -0.98833318E+000  0.21836406E-001
 -0.11429641E+002 -0.49543718E+001  0.18776112E+001 -0.10084078E+001  0.17497818E-001
 -0.11433630E+002 -0.49543718E+001  0.18736219E+001 -0.97275560E+000 -0.39505075E-002
 -0.12524843E+002 -0.49512943E+001  0.18810207E+001 -0.10137785E+001  0.10748351E-001
 -0.12525143E+002 -0.49512943E+001  0.18807210E+001 -0.98172800E+000  0.17222479E-001
 -0.12526941E+002 -0.49512943E+001  0.18789227E+001 -0.10071115E+001  0.18242699E-001
 -0.12525080E+002 -0.49512943E+001  0.18807839E+001 -0.98797907E+000  0.20558275E-001
 -0.12526068E+002 -0.49512943E+001  0.18797960E+001 -0.98952715E+000 -0.21139483E-001
 -0.12525586E+002 -0.49512943E+001  0.18802782E+001 -0.97885315E+000 -0.14651152E-001
 -0.10761104E+002 -0.49483063E+001  0.18828530E+001 -0.98718817E+000  0.20012658E-001
 -0.10760210E+002 -0.49453217E+001  0.18837477E+001 -0.98782205E+000  0.20135636E-001
 -0.11450581E+002 -0.49423433E+001  0.18865234E+001 -0.10021021E+001 -0.19780529E-001
 -0.11453280E+002 -0.49423433E+001  0.18838243E+001 -0.10162167E+001  0.19362040E-002
 -0.11446401E+002 -0.49393656E+001  0.18907037E+001 -0.98659730E+000 -0.18742958E-001
 -0.11448708E+002 -0.49393656E+001  0.18883966E+001 -0.98673022E+000  0.19109183E-001
 -0.10753253E+002 -0.49363842E+001  0.18907045E+001 -0.98498526E+000  0.17936854E-001
 -0.10753165E+002 -0.49334117E+001  0.18907923E+001 -0.10143461E+001  0.66762057E-002
 -0.12357662E+002 -0.49304478E+001  0.18957333E+001 -0.97860182E+000 -0.11337106E-001
 -0.12359488E+002 -0.49304478E+001  0.18939077E+001 -0.97544468E+000 -0.49928933E-002
 -0.12359229E+002 -0.49304478E+001  0.18941667E+001 -0.10149625E+001  0.18170648E-002
 -0.12359241E+002 -0.49304478E+001  0.18941549E+001 -0.10025699E+001 -0.18595486E-001
 -0.12358832E+002 -0.49304478E+001  0.18945630E+001 -0.10118661E+001 -0.10748801E-001
 -0.12233783E+002 -0.49277746E+001  0.19018296E+001 -0.98223000E+000  0.14249780E-001
 -0.12234053E+002 -0.49277746E+001  0.19015592E+001 -0.97838656E+000  0.95957113E-002
 -0.12236306E+002 -0.49277746E+001  0.18993066E+001 -0.97611222E+000 -0.48165942E-002
 -0.12235285E+002 -0.49277746E+001  0.19003273E+001 -0.10064152E+001 -0.15529588E-001
 -0.11573187E+002 -0.49251815E+001  0.19031797E+001 -0.10059416E+001  0.15408149E-001
 -0.11574174E+002 -0.49251815E+001  0.19021927E+001 -0.99056261E+000  0.18544132E-001
 -0.10877899E+002 -0.49225916E+001  0.19053205E+001 -0.97752244E+000 -0.66204008E-002
 -0.10876560E+002 -0.49200030E+001  0.19066599E+001 -0.97652383E+000 -0.11866640E-002
 -0.11567690E+002 -0.49174175E+001  0.19086768E+001 -0.97687819E+000 -0.20306091E-002
 -0.11569305E+002 -0.49174175E+001  0.19070618E+001 -0.10115343E+001  0.79754441E-002
 -0.10874291E+002 -0.49148335E+001  0.19089285E+001 -0.10120378E+001 -0.61037965E-002
 -0.10912136E+002 -0.49123545E+001  0.19103042E+001 -0.10076894E+001  0.12647603E-001
 -0.12291924E+002 -0.49098783E+001  0.19168111E+001 -0.10042670E+001  0.14234659E-001
 -0.12292988E+002 -0.49098783E+001  0.19157468E+001 -0.98216862E+000  0.11457131E-001
 -0.12293055E+002 -0.49098783E+001  0.19156801E+001 -0.10118712E+001  0.29797408E-002
 -0.12294198E+002 -0.49098783E+001  0.19145361E+001 -0.99213917E+000  0.17115091E-001
 -0.10905216E+002 -0.49073921E+001  0.19172242E+001 -0.98277492E+000 -0.11786662E-001
 -0.10904860E+002 -0.49049110E+001  0.19175798E+001 -0.10118335E+001 -0.75974199E-003
 -0.10947722E+002 -0.49025427E+001  0.19191697E+001 -0.10059579E+001  0.12504040E-001
 -0.11678314E+002 -0.49002790E+001  0.19261764E+001 -0.99079054E+000  0.14990750E-001
 -0.11682268E+002 -0.49002790E+001  0.19222233E+001 -0.10096762E+001 -0.67299886E-002
 -0.12077734E+002 -0.48980046E+001  0.19322224E+001 -0.10001015E+001 -0.13605545E-001
 -0.12080849E+002 -0.48980046E+001  0.19291072E+001 -0.98092076E+000 -0.55219946E-002
 -0.12081393E+002 -0.48980046E+001  0.19285634E+001 -0.10050601E+001  0.11309996E-001
 -0.12076893E+002 -0.48957216E+001  0.19330632E+001 -0.98440469E+000  0.97990385E-002
 -0.12077562E+002 -0.48957216E+001  0.19323936E+001 -0.98983801E+000  0.13582811E-001
 -0.12077047E+002 -0.48957216E+001  0.19329090E+001 -0.10001646E+001 -0.13453341E-001
 -0.10977507E+002 -0.48934419E+001  0.19338368E+001 -0.99006936E+000  0.13398711E-001
 -0.10977502E+002 -0.48911656E+001  0.19338414E+001 -0.10091355E+001  0.15297580E-002
 -0.12073590E+002 -0.48888944E+001  0.19363656E+001 -0.10011618E+001  0.12335416E-001
 -0.12075366E+002 -0.48888944E+001  0.19345898E+001 -0.99025370E+000  0.13322704E-001
 -0.12073920E+002 -0.48888944E+001  0.19360359E+001 -0.10018387E+001  0.12040033E-001
 -0.10974679E+002 -0.48866227E+001  0.19366650E+001 -0.98222980E+000 -0.52278386E-002
 -0.11667290E+002 -0.48843555E+001  0.19372013E+001 -0.10081645E+001  0.34618878E-002
 -0.11667819E+002 -0.48843555E+001  0.19366719E+001 -0.98221794E+000 -0.51955820E-002
 -0.11728143E+002 -0.48822335E+001  0.19408862E+001 -0.98671482E+000  0.99964698E-002
 -0.11729464E+002 -0.48822335E+001  0.19395659E+001 -0.98289903E+000 -0.54084987E-002
 -0.12638658E+002 -0.48801081E+001  0.19466620E+001 -0.10006261E+001  0.10323877E-001
 -0.12641212E+002 -0.48801081E+001  0.19441077E+001 -0.98263872E+000 -0.16439443E-003
 -0.12640219E+002 -0.48801081E+001  0.19451007E+001 -0.10051702E+001 -0.65019583E-002
 -0.12639081E+002 -0.48801081E+001  0.19462390E+001 -0.99307082E+000 -0.11717097E-001
 -0.12643119E+002 -0.48801081E+001  0.19422011E+001 -0.99088607E+000 -0.12026613E-001
 -0.11028387E+002 -0.48779750E+001  0.19474950E+001 -0.99676269E+000 -0.11456981E-001
 -0.11028357E+002 -0.48758447E+001  0.19475254E+001 -0.98777545E+000 -0.90988662E-002
 -0.11720606E+002 -0.48737188E+001  0.19484237E+001 -0.99944406E+000 -0.10473974E-001
 -0.11721131E+002 -0.48737188E+001  0.19478980E+001 -0.98388009E+000  0.31455057E-002
 -0.11027399E+002 -0.48715956E+001  0.19484831E+001 -0.98400406E+000  0.31096471E-002
 -0.11025294E+002 -0.48694767E+001  0.19505881E+001 -0.98826109E+000 -0.86068547E-002
 -0.13421673E+002 -0.48675695E+001  0.19621553E+001 -0.98763461E+000 -0.26428359E-002
 -0.13422934E+002 -0.48675695E+001  0.19608934E+001 -0.99280369E+000  0.78927910E-002
 -0.13422560E+002 -0.48675695E+001  0.19612678E+001 -0.10004067E+001 -0.59469940E-002
 -0.13424494E+002 -0.48675695E+001  0.19593336E+001 -0.98634333E+000 -0.81247761E-003
 -0.13428127E+002 -0.48675695E+001  0.19557007E+001 -0.98793797E+000  0.66234355E-002
 -0.13426680E+002 -0.48675695E+001  0.19571476E+001 -0.10037650E+001 -0.28752317E-002
 -0.13429693E+002 -0.48675695E+001  0.19541347E+001 -0.10001303E+001 -0.86180050E-002
 -0.13425704E+002 -0.48675695E+001  0.19581237E+001 -0.99062140E+000  0.78804872E-002
 -0.13430016E+002 -0.48675695E+001  0.19538118E+001 -0.99083940E+000 -0.92568533E-002
 -0.13423045E+002 -0.48675695E+001  0.19607827E+001 -0.98743792E+000 -0.33148327E-002
 -0.11118703E+002 -0.48656438E+001  0.19625402E+001 -0.10018784E+001 -0.32786716E-002
 -0.11118619E+002 -0.48637211E+001  0.19626240E+001 -0.99447213E+000 -0.76141872E-002
 -0.12213904E+002 -0.48618019E+001  0.19659511E+001 -0.99963409E+000  0.44246937E-002
 -0.12216015E+002 -0.48618019E+001  0.19638403E+001 -0.99342924E+000 -0.70527176E-002
 -0.12216277E+002 -0.48618019E+001  0.19635781E+001 -0.98964553E+000  0.50191006E-002
 -0.11807515E+002 -0.48598800E+001  0.19668750E+001 -0.99863228E+000 -0.48253496E-002
 -0.11807825E+002 -0.48598800E+001  0.19665654E+001 -0.99041035E+000  0.42031553E-002
 -0.11114104E+002 -0.48579601E+001  0.19671388E+001 -0.99324670E+000 -0.57025321E-002
 -0.11113577E+002 -0.48560433E+001  0.19676653E+001 -0.99531879E+000 -0.57152571E-002
 -0.11806640E+002 -0.48541292E+001  0.19677502E+001 -0.99294772E+000 -0.53220229E-002
 -0.11806651E+002 -0.48541292E+001  0.19677393E+001 -0.99031022E+000  0.32907408E-002
 -0.12208973E+002 -0.48522185E+001  0.19708825E+001 -0.99119652E+000  0.15593541E-002
 -0.12210454E+002 -0.48522185E+001  0.19694014E+001 -0.99986099E+000  0.11274442E-003
 -0.12209267E+002 -0.48522185E+001  0.19705886E+001 -0.99103074E+000  0.16247461E-002
