 -0.14887595E+002 -0.15192368E+002 -0.65796740E+001  0.18376971E+001 -0.85230074E-001
 -0.15541646E+002 -0.14436122E+002 -0.59527909E+001  0.18227774E+001 -0.85324238E-002
 -0.15800376E+002 -0.14436122E+002 -0.62115211E+001  0.18652689E+001 -0.11050157E+000
 -0.15757638E+002 -0.14436122E+002 -0.61687835E+001  0.18188045E+001 -0.99333672E-002
 -0.14439493E+002 -0.13746425E+002 -0.59492505E+001  0.18245778E+001  0.23085938E-001
 -0.13831478E+002 -0.13371707E+002 -0.52459250E+001  0.18586234E+001 -0.74030711E-001
 -0.13703454E+002 -0.12975811E+002 -0.34692426E+001  0.18771259E+001  0.20050985E-001
 -0.15413366E+002 -0.12975811E+002 -0.51791548E+001  0.18525055E+001 -0.60648396E-001
 -0.14955772E+002 -0.12975811E+002 -0.47215606E+001  0.18546943E+001  0.43004035E-001
 -0.13894359E+002 -0.12975811E+002 -0.36601473E+001  0.19075362E+001  0.83435089E-001
 -0.12241507E+002 -0.11998930E+002 -0.32394392E+001  0.19307759E+001 -0.89549130E-001
 -0.13427258E+002 -0.11419734E+002 -0.30388965E+001  0.19842084E+001  0.10271334E+000
 -0.13488040E+002 -0.11419734E+002 -0.30996780E+001  0.19824799E+001  0.10418577E+000
 -0.13482212E+002 -0.11419734E+002 -0.30938505E+001  0.19265589E+001 -0.82018323E-001
 -0.13543433E+002 -0.11419734E+002 -0.31550715E+001  0.19790480E+001 -0.10529839E+000
 -0.12006399E+002 -0.10989717E+002 -0.30043316E+001  0.19015835E+001 -0.50700181E-001
 -0.12651607E+002 -0.10703303E+002 -0.28693810E+001  0.19430760E+001 -0.85938672E-001
 -0.12778900E+002 -0.10703303E+002 -0.29966733E+001  0.19317472E+001  0.82759417E-001
 -0.11871459E+002 -0.10452520E+002 -0.27823795E+001  0.19773203E+001  0.95060075E-001
 -0.11871459E+002 -0.10452520E+002 -0.27823795E+001  0.19773203E+001  0.95060075E-001
 -0.12823659E+002 -0.10253691E+002 -0.25406574E+001  0.19995321E+001  0.88415593E-001
 -0.12922774E+002 -0.10253691E+002 -0.26397726E+001  0.18973678E+001 -0.19492522E-002
 -0.12878829E+002 -0.10253691E+002 -0.25958274E+001  0.19971878E+001  0.90289599E-001
 -0.12128374E+002 -0.10046991E+002 -0.22508381E+001  0.19094999E+001 -0.94976527E-003
 -0.12358474E+002 -0.10046991E+002 -0.24809373E+001  0.19750022E+001 -0.85821629E-001
 -0.12451986E+002 -0.98444063E+001 -0.20636245E+001  0.19960721E+001 -0.73231604E-001
 -0.12615046E+002 -0.98444063E+001 -0.22266837E+001  0.19938372E+001  0.78995101E-001
 -0.12460313E+002 -0.98444063E+001 -0.20719506E+001  0.19951599E+001 -0.73601122E-001
 -0.11338200E+002 -0.96446230E+001 -0.20484507E+001  0.19268629E+001 -0.36792539E-001
 -0.11994494E+002 -0.94758422E+001 -0.20115972E+001  0.19952631E+001 -0.71421636E-001
 -0.12012126E+002 -0.94758422E+001 -0.20292291E+001  0.19966439E+001 -0.71942647E-001
 -0.12567348E+002 -0.93264431E+001 -0.18913037E+001  0.19249191E+001 -0.17811719E-001
 -0.12614334E+002 -0.93264431E+001 -0.19382899E+001  0.19263186E+001 -0.26981827E-001
 -0.12633374E+002 -0.93264431E+001 -0.19573304E+001  0.19402269E+001 -0.48600042E-001
 -0.12615886E+002 -0.93264431E+001 -0.19398422E+001  0.19248087E+001  0.23426710E-001
 -0.11177829E+002 -0.91810329E+001 -0.18880797E+001  0.19885055E+001  0.66977265E-001
 -0.11174607E+002 -0.90537224E+001 -0.18848574E+001  0.19279185E+001 -0.25519928E-001
 -0.11114502E+002 -0.89404603E+001 -0.18247526E+001  0.19841175E+001  0.64227418E-001
 -0.11060454E+002 -0.88327572E+001 -0.17707047E+001  0.19459381E+001 -0.44006429E-001
 -0.12234673E+002 -0.87802708E+001 -0.15586287E+001  0.19480093E+001  0.32135734E-001
 -0.12426342E+002 -0.87802708E+001 -0.17502982E+001  0.19614784E+001  0.54357286E-001
 -0.11442663E+002 -0.87189759E+001 -0.14597657E+001  0.19889252E+001  0.47744154E-001
 -0.11837970E+002 -0.86761513E+001 -0.14496075E+001  0.19455822E+001 -0.16594532E-001
 -0.12194046E+002 -0.86346747E+001 -0.11125367E+001  0.19738478E+001 -0.16022881E-001
 -0.12448022E+002 -0.86346747E+001 -0.13665131E+001  0.19739009E+001  0.39321642E-001
