 -0.16194500E+002 -0.15202419E+002 -0.67779167E+001 -0.20713663E-001  0.12207394E+001
 -0.16278443E+002 -0.15202419E+002 -0.68618596E+001  0.10677213E+000  0.79823948E+000
 -0.16228294E+002 -0.15202419E+002 -0.68117103E+001  0.22880012E+000  0.97731063E+000
 -0.15759093E+002 -0.14480399E+002 -0.66983773E+001  0.13646587E+000  0.82404602E+000
 -0.15799782E+002 -0.14480399E+002 -0.67390668E+001  0.16520671E+000  0.11367134E+001
 -0.15061829E+002 -0.14043551E+002 -0.66780002E+001  0.22701188E+000  0.98074336E+000
 -0.15021037E+002 -0.13735172E+002 -0.66372083E+001  0.16795747E+000  0.85697565E+000
 -0.15014945E+002 -0.13491120E+002 -0.66311159E+001 -0.79049704E-001  0.78582262E+000
 -0.15854373E+002 -0.13308086E+002 -0.60029045E+001 -0.23019958E-001  0.12082574E+001
 -0.16379796E+002 -0.13308086E+002 -0.65283273E+001  0.19958739E+000  0.90427976E+000
 -0.15857767E+002 -0.13308086E+002 -0.60062978E+001 -0.18432291E+000  0.89357983E+000
 -0.15868186E+002 -0.13308086E+002 -0.60167171E+001 -0.21472824E+000  0.10218089E+001
 -0.15898362E+002 -0.13049751E+002 -0.57621919E+001 -0.17459223E+000  0.11036194E+001
 -0.15981088E+002 -0.13049751E+002 -0.58449181E+001 -0.13418155E+000  0.11500565E+001
 -0.15925951E+002 -0.13049751E+002 -0.57897808E+001  0.16229714E+000  0.86871171E+000
 -0.15930192E+002 -0.13049751E+002 -0.57940220E+001  0.16648796E+000  0.11150694E+001
 -0.15942488E+002 -0.13049751E+002 -0.58063181E+001  0.21214528E+000  0.97343384E+000
 -0.14799932E+002 -0.12798758E+002 -0.55650152E+001 -0.17235944E+000  0.88729668E+000
 -0.14942647E+002 -0.12798758E+002 -0.57077300E+001  0.16875625E+000  0.87880415E+000
 -0.14086995E+002 -0.12559463E+002 -0.55452247E+001 -0.78615076E-001  0.11829972E+001
 -0.14016187E+002 -0.12363016E+002 -0.54744173E+001  0.17014779E+000  0.11026335E+001
 -0.14689505E+002 -0.12192733E+002 -0.54238159E+001 -0.91167054E-001  0.81329709E+000
 -0.14719168E+002 -0.12192733E+002 -0.54534791E+001  0.17716232E+000  0.89747223E+000
 -0.14946699E+002 -0.12044499E+002 -0.52452394E+001 -0.18897620E+000  0.92597818E+000
 -0.15123945E+002 -0.12044499E+002 -0.54224857E+001 -0.14382351E+000  0.85591401E+000
 -0.14972605E+002 -0.12044499E+002 -0.52711457E+001 -0.20431904E+000  0.10081551E+001
 -0.13839144E+002 -0.11896197E+002 -0.52064436E+001 -0.13221420E+000  0.84884625E+000
 -0.14492064E+002 -0.11764140E+002 -0.51514018E+001 -0.22751298E-001  0.79201415E+000
 -0.14526885E+002 -0.11764140E+002 -0.51862226E+001 -0.65483624E-001  0.11830586E+001
 -0.14348504E+002 -0.11644651E+002 -0.49784273E+001  0.16554248E+000  0.89279511E+000
 -0.14441058E+002 -0.11644651E+002 -0.50709814E+001 -0.10601447E+000  0.82962887E+000
 -0.13508173E+002 -0.11522372E+002 -0.48022562E+001  0.18012700E+000  0.10662026E+001
 -0.14168812E+002 -0.11393741E+002 -0.47697482E+001  0.14920097E+000  0.11125329E+001
 -0.14199736E+002 -0.11393741E+002 -0.48006718E+001  0.16907612E+000  0.10861567E+001
 -0.13473565E+002 -0.11276234E+002 -0.47676486E+001 -0.85226883E-001  0.82154208E+000
 -0.13461050E+002 -0.11170884E+002 -0.47551331E+001  0.18690873E+000  0.10480385E+001
 -0.13979900E+002 -0.11078444E+002 -0.45363847E+001 -0.15120153E+000  0.11045027E+001
 -0.14013451E+002 -0.11078444E+002 -0.45699352E+001  0.14898209E+000  0.11080793E+001
 -0.13812921E+002 -0.10978378E+002 -0.43262334E+001 -0.17046660E+000  0.10686562E+001
 -0.13936414E+002 -0.10978378E+002 -0.44497259E+001 -0.39906931E-001  0.80772330E+000
 -0.13067510E+002 -0.10867292E+002 -0.42739693E+001  0.42960633E-001  0.11756581E+001
 -0.13731836E+002 -0.10762231E+002 -0.42451482E+001  0.14393879E+000  0.11063609E+001
 -0.13759035E+002 -0.10762231E+002 -0.42723469E+001 -0.15718535E+000  0.10894039E+001
 -0.14554317E+002 -0.10675457E+002 -0.40270405E+001  0.12029928E+000  0.86230308E+000
 -0.14761445E+002 -0.10675457E+002 -0.42341693E+001 -0.18737745E+000  0.10009738E+001
 -0.14690563E+002 -0.10675457E+002 -0.41632863E+001 -0.11511386E+000  0.11337904E+001
 -0.14584660E+002 -0.10675457E+002 -0.40573839E+001 -0.95839163E-001  0.11464665E+001
 -0.14681071E+002 -0.10675457E+002 -0.41537945E+001  0.15972770E+000  0.90735830E+000
 -0.14327298E+002 -0.10582887E+002 -0.35539849E+001  0.29080598E-001  0.82106684E+000
 -0.14422595E+002 -0.10582887E+002 -0.36492818E+001  0.16797509E+000  0.94324481E+000
 -0.14533170E+002 -0.10582887E+002 -0.37598563E+001  0.14187075E+000  0.89250427E+000
 -0.14652146E+002 -0.10582887E+002 -0.38788323E+001  0.86877101E-001  0.83922516E+000
 -0.14784792E+002 -0.10582887E+002 -0.40114785E+001  0.17331025E+000  0.94004793E+000
 -0.14571799E+002 -0.10582887E+002 -0.37984856E+001 -0.11878683E+000  0.11228567E+001
 -0.12547261E+002 -0.10451731E+002 -0.35532843E+001  0.17384939E+000  0.97230566E+000
 -0.13593049E+002 -0.10335723E+002 -0.35004600E+001  0.16984689E+000  0.95780986E+000
 -0.13597254E+002 -0.10335723E+002 -0.35046654E+001  0.63970482E-001  0.83374500E+000
 -0.13600525E+002 -0.10335723E+002 -0.35079359E+001  0.91279193E-001  0.11388786E+001
 -0.12402496E+002 -0.10227738E+002 -0.33959408E+001 -0.11391130E+000  0.11185246E+001
 -0.12393273E+002 -0.10121385E+002 -0.33741391E+001 -0.10623132E+000  0.86388526E+000
 -0.12383303E+002 -0.10023245E+002 -0.33641693E+001 -0.41918826E-001  0.11599884E+001
 -0.12986061E+002 -0.99392062E+001 -0.31996716E+001  0.15200387E+000  0.92591786E+000
 -0.13110287E+002 -0.99392062E+001 -0.33238973E+001  0.15357435E+000  0.92430681E+000
 -0.12273558E+002 -0.98484370E+001 -0.31803156E+001 -0.11905101E+000  0.88046299E+000
 -0.12921901E+002 -0.97636663E+001 -0.31355119E+001 -0.16812014E+000  0.99822928E+000
 -0.12962252E+002 -0.97636663E+001 -0.31758622E+001 -0.16846302E+000  0.10058639E+001
 -0.12177917E+002 -0.96820850E+001 -0.30846752E+001  0.63904692E-001  0.11463900E+001
 -0.13757539E+002 -0.96082056E+001 -0.29825381E+001  0.84006102E-001  0.11331395E+001
 -0.13794636E+002 -0.96082056E+001 -0.30196354E+001  0.12192089E+000  0.88758096E+000
 -0.13850851E+002 -0.96082056E+001 -0.30758507E+001 -0.16681988E+000  0.10033157E+001
 -0.13856478E+002 -0.96082056E+001 -0.30814770E+001 -0.47845168E-001  0.11529026E+001
 -0.13794103E+002 -0.96082056E+001 -0.30191018E+001 -0.75380899E-001  0.84924672E+000
 -0.13429337E+002 -0.95347825E+001 -0.28427941E+001  0.27360907E-001  0.83391556E+000
 -0.13499285E+002 -0.95347825E+001 -0.29127418E+001 -0.11081776E-001  0.11576448E+001
 -0.13435472E+002 -0.95347825E+001 -0.28489292E+001 -0.15715279E+000  0.10343452E+001
 -0.13488895E+002 -0.95347825E+001 -0.29023519E+001  0.12173092E+000  0.10987578E+001
 -0.12012371E+002 -0.94573728E+001 -0.28006943E+001  0.42571463E-001  0.83873667E+000
 -0.11991088E+002 -0.93833703E+001 -0.27679827E+001 -0.22127659E-001  0.11536501E+001
 -0.12638348E+002 -0.93138011E+001 -0.26993671E+001 -0.10901895E+000  0.11069842E+001
 -0.12694859E+002 -0.93138011E+001 -0.27558774E+001  0.15925387E+000  0.97218896E+000
 -0.12694859E+002 -0.93138011E+001 -0.27558774E+001  0.15925387E+000  0.97218896E+000
 -0.11868545E+002 -0.92450506E+001 -0.26114112E+001  0.15846196E+000  0.99431526E+000
 -0.12883750E+002 -0.91779579E+001 -0.24835521E+001 -0.12382236E+000  0.10847285E+001
 -0.12926151E+002 -0.91779579E+001 -0.25259531E+001  0.58464627E-001  0.85041028E+000
 -0.12924034E+002 -0.91779579E+001 -0.25238364E+001 -0.10233726E+000  0.87998154E+000
 -0.13141591E+002 -0.91117255E+001 -0.23796037E+001 -0.75942041E-001  0.11256723E+001
 -0.13174208E+002 -0.91117255E+001 -0.24122205E+001 -0.66159794E-001  0.85660492E+000
 -0.13208485E+002 -0.91117255E+001 -0.24464976E+001  0.43736551E-001  0.84609053E+000
 -0.13207333E+002 -0.91117255E+001 -0.24453456E+001  0.94927041E-001  0.11135477E+001
 -0.12789939E+002 -0.90469076E+001 -0.22556150E+001  0.14215429E+000  0.10442200E+001
 -0.12855145E+002 -0.90469076E+001 -0.23208216E+001  0.14651565E+000  0.95417959E+000
 -0.12806911E+002 -0.90469076E+001 -0.22725874E+001  0.12862890E+000  0.91826476E+000
 -0.12337153E+002 -0.89795478E+001 -0.21888768E+001  0.91484168E-001  0.87860399E+000
 -0.12375255E+002 -0.89795478E+001 -0.22269786E+001  0.15106577E+000  0.99188403E+000
 -0.11613712E+002 -0.89122284E+001 -0.21585825E+001 -0.14952556E+000  0.98706754E+000
 -0.11610838E+002 -0.88472782E+001 -0.21557088E+001  0.13685127E+000  0.93788824E+000
 -0.11601818E+002 -0.87872728E+001 -0.21270799E+001  0.90402119E-001  0.87920135E+000
 -0.11581388E+002 -0.87290681E+001 -0.21066500E+001 -0.10370784E+000  0.10973189E+001
 -0.12667370E+002 -0.86755386E+001 -0.20457013E+001 -0.11489946E+000  0.90624024E+000
 -0.12689654E+002 -0.86755386E+001 -0.20679856E+001 -0.13074146E+000  0.10602223E+001
 -0.12699972E+002 -0.86755386E+001 -0.20783033E+001 -0.53063310E-001  0.11312960E+001
 -0.11546465E+002 -0.86216210E+001 -0.20234083E+001 -0.12771078E+000  0.92574295E+000
 -0.11545515E+002 -0.85703004E+001 -0.20034106E+001  0.80350205E-001  0.11144603E+001
 -0.12205695E+002 -0.85205236E+001 -0.19704427E+001 -0.12164422E+000  0.10716013E+001
 -0.12211910E+002 -0.85205236E+001 -0.19766577E+001 -0.14584957E+000  0.98587117E+000
 -0.12074757E+002 -0.84720117E+001 -0.18299356E+001 -0.13401739E+000  0.10424558E+001
 -0.12184987E+002 -0.84720117E+001 -0.19401653E+001  0.57927620E-001  0.11262016E+001
 -0.12447163E+002 -0.84208632E+001 -0.17591359E+001  0.44021088E-001  0.11282186E+001
 -0.12515078E+002 -0.84208632E+001 -0.18270515E+001  0.92518629E-001  0.88849134E+000
 -0.12502750E+002 -0.84208632E+001 -0.18147231E+001  0.38100483E-002  0.85130003E+000
 -0.11347361E+002 -0.83687256E+001 -0.17579471E+001  0.11598226E-001  0.11355113E+001
 -0.11333531E+002 -0.83200114E+001 -0.17254240E+001 -0.12432594E+000  0.10581620E+001
 -0.11304767E+002 -0.82720611E+001 -0.16966603E+001 -0.64427132E-002  0.85384350E+000
 -0.12000930E+002 -0.82258525E+001 -0.16809844E+001  0.13943341E+000  0.10086797E+001
 -0.12013165E+002 -0.82258525E+001 -0.16932191E+001  0.63553082E-001  0.11179281E+001
 -0.12392568E+002 -0.81818080E+001 -0.16486377E+001 -0.13572435E+000  0.10253778E+001
 -0.12409364E+002 -0.81818080E+001 -0.16654342E+001  0.12171859E+000  0.10603656E+001
 -0.12399864E+002 -0.81818080E+001 -0.16559340E+001  0.44316131E-001  0.86274967E+000
 -0.12367442E+002 -0.81397875E+001 -0.15871443E+001 -0.77757547E-001  0.88255418E+000
 -0.12403193E+002 -0.81397875E+001 -0.16228957E+001  0.11088236E+000  0.91435234E+000
 -0.12374224E+002 -0.81397875E+001 -0.15939265E+001 -0.13533587E+000  0.96766835E+000
 -0.11940114E+002 -0.80969582E+001 -0.15652819E+001 -0.49080476E-001  0.11220975E+001
 -0.11956097E+002 -0.80969582E+001 -0.15812645E+001 -0.10996721E+000  0.10749735E+001
 -0.11236247E+002 -0.80557332E+001 -0.15365427E+001  0.92940606E-001  0.10926197E+001
 -0.11204347E+002 -0.80157161E+001 -0.14867854E+001 -0.47645668E-001  0.86780318E+000
 -0.11200941E+002 -0.79753150E+001 -0.14833790E+001 -0.10101309E-001  0.11300175E+001
 -0.12718353E+002 -0.79366943E+001 -0.13823846E+001  0.13272275E+000  0.10121636E+001
 -0.12819189E+002 -0.79366943E+001 -0.14832205E+001  0.13539901E+000  0.10079254E+001
 -0.12779371E+002 -0.79366943E+001 -0.14434031E+001 -0.49365571E-001  0.86951336E+000
 -0.12783060E+002 -0.79366943E+001 -0.14470921E+001  0.12817793E+000  0.95378991E+000
 -0.12762039E+002 -0.79366943E+001 -0.14260713E+001 -0.14244494E-001  0.86022259E+000
 -0.11773100E+002 -0.78956383E+001 -0.13534230E+001 -0.12496423E+000  0.95071000E+000
 -0.11782082E+002 -0.78956383E+001 -0.13624048E+001 -0.90625658E-001  0.10900182E+001
 -0.11070168E+002 -0.78564621E+001 -0.13079200E+001  0.12875966E+000  0.10240422E+001
 -0.11076000E+002 -0.78173812E+001 -0.13049410E+001 -0.40860158E-001  0.86924777E+000
 -0.11740464E+002 -0.77799849E+001 -0.12674476E+001  0.12514626E+000  0.95654027E+000
 -0.11768890E+002 -0.77799849E+001 -0.12958733E+001 -0.11472094E+000  0.10575276E+001
 -0.11054218E+002 -0.77429072E+001 -0.12655382E+001  0.35325969E-001  0.86826918E+000
 -0.12119985E+002 -0.77085801E+001 -0.11893956E+001 -0.83047740E-001  0.10921001E+001
 -0.12150182E+002 -0.77085801E+001 -0.12195932E+001  0.12429145E+000  0.95719300E+000
 -0.12128004E+002 -0.77085801E+001 -0.11974152E+001 -0.12062836E+000  0.10410514E+001
 -0.11026075E+002 -0.76731109E+001 -0.11855873E+001  0.12582746E+000  0.96491211E+000
 -0.11031849E+002 -0.76390148E+001 -0.11828507E+001 -0.12879643E+000  0.10093068E+001
 -0.11711794E+002 -0.76059541E+001 -0.11696486E+001 -0.10559283E+000  0.92275648E+000
 -0.11722634E+002 -0.76059541E+001 -0.11804888E+001  0.54920243E-001  0.11107112E+001
 -0.12084752E+002 -0.75740739E+001 -0.11200473E+001  0.10938982E+000  0.93039906E+000
 -0.12100676E+002 -0.75740739E+001 -0.11359714E+001 -0.60572528E-001  0.11066210E+001
 -0.12127526E+002 -0.75740739E+001 -0.11628209E+001  0.45025397E-001  0.87411554E+000
 -0.10985146E+002 -0.75416328E+001 -0.11190534E+001  0.11208602E+000  0.10546712E+001
 -0.12073896E+002 -0.75104451E+001 -0.11006076E+001  0.90234230E-001  0.90654091E+000
 -0.12082245E+002 -0.75104451E+001 -0.11089565E+001 -0.10551934E+000  0.10646959E+001
 -0.12079880E+002 -0.75104451E+001 -0.11065913E+001 -0.12011229E+000  0.10371065E+001
 -0.10980453E+002 -0.74806578E+001 -0.10718753E+001 -0.14192101E-001  0.86797812E+000
 -0.10980233E+002 -0.74509013E+001 -0.10716547E+001 -0.60547155E-001  0.11050662E+001
 -0.10979621E+002 -0.74219986E+001 -0.10710426E+001 -0.87318604E-001  0.90450341E+000
 -0.10985251E+002 -0.73941257E+001 -0.10681626E+001 -0.12673389E+000  0.10049715E+001
 -0.10985183E+002 -0.73669316E+001 -0.10680947E+001  0.35275478E-001  0.11161205E+001
 -0.11667576E+002 -0.73404556E+001 -0.10573396E+001  0.96562687E-001  0.91491517E+000
 -0.11670899E+002 -0.73404556E+001 -0.10606627E+001  0.11017338E+000  0.10554948E+001
 -0.11658956E+002 -0.73156641E+001 -0.99786197E+000 -0.61528940E-001  0.88643901E+000
 -0.11668030E+002 -0.73156641E+001 -0.10069352E+001  0.74425300E-002  0.86878697E+000
 -0.11637643E+002 -0.72900086E+001 -0.97654869E+000 -0.40572372E-001  0.87673681E+000
 -0.11654522E+002 -0.72900086E+001 -0.99342741E+000 -0.79985188E-001  0.10892962E+001
 -0.10941483E+002 -0.72644630E+001 -0.97353585E+000  0.10146994E+000  0.92416681E+000
 -0.11616676E+002 -0.72398907E+001 -0.93877441E+000 -0.92442512E-001  0.10754505E+001
 -0.11639244E+002 -0.72398907E+001 -0.96134247E+000  0.79212867E-001  0.10890518E+001
 -0.12041199E+002 -0.72158675E+001 -0.92477107E+000 -0.12363420E+000  0.98621592E+000
 -0.12046608E+002 -0.72158675E+001 -0.93018065E+000  0.11211852E+000  0.10458721E+001
 -0.12046261E+002 -0.72158675E+001 -0.92983389E+000  0.11609493E+000  0.10367904E+001
 -0.12517505E+002 -0.71926453E+001 -0.86595875E+000 -0.46883549E-002  0.87184204E+000
 -0.12564249E+002 -0.71926453E+001 -0.91270302E+000 -0.14356137E-001  0.87160703E+000
 -0.12523980E+002 -0.71926453E+001 -0.87243441E+000 -0.78941649E-001  0.10867542E+001
 -0.12539035E+002 -0.71926453E+001 -0.88748892E+000 -0.20757047E-001  0.11156642E+001
 -0.12530245E+002 -0.71926453E+001 -0.87869888E+000  0.10235560E+000  0.92908157E+000
 -0.10896302E+002 -0.71685917E+001 -0.85419400E+000 -0.96402782E-001  0.92171916E+000
 -0.10881668E+002 -0.71448285E+001 -0.83956028E+000  0.11057612E+000  0.94529715E+000
 -0.11564209E+002 -0.71212787E+001 -0.82895356E+000  0.11370084E+000  0.95306666E+000
 -0.11564591E+002 -0.71212787E+001 -0.82933561E+000 -0.25445764E-003  0.87258477E+000
 -0.10870231E+002 -0.70980282E+001 -0.82812296E+000  0.71091854E-001  0.10918318E+001
 -0.10866835E+002 -0.70752874E+001 -0.82472748E+000 -0.12883224E-001  0.87345231E+000
 -0.12174524E+002 -0.70533422E+001 -0.72945478E+000  0.10803414E+000  0.10440275E+001
 -0.12184908E+002 -0.70533422E+001 -0.73983906E+000 -0.99236788E-001  0.10596645E+001
 -0.12177405E+002 -0.70533422E+001 -0.73233553E+000 -0.11616575E+000  0.10220534E+001
 -0.12202726E+002 -0.70533422E+001 -0.75765720E+000  0.46722615E-001  0.11044415E+001
 -0.11457744E+002 -0.70299397E+001 -0.69752324E+000  0.52537220E-001  0.11001062E+001
 -0.11480771E+002 -0.70299397E+001 -0.72055029E+000 -0.33112442E-001  0.11087158E+001
 -0.10756721E+002 -0.70063390E+001 -0.68964766E+000 -0.96341737E-001  0.92778591E+000
 -0.10743642E+002 -0.69831023E+001 -0.67656867E+000 -0.33959289E-001  0.11073919E+001
 -0.11380593E+002 -0.69604769E+001 -0.60356460E+000 -0.96087389E-002  0.11106470E+001
 -0.11434283E+002 -0.69604769E+001 -0.65725482E+000  0.11436620E+000  0.10220767E+001
 -0.10672647E+002 -0.69366963E+001 -0.58876669E+000  0.21122939E-001  0.88036911E+000
 -0.12280605E+002 -0.69137035E+001 -0.56218070E+000  0.23182284E-001  0.88145800E+000
 -0.12285285E+002 -0.69137035E+001 -0.56686057E+000 -0.57903514E-001  0.89558395E+000
 -0.12297647E+002 -0.69137035E+001 -0.57922231E+000  0.16047295E-001  0.87969507E+000
 -0.12297497E+002 -0.69137035E+001 -0.57907247E+000 -0.94450564E-001  0.10601427E+001
 -0.12302561E+002 -0.69137035E+001 -0.58413650E+000 -0.26100626E-001  0.11074075E+001
 -0.11348466E+002 -0.68908174E+001 -0.53803368E+000 -0.18756189E-001  0.88115040E+000
 -0.11351421E+002 -0.68908174E+001 -0.54098840E+000  0.11225817E+000  0.97067953E+000
 -0.10636784E+002 -0.68680901E+001 -0.51119998E+000 -0.52284639E-001  0.89382536E+000
 -0.11957742E+002 -0.68454567E+001 -0.43756467E+000 -0.10924350E+000  0.96880045E+000
 -0.12010779E+002 -0.68454567E+001 -0.49060115E+000 -0.75492504E-001  0.91109957E+000
 -0.12007928E+002 -0.68454567E+001 -0.48775094E+000 -0.66931107E-001  0.10853297E+001
 -0.12004763E+002 -0.68454567E+001 -0.48458553E+000  0.64231702E-001  0.90211637E+000
 -0.11241067E+002 -0.68216531E+001 -0.41403715E+000 -0.79664217E-001  0.10718276E+001
 -0.11263840E+002 -0.68216531E+001 -0.43680931E+000 -0.11191130E+000  0.98339444E+000
 -0.10555372E+002 -0.67980519E+001 -0.41312093E+000 -0.10100024E-001  0.11060406E+001
 -0.10553016E+002 -0.67749741E+001 -0.41076448E+000 -0.11179895E+000  0.99999393E+000
 -0.10558463E+002 -0.67525521E+001 -0.40777285E+000 -0.10244499E+000  0.10382474E+001
 -0.10551417E+002 -0.67309195E+001 -0.38391947E+000 -0.10698248E+000  0.10243581E+001
 -0.11634929E+002 -0.67092393E+001 -0.36881960E+000  0.10771065E+000  0.96956223E+000
 -0.11645096E+002 -0.67092393E+001 -0.37898673E+000 -0.56123955E-001  0.10895751E+001
 -0.11639245E+002 -0.67092393E+001 -0.37313538E+000 -0.70560441E-001  0.10789822E+001
 -0.11616150E+002 -0.66887314E+001 -0.30044335E+000 -0.57379224E-001  0.90278031E+000
 -0.11640522E+002 -0.66887314E+001 -0.32481516E+000  0.81705948E-001  0.92305190E+000
 -0.11625766E+002 -0.66887314E+001 -0.31005949E+000  0.19598454E-001  0.11021093E+001
 -0.10503068E+002 -0.66672287E+001 -0.28597330E+000  0.37859670E-001  0.89303943E+000
 -0.11179490E+002 -0.66458751E+001 -0.26924854E+000  0.38992286E-001  0.10952669E+001
 -0.11186974E+002 -0.66458751E+001 -0.27673266E+000 -0.51070353E-001  0.10896648E+001
 -0.10476938E+002 -0.66246191E+001 -0.25984368E+000  0.87480584E-001  0.93279928E+000
 -0.10486161E+002 -0.66039517E+001 -0.25253727E+000  0.52738142E-001  0.90128701E+000
 -0.10486161E+002 -0.66039517E+001 -0.25253727E+000  0.52738142E-001  0.90128701E+000
 -0.11825035E+002 -0.65843574E+001 -0.16462602E+000  0.10546690E+000  0.98743752E+000
 -0.11899077E+002 -0.65843574E+001 -0.23866775E+000 -0.96989217E-001  0.10401427E+001
 -0.11904836E+002 -0.65843574E+001 -0.24442680E+000 -0.10758763E+000  0.98865198E+000
 -0.11869945E+002 -0.65843574E+001 -0.20953567E+000 -0.92766855E-001  0.10464985E+001
 -0.10442914E+002 -0.65635567E+001 -0.16083130E+000  0.45573264E-001  0.10893253E+001
 -0.10444445E+002 -0.65432639E+001 -0.15439361E+000 -0.59226563E-001  0.10809885E+001
 -0.10450276E+002 -0.65234048E+001 -0.15225602E+000 -0.99635248E-001  0.96154303E+000
 -0.11144257E+002 -0.65041956E+001 -0.13721706E+000  0.64286968E-001  0.10766758E+001
 -0.11144363E+002 -0.65041956E+001 -0.13732313E+000  0.61926512E-001  0.10785019E+001
 -0.11803379E+002 -0.64853617E+001 -0.87443706E-001  0.33215891E-001  0.89667314E+000
 -0.11808094E+002 -0.64853617E+001 -0.92158071E-001 -0.38740097E-001  0.89872168E+000
 -0.11844236E+002 -0.64853617E+001 -0.12830072E+000 -0.53307942E-002  0.88987397E+000
 -0.11830895E+002 -0.64853617E+001 -0.11495903E+000 -0.59136204E-002  0.10989044E+001
 -0.10411010E+002 -0.64659416E+001 -0.81368416E-001  0.92997385E-001  0.95052883E+000
 -0.11089077E+002 -0.64469260E+001 -0.58383463E-001 -0.10133313E+000  0.97712321E+000
 -0.11097323E+002 -0.64469260E+001 -0.66629608E-001  0.20871411E-001  0.89364657E+000
 -0.11762567E+002 -0.64284175E+001 -0.74732231E-002 -0.15177240E-001  0.89414627E+000
 -0.11794900E+002 -0.64284175E+001 -0.39806316E-001  0.35769315E-002  0.89212337E+000
 -0.11786656E+002 -0.64284175E+001 -0.31562478E-001  0.91559049E-001  0.95053050E+000
 -0.11791433E+002 -0.64284175E+001 -0.36340083E-001  0.51029896E-001  0.10827323E+001
 -0.11050309E+002 -0.64093053E+001  0.11637536E-001 -0.99703403E-001  0.10114136E+001
 -0.11062837E+002 -0.64093053E+001 -0.89120602E-003  0.29010128E-001  0.89764325E+000
 -0.12279227E+002 -0.63907669E+001  0.66253424E-001 -0.34682016E-001  0.10877547E+001
 -0.12322782E+002 -0.63907669E+001  0.22698732E-001 -0.67265723E-001  0.10687919E+001
 -0.12287168E+002 -0.63907669E+001  0.58312864E-001 -0.98859317E-001  0.10088315E+001
 -0.12292076E+002 -0.63907669E+001  0.53404721E-001  0.97322867E-001  0.97255856E+000
 -0.12289472E+002 -0.63907669E+001  0.56008620E-001 -0.74522799E-001  0.92941692E+000
 -0.12299457E+002 -0.63907669E+001  0.46023884E-001  0.55422849E-001  0.91206387E+000
 -0.12314470E+002 -0.63907669E+001  0.31010999E-001 -0.68471787E-001  0.92218069E+000
 -0.10321398E+002 -0.63715539E+001  0.78173010E-001  0.53279504E-001  0.91164160E+000
 -0.10312180E+002 -0.63524793E+001  0.87390730E-001  0.55700581E-001  0.91359715E+000
 -0.10310569E+002 -0.63335900E+001  0.89001188E-001 -0.17359450E-002  0.89554441E+000
 -0.10301616E+002 -0.63150213E+001  0.97954222E-001  0.24566538E-002  0.89580607E+000
 -0.10296806E+002 -0.62966287E+001  0.10276470E+000  0.91324108E-001  0.10313065E+001
 -0.10293310E+002 -0.62784820E+001  0.10626036E+000  0.45960233E-001  0.10813274E+001
 -0.10954939E+002 -0.62607375E+001  0.14574727E+000  0.97189973E-001  0.98728772E+000
 -0.10965493E+002 -0.62607375E+001  0.13519265E+000  0.83867149E-001  0.10440353E+001
 -0.10928470E+002 -0.62427491E+001  0.18018432E+000  0.87203684E-001  0.95446775E+000
 -0.10937751E+002 -0.62427491E+001  0.17090357E+000  0.13098920E-001  0.89874410E+000
 -0.10245893E+002 -0.62247505E+001  0.18548725E+000 -0.95845459E-001  0.98482874E+000
 -0.10241079E+002 -0.62073867E+001  0.21383169E+000 -0.90473833E-001  0.96480157E+000
 -0.11828212E+002 -0.61902314E+001  0.25930326E+000 -0.94273111E-001  0.99150049E+000
 -0.11844732E+002 -0.61902314E+001  0.24278370E+000 -0.68698219E-001  0.10591465E+001
 -0.11872980E+002 -0.61902314E+001  0.21453607E+000 -0.38223175E-002  0.89909670E+000
 -0.11852885E+002 -0.61902314E+001  0.23463031E+000  0.93021752E-001  0.10138693E+001
 -0.11836789E+002 -0.61902314E+001  0.25072631E+000  0.84012297E-001  0.95244787E+000
 -0.10883344E+002 -0.61727213E+001  0.29554403E+000  0.66643996E-001  0.10591769E+001
 -0.10914096E+002 -0.61727213E+001  0.26479231E+000 -0.58572051E-001  0.92185036E+000
 -0.10182662E+002 -0.61548830E+001  0.30307868E+000 -0.55378774E-001  0.92069341E+000
 -0.10180131E+002 -0.61372259E+001  0.30560965E+000 -0.76981999E-001  0.10460767E+001
 -0.10184766E+002 -0.61199653E+001  0.30875650E+000  0.43426533E-001  0.10763899E+001
 -0.10181497E+002 -0.61029446E+001  0.31202608E+000 -0.64854764E-001  0.10603251E+001
 -0.10183617E+002 -0.60862845E+001  0.31774946E+000  0.92234767E-001  0.10036910E+001
 -0.10875167E+002 -0.60700575E+001  0.33497195E+000  0.51648933E-001  0.91908368E+000
 -0.10876690E+002 -0.60700575E+001  0.33344815E+000  0.42552260E-001  0.10760698E+001
 -0.10178412E+002 -0.60541836E+001  0.36174617E+000 -0.63574560E-001  0.93002170E+000
 -0.11553006E+002 -0.60381371E+001  0.37344661E+000 -0.40457552E-001  0.10758799E+001
 -0.11560157E+002 -0.60381371E+001  0.36629592E+000  0.68645254E-001  0.93562570E+000
 -0.11560727E+002 -0.60381371E+001  0.36572606E+000  0.57298695E-001  0.10650866E+001
 -0.11555778E+002 -0.60381371E+001  0.37067459E+000 -0.30401373E-001  0.90903694E+000
 -0.12109796E+002 -0.60229757E+001  0.42911452E+000  0.86584042E-001  0.10167197E+001
 -0.12119448E+002 -0.60229757E+001  0.41946283E+000  0.83121122E-001  0.96195795E+000
 -0.12156980E+002 -0.60229757E+001  0.38193056E+000 -0.90798859E-001  0.99378416E+000
 -0.12146997E+002 -0.60229757E+001  0.39191385E+000 -0.86975425E-001  0.97049289E+000
 -0.12126649E+002 -0.60229757E+001  0.41226185E+000 -0.11350641E-001  0.90550566E+000
 -0.12124069E+002 -0.60229757E+001  0.41484165E+000  0.89168917E-001  0.10056142E+001
 -0.12130775E+002 -0.60229757E+001  0.40813591E+000  0.86540898E-001  0.10191782E+001
 -0.10166147E+002 -0.60073077E+001  0.43423401E+000  0.48470349E-001  0.10691560E+001
 -0.10848767E+002 -0.59920275E+001  0.45946766E+000  0.74713272E-001  0.94829710E+000
 -0.10853417E+002 -0.59920275E+001  0.45481715E+000  0.86539254E-001  0.10136996E+001
 -0.10855880E+002 -0.59769262E+001  0.47417310E+000 -0.69626122E-001  0.10479372E+001
 -0.10858360E+002 -0.59769262E+001  0.47169297E+000  0.71920353E-001  0.94477948E+000
 -0.10850235E+002 -0.59623547E+001  0.51540956E+000  0.18618253E-002  0.10815202E+001
 -0.10859178E+002 -0.59623547E+001  0.50646613E+000  0.84964738E-001  0.10136162E+001
 -0.11264139E+002 -0.59476998E+001  0.52787717E+000 -0.74627502E-001  0.10377170E+001
 -0.11269884E+002 -0.59476998E+001  0.52213170E+000 -0.83927351E-001  0.97403996E+000
 -0.11264708E+002 -0.59476998E+001  0.52730840E+000 -0.48859208E-001  0.10655601E+001
 -0.10160604E+002 -0.59330766E+001  0.53279994E+000  0.78057567E-001  0.10309571E+001
 -0.10158915E+002 -0.59185935E+001  0.53448878E+000  0.51128219E-001  0.10636500E+001
 -0.10842582E+002 -0.59042933E+001  0.54396909E+000  0.41138862E-001  0.91972177E+000
 -0.10843570E+002 -0.59042933E+001  0.54298075E+000  0.37632410E-001  0.10717075E+001
 -0.11244875E+002 -0.58900614E+001  0.54714143E+000 -0.84834707E-001  0.10077658E+001
 -0.11245867E+002 -0.58900614E+001  0.54614877E+000 -0.66862370E-001  0.10479662E+001
 -0.11246320E+002 -0.58900614E+001  0.54569634E+000  0.73521116E-001  0.10385146E+001
 -0.10143699E+002 -0.58759849E+001  0.54970477E+000  0.83043068E-001  0.97399144E+000
 -0.10821545E+002 -0.58621671E+001  0.57217452E+000  0.75856606E-001  0.10326936E+001
 -0.10837534E+002 -0.58621671E+001  0.55618511E+000 -0.84228176E-001  0.98023820E+000
 -0.10820085E+002 -0.58482301E+001  0.57363440E+000 -0.67692219E-001  0.94419403E+000
 -0.10820717E+002 -0.58482301E+001  0.57300294E+000  0.45438740E-002  0.10796508E+001
 -0.11229206E+002 -0.58348499E+001  0.59855176E+000 -0.82155806E-001  0.97671049E+000
 -0.11242196E+002 -0.58348499E+001  0.58556180E+000  0.84509364E-001  0.99974238E+000
 -0.11240990E+002 -0.58348499E+001  0.58676804E+000  0.77456895E-001  0.96152723E+000
 -0.10130616E+002 -0.58214101E+001  0.60559649E+000  0.83022790E-001  0.10075954E+001
 -0.11225944E+002 -0.58082410E+001  0.62296590E+000 -0.76314021E-001  0.96173107E+000
 -0.11242709E+002 -0.58082410E+001  0.60620084E+000  0.77194251E-001  0.96243006E+000
 -0.11228019E+002 -0.58082410E+001  0.62089046E+000 -0.18069429E-001  0.91323582E+000
 -0.11735926E+002 -0.57951993E+001  0.63779581E+000 -0.54963707E-001  0.93323900E+000
 -0.11744532E+002 -0.57951993E+001  0.62918929E+000 -0.82709330E-001  0.98544478E+000
 -0.11739701E+002 -0.57951993E+001  0.63402037E+000 -0.74042540E-002  0.91192190E+000
 -0.11749307E+002 -0.57951993E+001  0.62441494E+000  0.82885123E-001  0.10042669E+001
 -0.11750271E+002 -0.57951993E+001  0.62345031E+000  0.74804343E-001  0.10312570E+001
 -0.10133201E+002 -0.57826573E+001  0.67218403E+000 -0.78352490E-001  0.97154803E+000
 -0.10138956E+002 -0.57699255E+001  0.67316316E+000 -0.81556397E-001  0.98789298E+000
 -0.10135657E+002 -0.57573415E+001  0.67646288E+000  0.73578208E-001  0.95987250E+000
 -0.10823843E+002 -0.57448730E+001  0.68142411E+000 -0.23402043E-001  0.10728106E+001
 -0.10824490E+002 -0.57448730E+001  0.68077706E+000  0.80186533E-001  0.97998575E+000
 -0.10823831E+002 -0.57326635E+001  0.69504154E+000  0.77668389E-001  0.97182221E+000
 -0.10836716E+002 -0.57326635E+001  0.68215593E+000  0.59512394E-002  0.91335245E+000
 -0.10138943E+002 -0.57206800E+001  0.70698450E+000 -0.71304005E-001  0.95757435E+000
 -0.10137310E+002 -0.57087763E+001  0.71530704E+000 -0.35955215E-001  0.92304335E+000
 -0.10142108E+002 -0.56969936E+001  0.71719767E+000  0.76340654E-001  0.97004234E+000
 -0.11219375E+002 -0.56853262E+001  0.73854324E+000  0.49929252E-001  0.10565127E+001
 -0.11239296E+002 -0.56853262E+001  0.71862217E+000 -0.30776070E-001  0.10688338E+001
 -0.11223760E+002 -0.56853262E+001  0.73415785E+000 -0.77947722E-001  0.97777995E+000
 -0.12044541E+002 -0.56736245E+001  0.76740887E+000  0.97062273E-002  0.10729371E+001
 -0.12071247E+002 -0.56736245E+001  0.74070336E+000  0.67138319E-001  0.10371746E+001
 -0.12045342E+002 -0.56736245E+001  0.76660768E+000 -0.75815220E-001  0.97380122E+000
 -0.12055071E+002 -0.56736245E+001  0.75687875E+000  0.24707046E-001  0.91971721E+000
 -0.12059773E+002 -0.56736245E+001  0.75217747E+000  0.79203596E-001  0.99870502E+000
 -0.12054816E+002 -0.56736245E+001  0.75713430E+000  0.75526215E-001  0.10181187E+001
 -0.12066162E+002 -0.56736245E+001  0.74578780E+000 -0.71614053E-001  0.96095616E+000
 -0.10094547E+002 -0.56617215E+001  0.77149265E+000 -0.91134859E-002  0.10728746E+001
 -0.10790251E+002 -0.56502217E+001  0.79578371E+000  0.75957425E-002  0.91728145E+000
 -0.10791988E+002 -0.56502217E+001  0.79404662E+000 -0.75107739E-001  0.10152286E+001
 -0.10103796E+002 -0.56387272E+001  0.80233593E+000 -0.34608521E-001  0.10640121E+001
 -0.11477182E+002 -0.56275105E+001  0.83491706E+000 -0.24331995E-001  0.92236827E+000
 -0.11505749E+002 -0.56275105E+001  0.80635007E+000 -0.77382576E-001  0.99110833E+000
 -0.11494043E+002 -0.56275105E+001  0.81805681E+000 -0.74140103E-001  0.97421592E+000
 -0.11491107E+002 -0.56275105E+001  0.82099264E+000 -0.67283763E-002  0.10714587E+001
 -0.10084315E+002 -0.56160530E+001  0.84149047E+000 -0.24597650E-001  0.10668657E+001
 -0.11879154E+002 -0.56047983E+001  0.85148263E+000  0.13395180E-001  0.10694945E+001
 -0.11885656E+002 -0.56047983E+001  0.84498057E+000 -0.69531046E-001  0.96432526E+000
 -0.11888186E+002 -0.56047983E+001  0.84245102E+000 -0.13828837E-001  0.10697273E+001
 -0.11879447E+002 -0.56047983E+001  0.85118964E+000 -0.42120626E-001  0.10576698E+001
 -0.11881176E+002 -0.56047983E+001  0.84946031E+000 -0.22986783E-001  0.10671239E+001
 -0.11885137E+002 -0.56047983E+001  0.84549979E+000 -0.76130580E-001  0.99342582E+000
 -0.10086935E+002 -0.55935577E+001  0.85194215E+000  0.41972944E-001  0.93191230E+000
 -0.11461672E+002 -0.55824369E+001  0.86349982E+000  0.42575180E-001  0.93280831E+000
 -0.11471705E+002 -0.55824369E+001  0.85346686E+000 -0.67724333E-001  0.10286193E+001
 -0.11461700E+002 -0.55824369E+001  0.86347136E+000  0.38427253E-001  0.93010108E+000
 -0.11465838E+002 -0.55824369E+001  0.85933353E+000 -0.40727412E-001  0.10582617E+001
 -0.10073087E+002 -0.55713113E+001  0.86579056E+000  0.85932312E-002  0.10697248E+001
 -0.10794192E+002 -0.55608386E+001  0.88979190E+000 -0.46875973E-001  0.10524832E+001
 -0.10798601E+002 -0.55608386E+001  0.88538285E+000  0.44255498E-001  0.10547195E+001
 -0.10787270E+002 -0.55502239E+001  0.89671447E+000 -0.48411369E-001  0.93882735E+000
 -0.10789138E+002 -0.55502239E+001  0.89484628E+000 -0.74042189E-001  0.10024283E+001
 -0.10108978E+002 -0.55398467E+001  0.90090750E+000  0.41682030E-001  0.93376378E+000
 -0.11228605E+002 -0.55298479E+001  0.91104726E+000 -0.22198958E-001  0.10651400E+001
 -0.11235670E+002 -0.55298479E+001  0.90398292E+000 -0.57315777E-001  0.94840309E+000
 -0.11228955E+002 -0.55298479E+001  0.91069758E+000 -0.36108154E-001  0.93063599E+000
 -0.10128440E+002 -0.55198476E+001  0.91260052E+000  0.12425443E-001  0.10675140E+001
 -0.11512200E+002 -0.55099921E+001  0.92132714E+000  0.59818758E-001  0.10371081E+001
 -0.11518859E+002 -0.55099921E+001  0.91466799E+000  0.66005927E-001  0.10273209E+001
 -0.11517312E+002 -0.55099921E+001  0.91621419E+000 -0.71308429E-001  0.97671690E+000
 -0.11514465E+002 -0.55099921E+001  0.91906192E+000  0.69346308E-001  0.10191472E+001
 -0.10152364E+002 -0.55004426E+001  0.92545125E+000 -0.72867807E-001  0.10032067E+001
 -0.10150860E+002 -0.54909446E+001  0.92695551E+000 -0.39100152E-001  0.93313413E+000
 -0.11544943E+002 -0.54816904E+001  0.93729460E+000 -0.28297845E-001  0.10618580E+001
 -0.11547978E+002 -0.54816904E+001  0.93425961E+000  0.44319840E-001  0.10525345E+001
 -0.11551161E+002 -0.54816904E+001  0.93107627E+000  0.39227892E-001  0.93339075E+000
 -0.11555006E+002 -0.54816904E+001  0.92723121E+000  0.23705851E-001  0.92556240E+000
 -0.10163380E+002 -0.54724814E+001  0.93856917E+000  0.65921962E-001  0.96428296E+000
 -0.10168556E+002 -0.54633993E+001  0.93939880E+000 -0.70852267E-001  0.97827351E+000
 -0.10172769E+002 -0.54544452E+001  0.94119204E+000  0.67068164E-001  0.10228043E+001
 -0.10161560E+002 -0.54455547E+001  0.95240090E+000 -0.55497861E-001  0.94887862E+000
 -0.10157243E+002 -0.54366436E+001  0.95671805E+000 -0.71120094E-002  0.92289917E+000
 -0.10850870E+002 -0.54279835E+001  0.98033547E+000  0.63830648E-001  0.10264355E+001
 -0.10864504E+002 -0.54279835E+001  0.96670195E+000 -0.13536248E-002  0.92291063E+000
 -0.10156980E+002 -0.54191935E+001  0.98107876E+000 -0.42910671E-001  0.10515140E+001
 -0.10155204E+002 -0.54105256E+001  0.98886041E+000 -0.66706948E-001  0.10190744E+001
 -0.10848592E+002 -0.54019170E+001  0.99462550E+000 -0.69269663E-001  0.98031325E+000
 -0.10849292E+002 -0.54019170E+001  0.99392581E+000  0.60244700E-001  0.95801929E+000
 -0.11762593E+002 -0.53934345E+001  0.10088919E+001 -0.53469013E-001  0.10401448E+001
 -0.11771124E+002 -0.53934345E+001  0.10003610E+001  0.59897737E-001  0.95790604E+000
 -0.11762673E+002 -0.53934345E+001  0.10088123E+001  0.65993119E-001  0.10188961E+001
 -0.11768626E+002 -0.53934345E+001  0.10028589E+001  0.59595578E-001  0.95759721E+000
 -0.11772127E+002 -0.53934345E+001  0.99935827E+000 -0.41335712E-001  0.10518634E+001
 -0.10152952E+002 -0.53849030E+001  0.10090948E+001 -0.59885405E-002  0.92472455E+000
 -0.10844380E+002 -0.53764924E+001  0.10168199E+001  0.38110324E-001  0.10533239E+001
 -0.10848618E+002 -0.53764924E+001  0.10125819E+001 -0.11182397E-001  0.92551950E+000
 -0.11248350E+002 -0.53681377E+001  0.10243215E+001  0.42979425E-001  0.10494680E+001
 -0.11249392E+002 -0.53681377E+001  0.10232793E+001  0.69145064E-001  0.98566222E+000
 -0.11249098E+002 -0.53681377E+001  0.10235729E+001 -0.29134174E-001  0.93158491E+000
 -0.10147094E+002 -0.53597900E+001  0.10269650E+001  0.40494172E-002  0.10643411E+001
 -0.11936092E+002 -0.53515887E+001  0.10417744E+001  0.27315973E-001  0.93150048E+000
 -0.11937800E+002 -0.53515887E+001  0.10400668E+001  0.22817703E-001  0.92962672E+000
 -0.11944977E+002 -0.53515887E+001  0.10328898E+001  0.17728177E-001  0.10618798E+001
 -0.11938606E+002 -0.53515887E+001  0.10392611E+001  0.53658616E-001  0.10381700E+001
 -0.11937372E+002 -0.53515887E+001  0.10404951E+001  0.57776165E-001  0.95733959E+000
 -0.11941628E+002 -0.53515887E+001  0.10362391E+001 -0.53132822E-001  0.95080440E+000
 -0.10148300E+002 -0.53433824E+001  0.10438136E+001 -0.37289602E-001  0.10526690E+001
 -0.10147536E+002 -0.53352264E+001  0.10445771E+001  0.52401997E-001  0.10393679E+001
 -0.10147536E+002 -0.53352264E+001  0.10445771E+001  0.52401997E-001  0.10393679E+001
 -0.10859607E+002 -0.53273211E+001  0.10496069E+001 -0.60937787E-001  0.10264776E+001
 -0.10859747E+002 -0.53273211E+001  0.10494665E+001 -0.44934673E-001  0.10466375E+001
 -0.11257986E+002 -0.53194383E+001  0.10566932E+001  0.14114805E-001  0.92777366E+000
 -0.11264513E+002 -0.53194383E+001  0.10501664E+001 -0.19278935E-001  0.92885703E+000
 -0.11259716E+002 -0.53194383E+001  0.10549629E+001 -0.41025755E-001  0.10495404E+001
 -0.10165117E+002 -0.53116086E+001  0.10569199E+001  0.63217728E-001  0.10210284E+001
 -0.10856682E+002 -0.53038379E+001  0.10585020E+001  0.60402340E-001  0.10267722E+001
 -0.10857227E+002 -0.53038379E+001  0.10579570E+001  0.68481521E-001  0.99511993E+000
 -0.10165552E+002 -0.52961610E+001  0.10624907E+001 -0.15240886E-001  0.10613629E+001
 -0.10857937E+002 -0.52885123E+001  0.10632528E+001 -0.27855164E-001  0.93263312E+000
 -0.10858677E+002 -0.52885123E+001  0.10625125E+001 -0.48626980E-001  0.10424941E+001
 -0.10856429E+002 -0.52809159E+001  0.10647606E+001  0.55790088E-001  0.95603458E+000
 -0.10856572E+002 -0.52809159E+001  0.10646182E+001 -0.11068890E-001  0.92749094E+000
 -0.10168656E+002 -0.52734110E+001  0.10654662E+001  0.11529115E-002  0.92659745E+000
 -0.10160875E+002 -0.52659568E+001  0.10732470E+001  0.67898404E-001  0.99524701E+000
 -0.10858644E+002 -0.52585902E+001  0.10808201E+001  0.60541200E-001  0.10246695E+001
 -0.10863738E+002 -0.52585902E+001  0.10757261E+001  0.22232062E-001  0.93085393E+000
 -0.10163560E+002 -0.52512220E+001  0.10827569E+001 -0.58799879E-001  0.96207370E+000
 -0.10162395E+002 -0.52438937E+001  0.10839224E+001  0.38582138E-001  0.93974243E+000
 -0.10160104E+002 -0.52366102E+001  0.10862131E+001 -0.19404930E-001  0.93033527E+000
 -0.11542646E+002 -0.52294515E+001  0.11023113E+001 -0.66103564E-001  0.98561996E+000
 -0.11549801E+002 -0.52294515E+001  0.10951563E+001 -0.65046007E-001  0.10110227E+001
 -0.11545343E+002 -0.52294515E+001  0.10996141E+001 -0.96716992E-002  0.92863416E+000
 -0.11558585E+002 -0.52294515E+001  0.10863725E+001  0.62962636E-001  0.10186712E+001
 -0.10161699E+002 -0.52222728E+001  0.11031182E+001  0.16607270E-001  0.93021266E+000
 -0.11254994E+002 -0.52151396E+001  0.11084350E+001  0.64405891E-001  0.10114432E+001
 -0.11256857E+002 -0.52151396E+001  0.11065726E+001 -0.52841275E-001  0.95470891E+000
 -0.11256310E+002 -0.52151396E+001  0.11071189E+001  0.60610258E-001  0.10221908E+001
 -0.10845774E+002 -0.52080193E+001  0.11121899E+001  0.60561225E-001  0.96804484E+000
 -0.10849015E+002 -0.52080193E+001  0.11089491E+001 -0.65318521E-001  0.10073659E+001
 -0.10845701E+002 -0.52009228E+001  0.11122634E+001 -0.62886662E-001  0.97393169E+000
 -0.10845763E+002 -0.52009228E+001  0.11122009E+001  0.16947364E-001  0.10589691E+001
 -0.10156919E+002 -0.51939197E+001  0.11141679E+001 -0.37447441E-001  0.94036852E+000
 -0.10155651E+002 -0.51869522E+001  0.11154358E+001 -0.55288478E-001  0.10310866E+001
 -0.10844902E+002 -0.51800240E+001  0.11193317E+001 -0.35223138E-001  0.93912097E+000
 -0.10846126E+002 -0.51800240E+001  0.11181073E+001  0.32342394E-001  0.93731549E+000
 -0.10150319E+002 -0.51731168E+001  0.11207678E+001  0.14371403E-001  0.93037120E+000
 -0.10149837E+002 -0.51662471E+001  0.11212491E+001  0.57356082E-001  0.96253795E+000
 -0.10851440E+002 -0.51595077E+001  0.11256139E+001  0.52057433E-001  0.10349094E+001
 -0.10854553E+002 -0.51595077E+001  0.11225016E+001 -0.49530356E-002  0.92899762E+000
 -0.11263445E+002 -0.51528690E+001  0.11318139E+001  0.62226841E-001  0.10155205E+001
 -0.11268253E+002 -0.51528690E+001  0.11270054E+001 -0.54939176E-001  0.95903256E+000
 -0.11265301E+002 -0.51528690E+001  0.11299573E+001  0.60081433E-001  0.96867076E+000
 -0.10164864E+002 -0.51462751E+001  0.11381315E+001  0.62655155E-001  0.10133631E+001
 -0.10168905E+002 -0.51397247E+001  0.11404392E+001  0.63919661E-001  0.10080392E+001
 -0.10167887E+002 -0.51332018E+001  0.11414572E+001  0.58266963E-003  0.10600701E+001
 -0.10173453E+002 -0.51267558E+001  0.11422818E+001 -0.53274376E-001  0.10321719E+001
 -0.10172949E+002 -0.51203459E+001  0.11427854E+001  0.63847727E-001  0.10079287E+001
 -0.11558666E+002 -0.51140143E+001  0.11497933E+001  0.64411156E-001  0.10028670E+001
 -0.11558819E+002 -0.51140143E+001  0.11496403E+001 -0.60002288E-001  0.97045423E+000
 -0.11558803E+002 -0.51140143E+001  0.11496564E+001  0.61953271E-001  0.97580555E+000
 -0.11564921E+002 -0.51140143E+001  0.11435391E+001 -0.21755696E-002  0.10599531E+001
 -0.10171885E+002 -0.51076784E+001  0.11502807E+001  0.24970842E-001  0.93505563E+000
 -0.10869188E+002 -0.51014199E+001  0.11525969E+001 -0.56333709E-001  0.96323455E+000
 -0.10871058E+002 -0.51014199E+001  0.11507272E+001 -0.29518810E-001  0.10524609E+001
 -0.10869049E+002 -0.50951859E+001  0.11527357E+001 -0.58248750E-001  0.96687043E+000
 -0.10869100E+002 -0.50951859E+001  0.11526852E+001 -0.62013900E-001  0.97640765E+000
 -0.10172685E+002 -0.50889897E+001  0.11559527E+001 -0.55183558E-001  0.10282964E+001
 -0.10168540E+002 -0.50828118E+001  0.11600981E+001  0.22697529E-001  0.10551187E+001
 -0.11553740E+002 -0.50767268E+001  0.11743500E+001  0.54599627E-001  0.10278431E+001
 -0.11558841E+002 -0.50767268E+001  0.11692490E+001 -0.34972207E-001  0.10484102E+001
 -0.11567880E+002 -0.50767268E+001  0.11602103E+001  0.62004470E-001  0.10124651E+001
 -0.11565228E+002 -0.50767268E+001  0.11628619E+001  0.60089017E-001  0.97208622E+000
 -0.10861068E+002 -0.50706321E+001  0.11804328E+001  0.60278914E-001  0.10152200E+001
 -0.10866938E+002 -0.50706321E+001  0.11745626E+001 -0.54928480E-001  0.96256505E+000
 -0.10871489E+002 -0.50646163E+001  0.11830832E+001 -0.59306984E-001  0.97232318E+000
 -0.10872625E+002 -0.50646163E+001  0.11819480E+001 -0.32644425E-001  0.94044100E+000
 -0.10175269E+002 -0.50586207E+001  0.11861559E+001 -0.60441651E-001  0.10139966E+001
 -0.11556999E+002 -0.50526814E+001  0.11972780E+001  0.54603364E-001  0.10260223E+001
 -0.11560276E+002 -0.50526814E+001  0.11940011E+001  0.56255992E-001  0.10232673E+001
 -0.11566286E+002 -0.50526814E+001  0.11879912E+001 -0.23900947E-003  0.10582058E+001
 -0.11564100E+002 -0.50526814E+001  0.11901772E+001  0.41701523E-001  0.10422137E+001
 -0.11776174E+002 -0.50467115E+001  0.12012468E+001 -0.53619476E-001  0.96248928E+000
 -0.11777667E+002 -0.50467115E+001  0.11997534E+001  0.59536501E-001  0.10149587E+001
 -0.11778920E+002 -0.50467115E+001  0.11985003E+001  0.61782000E-001  0.98310685E+000
 -0.11778379E+002 -0.50467115E+001  0.11990417E+001  0.42633768E-001  0.10408869E+001
 -0.11778644E+002 -0.50467115E+001  0.11987772E+001  0.57617620E-001  0.10199602E+001
 -0.10163931E+002 -0.50407924E+001  0.12106526E+001  0.88395317E-003  0.93238345E+000
 -0.11777348E+002 -0.50349302E+001  0.12198316E+001 -0.38781982E-001  0.94666879E+000
 -0.11778449E+002 -0.50349302E+001  0.12187307E+001  0.35645388E-001  0.10455214E+001
 -0.11786469E+002 -0.50349302E+001  0.12107100E+001 -0.60516610E-001  0.10101155E+001
 -0.11777903E+002 -0.50349302E+001  0.12192760E+001  0.54772957E-001  0.96599919E+000
 -0.11779232E+002 -0.50349302E+001  0.12179476E+001 -0.58770697E-001  0.97501174E+000
 -0.10173712E+002 -0.50290869E+001  0.12205868E+001 -0.20490140E-001  0.10533165E+001
 -0.10860876E+002 -0.50232732E+001  0.12265698E+001  0.61044444E-001  0.10042925E+001
 -0.10862409E+002 -0.50232732E+001  0.12250368E+001 -0.43732729E-001  0.95144449E+000
 -0.11554677E+002 -0.50174966E+001  0.12325172E+001 -0.57445872E-001  0.97315392E+000
 -0.11559762E+002 -0.50174966E+001  0.12274315E+001 -0.12550572E-001  0.10552665E+001
 -0.11556734E+002 -0.50174966E+001  0.12304604E+001 -0.23138718E-001  0.10518613E+001
 -0.11559448E+002 -0.50174966E+001  0.12277460E+001  0.50729767E-001  0.96004835E+000
 -0.10179681E+002 -0.50117944E+001  0.12343766E+001 -0.52196346E-001  0.10270601E+001
 -0.10179594E+002 -0.50061140E+001  0.12344633E+001  0.59711071E-001  0.98064258E+000
 -0.10176547E+002 -0.50004651E+001  0.12375108E+001  0.28978192E-001  0.10487569E+001
 -0.10174845E+002 -0.49948309E+001  0.12392129E+001  0.52045794E-001  0.96292969E+000
 -0.10174637E+002 -0.49892188E+001  0.12394209E+001 -0.35205480E-001  0.10447816E+001
 -0.10174284E+002 -0.49836368E+001  0.12397736E+001  0.56636105E-001  0.97194519E+000
 -0.10868065E+002 -0.49781213E+001  0.12459197E+001  0.22240723E-001  0.93817481E+000
 -0.10869746E+002 -0.49781213E+001  0.12442387E+001 -0.21051220E-001  0.93763595E+000
 -0.10174545E+002 -0.49726023E+001  0.12462925E+001 -0.57614237E-001  0.97529703E+000
 -0.10180372E+002 -0.49671488E+001  0.12472918E+001 -0.29217466E-001  0.10481584E+001
 -0.11567666E+002 -0.49617563E+001  0.12531173E+001  0.12972729E-001  0.93561099E+000
 -0.11567984E+002 -0.49617563E+001  0.12528002E+001  0.16008472E-001  0.10533238E+001
 -0.11569564E+002 -0.49617563E+001  0.12512192E+001  0.54233275E-001  0.10220109E+001
 -0.11570691E+002 -0.49617563E+001  0.12500932E+001 -0.27817735E-001  0.10487770E+001
 -0.10187540E+002 -0.49563980E+001  0.12537750E+001 -0.37405672E-001  0.94738452E+000
 -0.11283268E+002 -0.49510649E+001  0.12566598E+001  0.22989979E-001  0.93897578E+000
 -0.11283331E+002 -0.49510649E+001  0.12565962E+001  0.23527940E-001  0.93920202E+000
 -0.11284333E+002 -0.49510649E+001  0.12555943E+001 -0.44383346E-001  0.10358272E+001
 -0.10188289E+002 -0.49457810E+001  0.12598995E+001 -0.58967483E-001  0.98219788E+000
 -0.11283812E+002 -0.49405080E+001  0.12629883E+001 -0.46845329E-001  0.10325043E+001
 -0.11284991E+002 -0.49405080E+001  0.12618096E+001 -0.58717853E-001  0.98146858E+000
 -0.11285303E+002 -0.49405080E+001  0.12614977E+001  0.26641220E-001  0.94088617E+000
 -0.10183561E+002 -0.49352464E+001  0.12646268E+001 -0.59941154E-001  0.98989799E+000
 -0.10182772E+002 -0.49300038E+001  0.12654159E+001  0.12110952E-001  0.93596255E+000
 -0.10891469E+002 -0.49248922E+001  0.12707731E+001  0.11376740E-001  0.10536375E+001
 -0.10894805E+002 -0.49248922E+001  0.12674372E+001 -0.39642363E-001  0.10397592E+001
 -0.10205009E+002 -0.49198144E+001  0.12710060E+001  0.40564347E-001  0.10387206E+001
 -0.11302235E+002 -0.49147612E+001  0.12723922E+001  0.39905421E-001  0.10392417E+001
 -0.11303258E+002 -0.49147612E+001  0.12713700E+001  0.58178418E-001  0.98097682E+000
 -0.11303404E+002 -0.49147612E+001  0.12712237E+001  0.40535805E-001  0.10387344E+001
 -0.10896564E+002 -0.49097264E+001  0.12725987E+001  0.54454844E-001  0.10194564E+001
 -0.10896677E+002 -0.49097264E+001  0.12724850E+001 -0.48510211E-001  0.10296614E+001
 -0.10206973E+002 -0.49047507E+001  0.12760598E+001 -0.59320609E-001  0.10013040E+001
 -0.11590121E+002 -0.48998172E+001  0.12862243E+001 -0.29666582E-002  0.93567592E+000
 -0.11593040E+002 -0.48998172E+001  0.12833045E+001 -0.59166724E-001  0.99960205E+000
 -0.11597955E+002 -0.48998172E+001  0.12783897E+001  0.58681011E-001  0.98483786E+000
 -0.11596077E+002 -0.48998172E+001  0.12802680E+001  0.58175506E-001  0.10072304E+001
 -0.11302674E+002 -0.48949266E+001  0.12999754E+001  0.50559239E-001  0.96549752E+000
 -0.11305768E+002 -0.48949266E+001  0.12968807E+001  0.26218199E-002  0.93612743E+000
 -0.11303740E+002 -0.48949266E+001  0.12989093E+001  0.57353568E-001  0.98272045E+000
 -0.10207810E+002 -0.48900268E+001  0.13031955E+001 -0.38810352E-001  0.10384378E+001
 -0.10207704E+002 -0.48851351E+001  0.13033016E+001 -0.58264898E-001  0.99002808E+000
 -0.10220539E+002 -0.48803343E+001  0.13044528E+001  0.58015534E-001  0.10018036E+001
 -0.10223466E+002 -0.48755840E+001  0.13084939E+001 -0.23309469E-001  0.10481624E+001
 -0.10223000E+002 -0.48708370E+001  0.13089600E+001 -0.51581247E-001  0.96814833E+000
 -0.10906044E+002 -0.48661103E+001  0.13190631E+001  0.32288561E-001  0.94712032E+000
 -0.10911280E+002 -0.48661103E+001  0.13138278E+001  0.22515596E-001  0.94147500E+000
 -0.10903011E+002 -0.48613582E+001  0.13220960E+001  0.39041913E-001  0.95269294E+000
 -0.10905583E+002 -0.48613582E+001  0.13195244E+001  0.52833852E-001  0.97181173E+000
 -0.10213244E+002 -0.48566809E+001  0.13329009E+001 -0.18822655E-001  0.94094009E+000
 -0.10218604E+002 -0.48520080E+001  0.13346076E+001  0.51814262E-001  0.97119451E+000
 -0.11313307E+002 -0.48473488E+001  0.13385177E+001  0.47505366E-001  0.10260301E+001
 -0.11316721E+002 -0.48473488E+001  0.13351031E+001 -0.17142264E-001  0.94047497E+000
 -0.11314436E+002 -0.48473488E+001  0.13373883E+001  0.10389797E-001  0.10508488E+001
 -0.11303031E+002 -0.48426932E+001  0.13487932E+001 -0.47829903E-001  0.96518688E+000
 -0.11309632E+002 -0.48426932E+001  0.13421923E+001 -0.54105365E-001  0.10118745E+001
 -0.11307820E+002 -0.48426932E+001  0.13440039E+001  0.44168621E-001  0.10301822E+001
 -0.11800789E+002 -0.48380114E+001  0.13618607E+001 -0.44179670E-001  0.96098113E+000
 -0.11813277E+002 -0.48380114E+001  0.13493733E+001 -0.54732130E-001  0.10084862E+001
 -0.11812718E+002 -0.48380114E+001  0.13499320E+001  0.55991401E-001  0.98836029E+000
 -0.11808896E+002 -0.48380114E+001  0.13537535E+001 -0.55239333E-001  0.98464548E+000
 -0.11805557E+002 -0.48380114E+001  0.13570933E+001 -0.39905605E-001  0.95573252E+000
 -0.10197362E+002 -0.48333241E+001  0.13630702E+001  0.18985864E-004  0.93905600E+000
 -0.10194937E+002 -0.48286531E+001  0.13654954E+001  0.35582808E-001  0.95224990E+000
 -0.10198885E+002 -0.48240262E+001  0.13688201E+001 -0.52548231E-001  0.10127054E+001
 -0.10901128E+002 -0.48194716E+001  0.13742176E+001 -0.52008426E-001  0.10134843E+001
 -0.10902294E+002 -0.48194716E+001  0.13730511E+001 -0.48625605E-001  0.10211205E+001
 -0.10213309E+002 -0.48149460E+001  0.13761096E+001  0.54903988E-001  0.98950448E+000
 -0.10213107E+002 -0.48104322E+001  0.13763116E+001 -0.67922909E-002  0.10496144E+001
 -0.11818116E+002 -0.48059703E+001  0.13880128E+001  0.53129484E-001  0.98238578E+000
 -0.11823310E+002 -0.48059703E+001  0.13828194E+001  0.42711354E-001  0.96067925E+000
 -0.11829440E+002 -0.48059703E+001  0.13766889E+001  0.48686124E-001  0.96921947E+000
 -0.11818651E+002 -0.48059703E+001  0.13874780E+001 -0.54645161E-001  0.99542495E+000
 -0.11829466E+002 -0.48059703E+001  0.13766634E+001 -0.54693047E-001  0.98791234E+000
 -0.11604141E+002 -0.48016032E+001  0.14076230E+001 -0.70258732E-002  0.94162872E+000
 -0.11620847E+002 -0.48016032E+001  0.13909170E+001  0.33415477E-002  0.10492544E+001
 -0.11618203E+002 -0.48016032E+001  0.13935610E+001  0.54307220E-001  0.99257797E+000
 -0.11614145E+002 -0.48016032E+001  0.13976199E+001  0.17389987E-001  0.94360807E+000
 -0.10210145E+002 -0.47971693E+001  0.14153248E+001 -0.14196170E-001  0.94349389E+000
 -0.10216023E+002 -0.47927525E+001  0.14166156E+001 -0.31999673E-001  0.95245665E+000
 -0.10228241E+002 -0.47884119E+001  0.14186839E+001 -0.43174316E-001  0.10257605E+001
 -0.10228152E+002 -0.47840810E+001  0.14187729E+001 -0.51929793E-001  0.98370157E+000
 -0.11604472E+002 -0.47797992E+001  0.14359157E+001 -0.52301805E-001  0.99353933E+000
 -0.11608872E+002 -0.47797992E+001  0.14315150E+001  0.52070373E-001  0.98803219E+000
 -0.11608344E+002 -0.47797992E+001  0.14320437E+001 -0.38949310E-001  0.95986610E+000
 -0.11612519E+002 -0.47797992E+001  0.14278688E+001 -0.49016239E-001  0.10141954E+001
 -0.11598471E+002 -0.47754930E+001  0.14490850E+001  0.38594727E-001  0.96072244E+000
 -0.11601936E+002 -0.47754930E+001  0.14456197E+001 -0.16976644E-002  0.10466974E+001
 -0.11606724E+002 -0.47754930E+001  0.14408320E+001  0.22468627E-001  0.94796793E+000
 -0.11602968E+002 -0.47754930E+001  0.14445877E+001  0.42277486E-001  0.10248538E+001
 -0.11590574E+002 -0.47711486E+001  0.14569816E+001 -0.93946294E-002  0.94446515E+000
 -0.11592125E+002 -0.47711486E+001  0.14554311E+001  0.50484761E-001  0.98561401E+000
 -0.11598450E+002 -0.47711486E+001  0.14491060E+001 -0.49696504E-002  0.94343002E+000
 -0.11595083E+002 -0.47711486E+001  0.14524726E+001  0.50709646E-001  0.98602320E+000
 -0.10208942E+002 -0.47668200E+001  0.14595400E+001 -0.40480077E-001  0.96381884E+000
 -0.11311390E+002 -0.47625607E+001  0.14700932E+001  0.16113264E-001  0.10428384E+001
 -0.11320325E+002 -0.47625607E+001  0.14611576E+001  0.38975863E-001  0.96208049E+000
 -0.11319471E+002 -0.47625607E+001  0.14620116E+001  0.45804253E-001  0.10172794E+001
 -0.11994125E+002 -0.47582745E+001  0.14805051E+001  0.49768229E-001  0.98934592E+000
 -0.11996619E+002 -0.47582745E+001  0.14780105E+001 -0.14341155E-002  0.94466622E+000
 -0.11998250E+002 -0.47582745E+001  0.14763797E+001 -0.24510505E-001  0.10387419E+001
 -0.11998126E+002 -0.47582745E+001  0.14765038E+001 -0.49475660E-001  0.10039154E+001
 -0.12003296E+002 -0.47582745E+001  0.14713340E+001  0.53987019E-002  0.94459952E+000
 -0.12002383E+002 -0.47582745E+001  0.14722466E+001 -0.40662842E-001  0.96512231E+000
 -0.10208971E+002 -0.47539930E+001  0.14811194E+001 -0.36624859E-001  0.96093982E+000
 -0.11308737E+002 -0.47497578E+001  0.14871867E+001  0.43292395E-001  0.10192976E+001
 -0.11312749E+002 -0.47497578E+001  0.14831738E+001 -0.36442647E-001  0.10289429E+001
 -0.11310297E+002 -0.47497578E+001  0.14856258E+001  0.47546861E-001  0.98016076E+000
 -0.10912698E+002 -0.47455753E+001  0.14921493E+001  0.30916767E-001  0.95637707E+000
 -0.10916256E+002 -0.47455753E+001  0.14885914E+001  0.42747845E-001  0.96978363E+000
 -0.10911343E+002 -0.47413895E+001  0.14935043E+001  0.48020090E-001  0.98336284E+000
 -0.10912688E+002 -0.47413895E+001  0.14921591E+001  0.43851205E-001  0.10177423E+001
 -0.10217547E+002 -0.47372156E+001  0.14941527E+001  0.40014570E-001  0.10237307E+001
 -0.10908818E+002 -0.47330563E+001  0.14960285E+001  0.24690456E-002  0.94563949E+000
 -0.10909531E+002 -0.47330563E+001  0.14953155E+001  0.55849831E-002  0.10438942E+001
 -0.10214358E+002 -0.47289065E+001  0.14973422E+001 -0.17716026E-001  0.94900307E+000
 -0.10213066E+002 -0.47247684E+001  0.14986332E+001 -0.31529511E-001  0.95731756E+000
 -0.10212067E+002 -0.47206420E+001  0.14996331E+001  0.48901955E-001  0.99933839E+000
 -0.10219456E+002 -0.47165592E+001  0.14997348E+001 -0.15176075E-001  0.94821856E+000
 -0.10222500E+002 -0.47125228E+001  0.15041814E+001 -0.36169168E-001  0.10276441E+001
 -0.10222030E+002 -0.47084848E+001  0.15046512E+001  0.68593488E-002  0.94652136E+000
 -0.10930672E+002 -0.47045503E+001  0.15116289E+001 -0.42976230E-001  0.10172288E+001
 -0.10931029E+002 -0.47045503E+001  0.15112724E+001 -0.44365793E-001  0.10143943E+001
 -0.11338365E+002 -0.47006331E+001  0.15168365E+001  0.80516852E-005  0.10430891E+001
 -0.11342245E+002 -0.47006331E+001  0.15129563E+001 -0.76409356E-002  0.10426797E+001
 -0.11341486E+002 -0.47006331E+001  0.15137148E+001 -0.62716371E-002  0.94692314E+000
 -0.10238457E+002 -0.46967108E+001  0.15181320E+001 -0.17960973E-001  0.95027888E+000
 -0.10931331E+002 -0.46927988E+001  0.15184051E+001 -0.15712025E-001  0.94944087E+000
 -0.10931593E+002 -0.46927988E+001  0.15181433E+001 -0.27424317E-001  0.95544701E+000
 -0.10234152E+002 -0.46889009E+001  0.15224372E+001  0.42398291E-001  0.97278512E+000
 -0.11335356E+002 -0.46850321E+001  0.15274493E+001 -0.77548470E-002  0.10418810E+001
 -0.11335806E+002 -0.46850321E+001  0.15270002E+001  0.35182750E-001  0.96290737E+000
 -0.11339944E+002 -0.46850321E+001  0.15228616E+001  0.30032725E-001  0.10320943E+001
 -0.10241825E+002 -0.46811881E+001  0.15299733E+001 -0.43141999E-001  0.10146881E+001
 -0.10255128E+002 -0.46774067E+001  0.15318219E+001 -0.42340198E-001  0.10161182E+001
 -0.11857320E+002 -0.46736327E+001  0.15390673E+001 -0.21146568E-002  0.94792046E+000
 -0.11859245E+002 -0.46736327E+001  0.15371427E+001  0.14886382E-001  0.10395622E+001
 -0.11860518E+002 -0.46736327E+001  0.15358700E+001  0.13425795E-001  0.10400988E+001
 -0.11864275E+002 -0.46736327E+001  0.15321125E+001  0.43649929E-001  0.97663699E+000
 -0.11864552E+002 -0.46736327E+001  0.15318354E+001  0.45862419E-001  0.98308737E+000
 -0.10936439E+002 -0.46698455E+001  0.15436577E+001  0.36434457E-001  0.96575690E+000
 -0.10936535E+002 -0.46698455E+001  0.15435617E+001  0.36277135E-001  0.96555331E+000
 -0.10242070E+002 -0.46660554E+001  0.15448801E+001  0.46353382E-001  0.10004622E+001
 -0.11622746E+002 -0.46622749E+001  0.15504987E+001 -0.43892122E-001  0.98007183E+000
 -0.11624566E+002 -0.46622749E+001  0.15486781E+001  0.40167962E-001  0.97168194E+000
 -0.11627156E+002 -0.46622749E+001  0.15460881E+001 -0.11158021E-001  0.94963510E+000
 -0.11622853E+002 -0.46622749E+001  0.15503910E+001  0.21071813E-001  0.95363420E+000
 -0.10236448E+002 -0.46584875E+001  0.15505015E+001  0.44093054E-001  0.98067268E+000
 -0.11351235E+002 -0.46548012E+001  0.15576742E+001 -0.65248931E-002  0.94937195E+000
 -0.11354196E+002 -0.46548012E+001  0.15547131E+001  0.45338286E-001  0.98643729E+000
 -0.11352670E+002 -0.46548012E+001  0.15562394E+001  0.30632519E-001  0.96062333E+000
 -0.10252030E+002 -0.46511022E+001  0.15582669E+001  0.35541601E-001  0.96592874E+000
 -0.11864157E+002 -0.46474431E+001  0.15633605E+001 -0.28819897E-001  0.95958892E+000
 -0.11865126E+002 -0.46474431E+001  0.15623912E+001  0.34520079E-001  0.10247894E+001
 -0.11868217E+002 -0.46474431E+001  0.15593004E+001  0.36330398E-001  0.96701623E+000
 -0.11867892E+002 -0.46474431E+001  0.15596257E+001 -0.45665613E-001  0.99924534E+000
 -0.11864636E+002 -0.46474431E+001  0.15628816E+001  0.17647504E-001  0.10370085E+001
 -0.10266370E+002 -0.46438350E+001  0.15672137E+001  0.44240749E-001  0.98462895E+000
 -0.10964786E+002 -0.46402538E+001  0.15696672E+001  0.11217521E-001  0.95100578E+000
 -0.10967120E+002 -0.46402538E+001  0.15673331E+001  0.32228948E-001  0.10268530E+001
 -0.10976721E+002 -0.46367311E+001  0.15731171E+001 -0.44536593E-001  0.10020907E+001
 -0.10979608E+002 -0.46367311E+001  0.15702297E+001  0.17936755E-001  0.10364377E+001
 -0.11380117E+002 -0.46332087E+001  0.15751858E+001  0.29213921E-002  0.10398009E+001
 -0.11381808E+002 -0.46332087E+001  0.15734950E+001 -0.33496560E-001  0.10250092E+001
 -0.11380926E+002 -0.46332087E+001  0.15743766E+001 -0.32051193E-001  0.10264705E+001
 -0.10979322E+002 -0.46297183E+001  0.15782382E+001  0.96166472E-002  0.10386694E+001
 -0.10981157E+002 -0.46297183E+001  0.15764024E+001  0.29665908E-001  0.10285690E+001
 -0.10285344E+002 -0.46262296E+001  0.15790682E+001 -0.33783779E-001  0.10242094E+001
 -0.10281394E+002 -0.46227500E+001  0.15830183E+001 -0.43892626E-001  0.10025203E+001
 -0.10287795E+002 -0.46192960E+001  0.15844606E+001  0.89998506E-002  0.95135166E+000
 -0.11384491E+002 -0.46158489E+001  0.15863767E+001 -0.24079741E-001  0.10321000E+001
 -0.11385385E+002 -0.46158489E+001  0.15854835E+001  0.44376850E-001  0.99655379E+000
 -0.11384827E+002 -0.46158489E+001  0.15860408E+001  0.12793933E-001  0.95242123E+000
 -0.10285664E+002 -0.46124071E+001  0.15865917E+001 -0.29970143E-001  0.96233119E+000
 -0.11883580E+002 -0.46089763E+001  0.15981132E+001 -0.39426572E-001  0.97625110E+000
 -0.11889581E+002 -0.46089763E+001  0.15921122E+001  0.43218768E-001  0.98662838E+000
 -0.11888646E+002 -0.46089763E+001  0.15930477E+001  0.94559518E-002  0.95195888E+000
 -0.11892087E+002 -0.46089763E+001  0.15896063E+001 -0.26161964E-001  0.10304319E+001
 -0.11893597E+002 -0.46089763E+001  0.15880966E+001  0.22666588E-001  0.95695536E+000
 -0.10272664E+002 -0.46055177E+001  0.15995919E+001 -0.43304852E-001  0.99988327E+000
 -0.10272066E+002 -0.46020660E+001  0.16001900E+001 -0.43466424E-001  0.99767639E+000
 -0.10270645E+002 -0.45986240E+001  0.16016112E+001 -0.43460515E-001  0.99581157E+000
 -0.10962150E+002 -0.45951890E+001  0.16032528E+001 -0.16592586E-001  0.95485825E+000
 -0.10962659E+002 -0.45951890E+001  0.16027440E+001  0.16668940E-002  0.95151483E+000
 -0.10268905E+002 -0.45917602E+001  0.16033508E+001  0.79154040E-002  0.10375385E+001
 -0.10267743E+002 -0.45883427E+001  0.16045124E+001  0.19316087E-001  0.95619564E+000
 -0.10267379E+002 -0.45849329E+001  0.16048769E+001  0.42821348E-001  0.10011839E+001
 -0.11369791E+002 -0.45815622E+001  0.16095874E+001 -0.42600125E-001  0.10007622E+001
 -0.11371565E+002 -0.45815622E+001  0.16078136E+001 -0.38688732E-001  0.10138606E+001
 -0.11374221E+002 -0.45815622E+001  0.16051577E+001  0.42678135E-001  0.10019899E+001
 -0.10961977E+002 -0.45781871E+001  0.16119362E+001 -0.27406014E-001  0.96204467E+000
 -0.10963735E+002 -0.45781871E+001  0.16101788E+001 -0.13390055E-001  0.95409365E+000
 -0.10268426E+002 -0.45748153E+001  0.16123404E+001 -0.39066405E-001  0.10124327E+001
 -0.10268117E+002 -0.45714536E+001  0.16126497E+001 -0.27441744E-001  0.10277160E+001
 -0.10268106E+002 -0.45681020E+001  0.16126608E+001 -0.24867459E-001  0.96012683E+000
 -0.11381204E+002 -0.45648197E+001  0.16157191E+001  0.42600038E-001  0.99329232E+000
 -0.11382054E+002 -0.45648197E+001  0.16148689E+001 -0.31433762E-001  0.96614156E+000
 -0.11382250E+002 -0.45648197E+001  0.16146733E+001 -0.38670092E-001  0.97693428E+000
 -0.11906481E+002 -0.45615945E+001  0.16186595E+001 -0.12464041E-001  0.95432833E+000
 -0.11906929E+002 -0.45615945E+001  0.16182117E+001 -0.19304840E-001  0.10327185E+001
 -0.11908760E+002 -0.45615945E+001  0.16163803E+001 -0.16185098E-002  0.95232512E+000
 -0.11908360E+002 -0.45615945E+001  0.16167804E+001  0.17696101E-001  0.95622198E+000
 -0.11908550E+002 -0.45615945E+001  0.16165906E+001  0.40479673E-001  0.98180986E+000
 -0.10294564E+002 -0.45583703E+001  0.16211383E+001  0.41852870E-001  0.98880522E+000
 -0.10293483E+002 -0.45551485E+001  0.16222191E+001 -0.22927573E-001  0.10303434E+001
 -0.11675872E+002 -0.45519335E+001  0.16261246E+001  0.95862781E-002  0.95400744E+000
 -0.11675890E+002 -0.45519335E+001  0.16261064E+001 -0.32479823E-001  0.96838147E+000
 -0.11676086E+002 -0.45519335E+001  0.16259105E+001  0.38626174E-001  0.97848517E+000
 -0.11678385E+002 -0.45519335E+001  0.16236123E+001 -0.13397612E-001  0.95494628E+000
 -0.10289412E+002 -0.45487163E+001  0.16262906E+001  0.41491557E-001  0.10014113E+001
 -0.10289141E+002 -0.45455090E+001  0.16265612E+001  0.40852224E-001  0.98534306E+000
 -0.10297484E+002 -0.45423397E+001  0.16272686E+001 -0.19490360E-001  0.10320080E+001
 -0.10995290E+002 -0.45392067E+001  0.16316597E+001 -0.33150381E-001  0.96977695E+000
 -0.10998539E+002 -0.45392067E+001  0.16284105E+001 -0.32500799E-001  0.96862848E+000
 -0.10301564E+002 -0.45360698E+001  0.16322384E+001 -0.38492722E-001  0.10107405E+001
 -0.11002962E+002 -0.45329692E+001  0.16331202E+001  0.26185995E-001  0.96269135E+000
 -0.11003217E+002 -0.45329692E+001  0.16328653E+001 -0.37982246E-001  0.97806982E+000
 -0.11416341E+002 -0.45299312E+001  0.16433881E+001  0.31660747E-001  0.96905203E+000
 -0.11426082E+002 -0.45299312E+001  0.16336474E+001 -0.12566013E-001  0.95531599E+000
 -0.11420399E+002 -0.45299312E+001  0.16393302E+001 -0.17972528E-001  0.95787331E+000
 -0.12136167E+002 -0.45269784E+001  0.16524272E+001 -0.20366270E-001  0.96009090E+000
 -0.12143159E+002 -0.45269784E+001  0.16454358E+001 -0.23071877E-001  0.10285419E+001
 -0.12138042E+002 -0.45269784E+001  0.16505526E+001 -0.34129841E-001  0.10166630E+001
 -0.12136940E+002 -0.45269784E+001  0.16516544E+001  0.46621007E-002  0.95473991E+000
 -0.12142519E+002 -0.45269784E+001  0.16460760E+001 -0.26850875E-001  0.96430326E+000
 -0.12136910E+002 -0.45269784E+001  0.16516846E+001 -0.21955890E-001  0.96102225E+000
 -0.11954900E+002 -0.45240336E+001  0.16601836E+001 -0.39262145E-001  0.98796146E+000
 -0.11957306E+002 -0.45240336E+001  0.16577773E+001  0.30130365E-002  0.95497035E+000
 -0.11956122E+002 -0.45240336E+001  0.16589621E+001 -0.43165494E-002  0.95516788E+000
 -0.11956752E+002 -0.45240336E+001  0.16583321E+001 -0.26837923E-001  0.10245331E+001
 -0.11956160E+002 -0.45240336E+001  0.16589232E+001 -0.20569992E-001  0.10291476E+001
 -0.10345438E+002 -0.45210746E+001  0.16602080E+001 -0.39768449E-001  0.99192820E+000
 -0.11033167E+002 -0.45181243E+001  0.16656260E+001 -0.18860400E-001  0.10296358E+001
 -0.11037478E+002 -0.45181243E+001  0.16613154E+001 -0.26667578E-001  0.96542788E+000
 -0.10363394E+002 -0.45152444E+001  0.16689199E+001 -0.84726823E-002  0.10333115E+001
 -0.10362329E+002 -0.45123633E+001  0.16699845E+001 -0.38664333E-001  0.10017142E+001
 -0.10362033E+002 -0.45094874E+001  0.16702812E+001 -0.25236389E-001  0.10249173E+001
 -0.11457404E+002 -0.45066190E+001  0.16735221E+001  0.37163444E-001  0.98309347E+000
 -0.11459688E+002 -0.45066190E+001  0.16712386E+001 -0.11408849E-001  0.10323817E+001
 -0.11460256E+002 -0.45066190E+001  0.16706704E+001 -0.19547675E-001  0.10288776E+001
 -0.10367179E+002 -0.45037753E+001  0.16741847E+001  0.37262238E-002  0.10337206E+001
 -0.11760777E+002 -0.45009633E+001  0.16759310E+001  0.21735640E-001  0.96274350E+000
 -0.11762155E+002 -0.45009633E+001  0.16745529E+001 -0.17158248E-001  0.95996668E+000
 -0.11762470E+002 -0.45009633E+001  0.16742382E+001 -0.27920966E-001  0.96779817E+000
 -0.11762152E+002 -0.45009633E+001  0.16745560E+001 -0.17749104E-001  0.10295717E+001
 -0.10371180E+002 -0.44981543E+001  0.16792332E+001 -0.11919277E-001  0.10316736E+001
 -0.10370905E+002 -0.44953439E+001  0.16795084E+001  0.37760154E-001  0.98682551E+000
 -0.12004389E+002 -0.44926162E+001  0.16828612E+001 -0.11086944E-001  0.95814230E+000
 -0.12005947E+002 -0.44926162E+001  0.16813032E+001 -0.13015501E-001  0.10311530E+001
 -0.12005360E+002 -0.44926162E+001  0.16818908E+001 -0.54347727E-002  0.95681416E+000
 -0.12004759E+002 -0.44926162E+001  0.16824914E+001 -0.17406213E-001  0.96067611E+000
 -0.12004439E+002 -0.44926162E+001  0.16828120E+001 -0.13033638E-001  0.10310407E+001
 -0.11094651E+002 -0.44899115E+001  0.16853587E+001 -0.37841583E-001  0.98943534E+000
 -0.11096590E+002 -0.44899115E+001  0.16834200E+001 -0.12609664E-001  0.10311491E+001
 -0.10399267E+002 -0.44872073E+001  0.16875957E+001 -0.23093557E-001  0.96467429E+000
 -0.11494401E+002 -0.44845043E+001  0.16910738E+001 -0.32572584E-001  0.10141895E+001
 -0.11495257E+002 -0.44845043E+001  0.16902175E+001  0.58988385E-003  0.95698446E+000
 -0.11497741E+002 -0.44845043E+001  0.16877342E+001 -0.37824769E-001  0.99940495E+000
 -0.10411216E+002 -0.44818484E+001  0.16939957E+001 -0.12063318E-001  0.95924133E+000
 -0.10427174E+002 -0.44792396E+001  0.16962199E+001 -0.36162796E-001  0.10049022E+001
 -0.11538135E+002 -0.44766782E+001  0.17018892E+001  0.34860567E-001  0.10076881E+001
 -0.11542945E+002 -0.44766782E+001  0.16970795E+001 -0.31778107E-001  0.10147160E+001
 -0.11543344E+002 -0.44766782E+001  0.16966806E+001 -0.28232135E-001  0.10195398E+001
 -0.10448056E+002 -0.44741319E+001  0.17023246E+001  0.22543676E-001  0.10243537E+001
 -0.10447998E+002 -0.44715909E+001  0.17023832E+001 -0.11672540E-001  0.10301227E+001
 -0.11149720E+002 -0.44690790E+001  0.17028580E+001 -0.56777154E-002  0.10315458E+001
 -0.11149940E+002 -0.44690790E+001  0.17026376E+001 -0.29164304E-001  0.10177806E+001
 -0.11549987E+002 -0.44665722E+001  0.17080564E+001 -0.34195488E-001  0.10082450E+001
 -0.11554070E+002 -0.44665722E+001  0.17039729E+001  0.36727783E-001  0.99060321E+000
 -0.11552966E+002 -0.44665722E+001  0.17050776E+001 -0.13380536E-001  0.96053039E+000
 -0.10450646E+002 -0.44640586E+001  0.17087845E+001 -0.34353693E-001  0.10076902E+001
 -0.10457793E+002 -0.44615725E+001  0.17108549E+001  0.14433547E-001  0.10284438E+001
 -0.10466407E+002 -0.44591102E+001  0.17114574E+001 -0.36466788E-001  0.99455320E+000
 -0.11159044E+002 -0.44566525E+001  0.17119676E+001 -0.98927061E-002  0.95985553E+000
 -0.11159299E+002 -0.44566525E+001  0.17117123E+001 -0.16486060E-001  0.10274129E+001
 -0.10465303E+002 -0.44541996E+001  0.17125608E+001  0.35615467E-001  0.98750799E+000
 -0.10464445E+002 -0.44517512E+001  0.17134194E+001  0.96387826E-002  0.10299462E+001
 -0.10461606E+002 -0.44493067E+001  0.17162585E+001 -0.38481931E-002  0.10308505E+001
 -0.10461606E+002 -0.44493067E+001  0.17162585E+001 -0.38481931E-002  0.10308505E+001
 -0.11845722E+002 -0.44468613E+001  0.17184366E+001  0.12850312E-001  0.96132468E+000
 -0.11847451E+002 -0.44468613E+001  0.17167076E+001  0.12217284E-001  0.96095730E+000
 -0.11846425E+002 -0.44468613E+001  0.17177339E+001 -0.36006404E-001  0.99369066E+000
 -0.11846302E+002 -0.44468613E+001  0.17178566E+001 -0.36458837E-002  0.95907318E+000
 -0.10468756E+002 -0.44444399E+001  0.17187700E+001  0.10420035E-001  0.10293285E+001
 -0.10467880E+002 -0.44420237E+001  0.17196457E+001 -0.35808317E-001  0.99249279E+000
 -0.11169624E+002 -0.44396345E+001  0.17208056E+001 -0.28045417E-001  0.10171597E+001
 -0.11170015E+002 -0.44396345E+001  0.17204144E+001 -0.85174003E-002  0.96010538E+000
 -0.11169201E+002 -0.44372482E+001  0.17212282E+001 -0.30952533E-001  0.97704832E+000
 -0.11169283E+002 -0.44372482E+001  0.17211464E+001 -0.20993987E-001  0.96598299E+000
 -0.11581521E+002 -0.44348900E+001  0.17242257E+001 -0.16304161E-001  0.10265169E+001
 -0.11581603E+002 -0.44348900E+001  0.17241438E+001  0.12899231E-001  0.96177911E+000
 -0.11582416E+002 -0.44348900E+001  0.17233305E+001 -0.33506261E-001  0.10070351E+001
 -0.11174638E+002 -0.44325302E+001  0.17256434E+001  0.14983343E-002  0.95947327E+000
 -0.11175084E+002 -0.44325302E+001  0.17251978E+001 -0.34166703E-001  0.98535782E+000
 -0.11593563E+002 -0.44302189E+001  0.17319862E+001 -0.34432731E-001  0.98865314E+000
 -0.11595701E+002 -0.44302189E+001  0.17298487E+001 -0.35129893E-001  0.99650110E+000
 -0.11598582E+002 -0.44302189E+001  0.17269672E+001 -0.44148635E-003  0.10302949E+001
 -0.10493744E+002 -0.44278982E+001  0.17331936E+001  0.75923130E-002  0.10290084E+001
 -0.10492624E+002 -0.44255801E+001  0.17343135E+001  0.81810371E-002  0.96105365E+000
 -0.11182239E+002 -0.44232648E+001  0.17378452E+001 -0.28989624E-001  0.10137539E+001
 -0.11183274E+002 -0.44232648E+001  0.17368102E+001  0.18455819E-001  0.10242393E+001
 -0.10506591E+002 -0.44209929E+001  0.17405485E+001  0.18852905E-001  0.96620499E+000
 -0.11203885E+002 -0.44187428E+001  0.17464524E+001  0.25630142E-001  0.10171542E+001
 -0.11207637E+002 -0.44187428E+001  0.17427004E+001 -0.15108347E-001  0.10256196E+001
 -0.11201320E+002 -0.44164845E+001  0.17490175E+001  0.59978808E-002  0.96170374E+000
 -0.11203324E+002 -0.44164845E+001  0.17470130E+001 -0.31517304E-001  0.98250222E+000
 -0.11902228E+002 -0.44142482E+001  0.17514091E+001  0.90951351E-002  0.96260952E+000
 -0.11904348E+002 -0.44142482E+001  0.17492888E+001  0.27999519E-001  0.10137124E+001
 -0.11902492E+002 -0.44142482E+001  0.17511445E+001 -0.33589674E-001  0.99520986E+000
 -0.11903096E+002 -0.44142482E+001  0.17505407E+001 -0.23697674E-001  0.10187727E+001
 -0.10524046E+002 -0.44120342E+001  0.17534494E+001 -0.32053103E-001  0.98553924E+000
 -0.11638536E+002 -0.44098648E+001  0.17577743E+001 -0.19702360E-001  0.96838269E+000
 -0.11640583E+002 -0.44098648E+001  0.17557268E+001 -0.30827770E-001  0.98255086E+000
 -0.11642197E+002 -0.44098648E+001  0.17541135E+001 -0.29280942E-001  0.97899489E+000
 -0.10539223E+002 -0.44076907E+001  0.17584747E+001  0.29865363E-001  0.98087697E+000
 -0.11656141E+002 -0.44055632E+001  0.17603712E+001 -0.18761851E-001  0.96795010E+000
 -0.11656593E+002 -0.44055632E+001  0.17599199E+001 -0.20628850E-001  0.96931036E+000
 -0.11657354E+002 -0.44055632E+001  0.17591583E+001 -0.31466714E-001  0.98511141E+000
 -0.12162875E+002 -0.44034362E+001  0.17644633E+001 -0.20131061E-001  0.10205112E+001
 -0.12165894E+002 -0.44034362E+001  0.17614447E+001 -0.31258127E-001  0.98503665E+000
 -0.12163065E+002 -0.44034362E+001  0.17642733E+001  0.29272354E-001  0.98067744E+000
 -0.12165530E+002 -0.44034362E+001  0.17618086E+001 -0.31981047E-001  0.98780977E+000
 -0.12163233E+002 -0.44034362E+001  0.17641051E+001 -0.71548044E-002  0.96312083E+000
 -0.11246209E+002 -0.44013049E+001  0.17648387E+001  0.32191651E-001  0.99968692E+000
 -0.11246483E+002 -0.44013049E+001  0.17645649E+001 -0.32499717E-001  0.99297360E+000
 -0.10550870E+002 -0.43991775E+001  0.17670300E+001  0.59304847E-002  0.96310064E+000
 -0.10550228E+002 -0.43970499E+001  0.17676724E+001 -0.19260497E-001  0.96901038E+000
 -0.11251562E+002 -0.43949475E+001  0.17699573E+001 -0.18998923E-001  0.10208327E+001
 -0.11252583E+002 -0.43949475E+001  0.17689354E+001  0.31404824E-001  0.10021294E+001
 -0.11259260E+002 -0.43928667E+001  0.17727306E+001  0.14814996E-002  0.10268163E+001
 -0.11260496E+002 -0.43928667E+001  0.17714939E+001  0.25300792E-001  0.97536330E+000
 -0.11258972E+002 -0.43907844E+001  0.17730185E+001 -0.30391755E-001  0.98530582E+000
 -0.11259146E+002 -0.43907844E+001  0.17728443E+001 -0.17071846E-001  0.96799565E+000
 -0.10585744E+002 -0.43887491E+001  0.17741525E+001  0.31792980E-001  0.99582044E+000
 -0.11682167E+002 -0.43867156E+001  0.17763416E+001 -0.19028812E-001  0.10201792E+001
 -0.11683291E+002 -0.43867156E+001  0.17752173E+001 -0.28221152E-001  0.98050471E+000
 -0.11683698E+002 -0.43867156E+001  0.17748112E+001 -0.69492057E-002  0.96394151E+000
 -0.10594103E+002 -0.43847032E+001  0.17763757E+001 -0.31340772E-001  0.99072604E+000
 -0.10592502E+002 -0.43826948E+001  0.17779766E+001  0.15164984E-001  0.96734002E+000
 -0.10602480E+002 -0.43807085E+001  0.17786940E+001  0.28558137E-001  0.10080715E+001
 -0.11312097E+002 -0.43787665E+001  0.17835014E+001 -0.22967921E-001  0.10158080E+001
 -0.11313569E+002 -0.43787665E+001  0.17820295E+001 -0.27610701E-001  0.98051958E+000
 -0.12018969E+002 -0.43768594E+001  0.17908297E+001 -0.11556864E-001  0.10230942E+001
 -0.12023626E+002 -0.43768594E+001  0.17861726E+001 -0.28313853E-001  0.98278076E+000
 -0.12025157E+002 -0.43768594E+001  0.17846419E+001  0.29573681E-001  0.10040821E+001
 -0.12022062E+002 -0.43768594E+001  0.17877372E+001 -0.21976296E-001  0.10163548E+001
 -0.12583628E+002 -0.43749619E+001  0.17962577E+001 -0.24037582E-001  0.10128522E+001
 -0.12587745E+002 -0.43749619E+001  0.17921413E+001 -0.24751831E-001  0.10124573E+001
 -0.12587467E+002 -0.43749619E+001  0.17924191E+001 -0.10794739E-001  0.96660985E+000
 -0.12584777E+002 -0.43749619E+001  0.17951088E+001  0.25994591E-001  0.10100714E+001
 -0.12583755E+002 -0.43749619E+001  0.17961312E+001  0.13818021E-001  0.10215545E+001
 -0.12584106E+002 -0.43749619E+001  0.17957797E+001 -0.27534248E-001  0.98299286E+000
 -0.12588554E+002 -0.43749619E+001  0.17913321E+001  0.26197887E-001  0.10103494E+001
 -0.10636840E+002 -0.43730578E+001  0.17971362E+001  0.21960526E-001  0.10152330E+001
 -0.10645113E+002 -0.43711756E+001  0.17994452E+001  0.27270824E-001  0.10067418E+001
 -0.10643744E+002 -0.43692925E+001  0.18008139E+001 -0.19622002E-001  0.97279963E+000
 -0.10642508E+002 -0.43674105E+001  0.18020499E+001 -0.23412211E-001  0.97703357E+000
 -0.10649686E+002 -0.43655499E+001  0.18056834E+001 -0.12305714E-001  0.96848056E+000
 -0.10660068E+002 -0.43637059E+001  0.18061120E+001 -0.77914461E-002  0.96684621E+000
 -0.10659616E+002 -0.43618646E+001  0.18065640E+001  0.13367376E-001  0.10207829E+001
 -0.10659485E+002 -0.43600259E+001  0.18066946E+001  0.28066096E-001  0.98730617E+000
 -0.10669565E+002 -0.43582104E+001  0.18076642E+001 -0.27888213E-001  0.98698471E+000
 -0.10668688E+002 -0.43563965E+001  0.18085422E+001  0.23319221E-001  0.10120505E+001
 -0.11359427E+002 -0.43545843E+001  0.18109499E+001 -0.26948758E-001  0.98504137E+000
 -0.11359488E+002 -0.43545843E+001  0.18108885E+001  0.10861176E-001  0.96834391E+000
 -0.11358865E+002 -0.43527710E+001  0.18115123E+001  0.21211605E-001  0.97567851E+000
 -0.11359289E+002 -0.43527710E+001  0.18110880E+001 -0.49014107E-002  0.10232252E+001
 -0.11358454E+002 -0.43509599E+001  0.18119233E+001 -0.28575838E-001  0.99680651E+000
 -0.11358757E+002 -0.43509599E+001  0.18116202E+001  0.20048977E-001  0.10154067E+001
 -0.11773603E+002 -0.43491722E+001  0.18138002E+001  0.10981522E-002  0.10233870E+001
 -0.11775073E+002 -0.43491722E+001  0.18123301E+001  0.35422756E-002  0.96654636E+000
 -0.11774282E+002 -0.43491722E+001  0.18131211E+001  0.27465768E-001  0.10026578E+001
 -0.10686221E+002 -0.43474048E+001  0.18141308E+001 -0.61624765E-002  0.96716541E+000
 -0.11793605E+002 -0.43456603E+001  0.18169199E+001 -0.23639900E-001  0.97961785E+000
 -0.11794663E+002 -0.43456603E+001  0.18158617E+001 -0.15882132E-001  0.10183324E+001
 -0.11794892E+002 -0.43456603E+001  0.18156327E+001 -0.25311676E-001  0.98230664E+000
 -0.11792817E+002 -0.43439139E+001  0.18177070E+001 -0.22440732E-001  0.97802838E+000
 -0.11792901E+002 -0.43439139E+001  0.18176235E+001 -0.26007426E-001  0.98426424E+000
 -0.11793007E+002 -0.43439139E+001  0.18175170E+001 -0.97718487E-002  0.10213191E+001
 -0.10694180E+002 -0.43421692E+001  0.18177321E+001 -0.10771667E-001  0.96896761E+000
 -0.10693831E+002 -0.43404274E+001  0.18180816E+001  0.20673429E-001  0.10139357E+001
 -0.12490424E+002 -0.43387088E+001  0.18252233E+001 -0.27286178E-001  0.99779631E+000
 -0.12495668E+002 -0.43387088E+001  0.18199802E+001  0.20393883E-001  0.10139852E+001
 -0.12496818E+002 -0.43387088E+001  0.18188301E+001 -0.17644657E-001  0.97319559E+000
 -0.12492224E+002 -0.43387088E+001  0.18234242E+001  0.26265502E-001  0.98649616E+000
 -0.12490690E+002 -0.43387088E+001  0.18249581E+001 -0.17531825E-001  0.97382689E+000
 -0.12497321E+002 -0.43387088E+001  0.18183264E+001 -0.14143516E-001  0.97071009E+000
 -0.11402678E+002 -0.43370014E+001  0.18263340E+001 -0.20846184E-001  0.97729323E+000
 -0.11403620E+002 -0.43370014E+001  0.18253919E+001 -0.26485223E-001  0.10020350E+001
 -0.11816441E+002 -0.43353153E+001  0.18300118E+001  0.20219210E-001  0.10128047E+001
 -0.11818051E+002 -0.43353153E+001  0.18284024E+001  0.26909780E-001  0.99847010E+000
 -0.11818868E+002 -0.43353153E+001  0.18275853E+001  0.24632723E-002  0.10220440E+001
 -0.11408496E+002 -0.43336259E+001  0.18324917E+001  0.21538202E-001  0.10108021E+001
 -0.11409639E+002 -0.43336259E+001  0.18313487E+001  0.20661766E-001  0.97780205E+000
 -0.10714869E+002 -0.43319351E+001  0.18329717E+001  0.39207559E-002  0.10213607E+001
 -0.10714557E+002 -0.43302464E+001  0.18332838E+001  0.22854456E-001  0.98120755E+000
 -0.10712742E+002 -0.43285600E+001  0.18350985E+001 -0.28822125E-003  0.96842344E+000
 -0.12317375E+002 -0.43268734E+001  0.18399036E+001  0.37345072E-002  0.96915663E+000
 -0.12320412E+002 -0.43268734E+001  0.18368669E+001 -0.25553597E-001  0.10013226E+001
 -0.12320663E+002 -0.43268734E+001  0.18366154E+001  0.21335138E-001  0.10104151E+001
 -0.12321054E+002 -0.43268734E+001  0.18362244E+001 -0.19449893E-001  0.10127802E+001
 -0.12320999E+002 -0.43268734E+001  0.18362800E+001  0.10308339E-001  0.97064400E+000
 -0.10707293E+002 -0.43251815E+001  0.18405477E+001 -0.23152708E-001  0.10067249E+001
 -0.11399355E+002 -0.43234914E+001  0.18416330E+001  0.41417048E-002  0.10204836E+001
 -0.11399599E+002 -0.43234914E+001  0.18413894E+001 -0.11394426E-001  0.97168700E+000
 -0.10705970E+002 -0.43218023E+001  0.18418705E+001 -0.18606371E-001  0.10128800E+001
 -0.11396576E+002 -0.43201156E+001  0.18444121E+001 -0.24762669E-001  0.98846742E+000
 -0.11398326E+002 -0.43201156E+001  0.18426620E+001  0.22716721E-001  0.10071127E+001
 -0.11800053E+002 -0.43184275E+001  0.18463996E+001  0.25264321E-001  0.99761983E+000
 -0.11800103E+002 -0.43184275E+001  0.18463496E+001  0.24977758E-001  0.99961432E+000
 -0.11801217E+002 -0.43184275E+001  0.18452364E+001  0.11513797E-002  0.96943653E+000
 -0.11394011E+002 -0.43167389E+001  0.18469768E+001 -0.17645358E-001  0.97676515E+000
 -0.11394454E+002 -0.43167389E+001  0.18465338E+001  0.23667492E-001  0.10041373E+001
 -0.10697513E+002 -0.43150522E+001  0.18503280E+001 -0.30020395E-003  0.96992320E+000
 -0.11402734E+002 -0.43133861E+001  0.18522399E+001 -0.22046504E-001  0.10063315E+001
 -0.11403385E+002 -0.43133861E+001  0.18515890E+001 -0.24868486E-001  0.99578634E+000
 -0.10707279E+002 -0.43117196E+001  0.18545481E+001 -0.19026935E-001  0.10104966E+001
 -0.10706721E+002 -0.43100521E+001  0.18551061E+001 -0.82748056E-002  0.97185666E+000
 -0.10704856E+002 -0.43083864E+001  0.18569706E+001  0.24048981E-001  0.99863207E+000
 -0.10704684E+002 -0.43067203E+001  0.18571431E+001 -0.24269552E-001  0.99354278E+000
 -0.12088516E+002 -0.43050568E+001  0.18596058E+001  0.84576016E-002  0.10174596E+001
 -0.12089902E+002 -0.43050568E+001  0.18582196E+001  0.15132043E-001  0.10138212E+001
 -0.12088783E+002 -0.43050568E+001  0.18593383E+001  0.13714383E-001  0.10147332E+001
 -0.12089386E+002 -0.43050568E+001  0.18587353E+001  0.84885189E-002  0.10175454E+001
 -0.10701631E+002 -0.43033919E+001  0.18601959E+001  0.83273059E-002  0.10174420E+001
 -0.11796775E+002 -0.43017288E+001  0.18636646E+001  0.21489111E-001  0.10047535E+001
 -0.11797850E+002 -0.43017288E+001  0.18625889E+001  0.21302460E-001  0.10054146E+001
 -0.11799573E+002 -0.43017288E+001  0.18608663E+001  0.14520561E-001  0.10139472E+001
 -0.10695392E+002 -0.43000627E+001  0.18664349E+001 -0.17987621E-002  0.10182009E+001
 -0.10692236E+002 -0.42983947E+001  0.18695905E+001 -0.53636742E-002  0.10172902E+001
 -0.12313379E+002 -0.42967508E+001  0.18738861E+001  0.10783716E-002  0.97246053E+000
 -0.12315150E+002 -0.42967508E+001  0.18721151E+001 -0.22576890E-001  0.99731438E+000
 -0.12314000E+002 -0.42967508E+001  0.18732649E+001  0.29445913E-002  0.97255859E+000
 -0.12315828E+002 -0.42967508E+001  0.18714373E+001  0.22523456E-001  0.99833045E+000
 -0.12316578E+002 -0.42967508E+001  0.18706877E+001 -0.87472794E-002  0.10160623E+001
 -0.12086228E+002 -0.42951025E+001  0.18778938E+001 -0.19847736E-001  0.98536737E+000
 -0.12089713E+002 -0.42951025E+001  0.18744088E+001  0.21636661E-001  0.10009111E+001
 -0.12087884E+002 -0.42951025E+001  0.18762381E+001  0.14465122E-001  0.97806896E+000
 -0.12088454E+002 -0.42951025E+001  0.18756675E+001 -0.22069783E-001  0.99815419E+000
 -0.11797681E+002 -0.42934503E+001  0.18787582E+001  0.20402873E-001  0.98687781E+000
 -0.11798490E+002 -0.42934503E+001  0.18779493E+001 -0.54355358E-003  0.10169817E+001
 -0.11798082E+002 -0.42934503E+001  0.18783579E+001  0.20308644E-001  0.98652338E+000
 -0.12113763E+002 -0.42918526E+001  0.18831487E+001  0.21231479E-001  0.99790658E+000
 -0.12116559E+002 -0.42918526E+001  0.18803526E+001  0.45001642E-002  0.97364711E+000
 -0.12115427E+002 -0.42918526E+001  0.18814845E+001 -0.18832738E-001  0.10055862E+001
 -0.12114718E+002 -0.42918526E+001  0.18821932E+001 -0.19112898E-001  0.98501406E+000
 -0.12110487E+002 -0.42902505E+001  0.18864247E+001 -0.18947110E-001  0.10041090E+001
 -0.12111440E+002 -0.42902505E+001  0.18854711E+001 -0.15589148E-001  0.98065142E+000
 -0.12113151E+002 -0.42902505E+001  0.18837606E+001 -0.21048894E-001  0.99131025E+000
 -0.12110836E+002 -0.42902505E+001  0.18860758E+001 -0.11860404E-001  0.97751604E+000
 -0.10740470E+002 -0.42886720E+001  0.18866769E+001 -0.13921749E-001  0.10106872E+001
 -0.12346877E+002 -0.42870955E+001  0.18897069E+001 -0.14446408E-001  0.10096976E+001
 -0.12349214E+002 -0.42870955E+001  0.18873700E+001 -0.13404853E-001  0.97887889E+000
 -0.12348524E+002 -0.42870955E+001  0.18880604E+001  0.85656118E-002  0.10139545E+001
 -0.12348943E+002 -0.42870955E+001  0.18876413E+001 -0.20879827E-001  0.99405962E+000
 -0.12347764E+002 -0.42870955E+001  0.18888201E+001  0.69675171E-002  0.10144996E+001
 -0.10736652E+002 -0.42855168E+001  0.18904942E+001  0.17597897E-001  0.10055614E+001
 -0.10752629E+002 -0.42839660E+001  0.18916118E+001 -0.15703011E-001  0.98191716E+000
 -0.10752227E+002 -0.42824159E+001  0.18920139E+001 -0.71712103E-002  0.97588595E+000
 -0.11444327E+002 -0.42808676E+001  0.18930614E+001  0.96563548E-002  0.10127274E+001
 -0.11444506E+002 -0.42808676E+001  0.18928823E+001  0.19917716E-001  0.99863823E+000
 -0.12357259E+002 -0.42793201E+001  0.18964199E+001 -0.14616186E-001  0.10083174E+001
 -0.12358485E+002 -0.42793201E+001  0.18951936E+001 -0.65801525E-002  0.97609524E+000
 -0.12359998E+002 -0.42793201E+001  0.18936806E+001 -0.38786761E-002  0.97516273E+000
 -0.12359103E+002 -0.42793201E+001  0.18945756E+001 -0.48816091E-002  0.10143891E+001
 -0.12359522E+002 -0.42793201E+001  0.18941568E+001  0.19988698E-001  0.99702930E+000
 -0.11440077E+002 -0.42777697E+001  0.18973115E+001  0.18859037E-001  0.98928480E+000
 -0.11440520E+002 -0.42777697E+001  0.18968676E+001  0.52400754E-002  0.97589922E+000
 -0.10746148E+002 -0.42762204E+001  0.18980929E+001 -0.61477715E-002  0.97633948E+000
 -0.11438368E+002 -0.42746722E+001  0.18990196E+001 -0.19462121E-001  0.99425426E+000
 -0.11438542E+002 -0.42746722E+001  0.18988457E+001 -0.14654520E-001  0.98209840E+000
 -0.11861835E+002 -0.42731542E+001  0.19000662E+001 -0.18726645E-001  0.99013565E+000
 -0.11862876E+002 -0.42731542E+001  0.18990249E+001 -0.18857042E-001  0.99009850E+000
 -0.11862379E+002 -0.42731542E+001  0.18995224E+001 -0.19397315E-001  0.99427017E+000
 -0.10761612E+002 -0.42716369E+001  0.19016770E+001 -0.11007906E-002  0.10140466E+001
 -0.10780975E+002 -0.42701487E+001  0.19017317E+001 -0.10859815E-001  0.97921627E+000
 -0.10779989E+002 -0.42686625E+001  0.19027177E+001 -0.46400975E-002  0.10133642E+001
 -0.11469101E+002 -0.42671771E+001  0.19067530E+001  0.86330403E-002  0.10112493E+001
 -0.11470733E+002 -0.42671771E+001  0.19051214E+001 -0.17737823E-001  0.98914733E+000
 -0.10774145E+002 -0.42656879E+001  0.19085618E+001 -0.33033356E-002  0.97705149E+000
 -0.10773650E+002 -0.42641983E+001  0.19090571E+001 -0.12122697E-001  0.98147986E+000
 -0.11466594E+002 -0.42627101E+001  0.19092604E+001 -0.17632672E-001  0.99088427E+000
 -0.11466640E+002 -0.42627101E+001  0.19092140E+001 -0.12885772E-001  0.98223997E+000
 -0.11465886E+002 -0.42612238E+001  0.19099682E+001 -0.13320772E-001  0.98285350E+000
 -0.11466467E+002 -0.42612238E+001  0.19093873E+001 -0.17906664E-001  0.99745507E+000
 -0.11867305E+002 -0.42597387E+001  0.19140144E+001  0.27578332E-002  0.10121549E+001
 -0.11870467E+002 -0.42597387E+001  0.19108526E+001 -0.16931682E-001  0.98923367E+000
 -0.11870981E+002 -0.42597387E+001  0.19103384E+001  0.16203583E-001  0.98724571E+000
 -0.11460224E+002 -0.42582497E+001  0.19156302E+001  0.28182386E-002  0.10119063E+001
 -0.11461685E+002 -0.42582497E+001  0.19141690E+001 -0.26656338E-003  0.97754690E+000
 -0.10766048E+002 -0.42567606E+001  0.19166592E+001 -0.85230578E-002  0.10097002E+001
 -0.11458250E+002 -0.42552722E+001  0.19176042E+001 -0.13853057E-001  0.10046206E+001
 -0.11458556E+002 -0.42552722E+001  0.19172988E+001  0.16575225E-001  0.99146833E+000
 -0.10764058E+002 -0.42537846E+001  0.19186489E+001 -0.88266078E-002  0.98073210E+000
 -0.10763696E+002 -0.42522976E+001  0.19190113E+001 -0.13808222E-001  0.98559878E+000
 -0.10763280E+002 -0.42508123E+001  0.19194276E+001  0.58341720E-002  0.97938744E+000
 -0.11455420E+002 -0.42493286E+001  0.19204346E+001 -0.15188468E-001  0.98860373E+000
 -0.11455952E+002 -0.42493286E+001  0.19199028E+001 -0.82552343E-003  0.97841970E+000
 -0.10761952E+002 -0.42478456E+001  0.19207553E+001  0.12738662E-002  0.10113201E+001
 -0.12146694E+002 -0.42463643E+001  0.19223077E+001 -0.71690188E-002  0.10094527E+001
 -0.12146789E+002 -0.42463643E+001  0.19222129E+001  0.13485014E-001  0.10039124E+001
 -0.12147854E+002 -0.42463643E+001  0.19211472E+001 -0.46458594E-003  0.10113027E+001
 -0.12146767E+002 -0.42463643E+001  0.19222342E+001 -0.11106182E-001  0.10067278E+001
 -0.11453037E+002 -0.42448829E+001  0.19228170E+001 -0.12436854E-001  0.98474049E+000
 -0.11453375E+002 -0.42448829E+001  0.19224789E+001  0.12691981E-001  0.10049370E+001
 -0.11884101E+002 -0.42434452E+001  0.19262062E+001  0.11083699E-001  0.10058667E+001
 -0.11885463E+002 -0.42434452E+001  0.19248439E+001 -0.15514171E-001  0.99210586E+000
 -0.11886483E+002 -0.42434452E+001  0.19238236E+001 -0.85246264E-002  0.98148708E+000
 -0.10784791E+002 -0.42420047E+001  0.19269034E+001 -0.79693086E-002  0.98172627E+000
 -0.11881200E+002 -0.42405653E+001  0.19291069E+001  0.13988290E-001  0.98933469E+000
 -0.11881372E+002 -0.42405653E+001  0.19289345E+001 -0.36927875E-002  0.98030109E+000
 -0.11882186E+002 -0.42405653E+001  0.19281212E+001  0.98590215E-003  0.10101639E+001
 -0.11474169E+002 -0.42391248E+001  0.19306728E+001 -0.58836546E-002  0.10085482E+001
 -0.11474907E+002 -0.42391248E+001  0.19299344E+001 -0.83067119E-002  0.10073690E+001
 -0.10780490E+002 -0.42376841E+001  0.19312045E+001 -0.48248992E-002  0.98104134E+000
 -0.10780187E+002 -0.42362446E+001  0.19315079E+001  0.21289811E-002  0.98043407E+000
 -0.11472678E+002 -0.42348069E+001  0.19321643E+001  0.48126463E-002  0.10086923E+001
 -0.11473134E+002 -0.42348069E+001  0.19317078E+001  0.14016491E-001  0.99074982E+000
 -0.12163717E+002 -0.42333702E+001  0.19342725E+001  0.50249131E-002  0.10082212E+001
 -0.12164862E+002 -0.42333702E+001  0.19331268E+001 -0.32836759E-002  0.10089637E+001
 -0.12164849E+002 -0.42333702E+001  0.19331401E+001 -0.52437907E-003  0.10093318E+001
 -0.12164846E+002 -0.42333702E+001  0.19331433E+001  0.59463408E-002  0.98185234E+000
 -0.11946153E+002 -0.42320317E+001  0.19356133E+001  0.13172829E-001  0.99038232E+000
 -0.11947452E+002 -0.42320317E+001  0.19343139E+001  0.78091102E-003  0.10091126E+001
 -0.11946340E+002 -0.42320317E+001  0.19354258E+001  0.31228461E-002  0.10085814E+001
 -0.12784309E+002 -0.42306932E+001  0.19447549E+001  0.11638594E-001  0.99854723E+000
 -0.12784601E+002 -0.42306932E+001  0.19444630E+001  0.21372941E-002  0.98289912E+000
 -0.12786938E+002 -0.42306932E+001  0.19421261E+001 -0.51037133E-002  0.98330926E+000
 -0.12792300E+002 -0.42306932E+001  0.19367635E+001  0.18904962E-002  0.98134434E+000
 -0.12786782E+002 -0.42306932E+001  0.19422817E+001  0.12610429E-001  0.99361775E+000
 -0.12792686E+002 -0.42306932E+001  0.19363774E+001  0.21669017E-002  0.10085910E+001
 -0.12791684E+002 -0.42306932E+001  0.19373802E+001 -0.39454249E-002  0.10079936E+001
 -0.11531417E+002 -0.42293441E+001  0.19448838E+001  0.85927119E-002  0.98636206E+000
 -0.11531525E+002 -0.42293441E+001  0.19447756E+001  0.87725790E-002  0.10033990E+001
 -0.10838245E+002 -0.42279968E+001  0.19449091E+001  0.10288864E-001  0.10014145E+001
 -0.11530105E+002 -0.42266512E+001  0.19461962E+001 -0.65425617E-002  0.10048694E+001
 -0.11530412E+002 -0.42266512E+001  0.19458892E+001  0.11390187E-001  0.99136945E+000
 -0.10835456E+002 -0.42253057E+001  0.19476977E+001 -0.73104553E-002  0.98600809E+000
 -0.11932645E+002 -0.42239599E+001  0.19491208E+001 -0.92834012E-002  0.98862230E+000
 -0.11933758E+002 -0.42239599E+001  0.19480078E+001 -0.32875044E-002  0.10059626E+001
 -0.11932768E+002 -0.42239599E+001  0.19489982E+001 -0.18895160E-002  0.98384495E+000
 -0.11526147E+002 -0.42226141E+001  0.19501540E+001  0.35586627E-002  0.10053707E+001
 -0.11526593E+002 -0.42226141E+001  0.19497079E+001  0.12613474E-003  0.98384597E+000
 -0.10832967E+002 -0.42212687E+001  0.19501870E+001 -0.13848883E-002  0.10058670E+001
 -0.10832449E+002 -0.42199251E+001  0.19507042E+001 -0.29639655E-002  0.98448638E+000
 -0.11525470E+002 -0.42185825E+001  0.19508312E+001 -0.62855496E-003  0.10057877E+001
 -0.11525519E+002 -0.42185825E+001  0.19507814E+001 -0.64338313E-002  0.98620610E+000
 -0.10832258E+002 -0.42172416E+001  0.19508961E+001  0.54017168E-002  0.98556372E+000
 -0.12214984E+002 -0.42159024E+001  0.19544639E+001  0.50397835E-002  0.10035579E+001
 -0.12215163E+002 -0.42159024E+001  0.19542847E+001 -0.97967096E-002  0.99703030E+000
 -0.12217455E+002 -0.42159024E+001  0.19519928E+001 -0.10574609E-001  0.99503950E+000
 -0.12216977E+002 -0.42159024E+001  0.19524707E+001  0.11425031E-002  0.10053554E+001
 -0.12212127E+002 -0.42145602E+001  0.19573212E+001 -0.75005250E-002  0.98960051E+000
 -0.12213830E+002 -0.42145602E+001  0.19556181E+001 -0.69191226E-002  0.98819861E+000
 -0.12212976E+002 -0.42145602E+001  0.19564720E+001 -0.71189740E-002  0.10011673E+001
 -0.12212831E+002 -0.42145602E+001  0.19566168E+001  0.24069157E-003  0.10043628E+001
 -0.10824332E+002 -0.42132160E+001  0.19588216E+001 -0.77149062E-002  0.99073088E+000
 -0.10823483E+002 -0.42118716E+001  0.19596711E+001  0.77930361E-002  0.99847573E+000
 -0.11514897E+002 -0.42105278E+001  0.19614043E+001 -0.53021452E-002  0.10009792E+001
 -0.11516571E+002 -0.42105278E+001  0.19597301E+001 -0.16044130E-002  0.98657390E+000
 -0.10821283E+002 -0.42091836E+001  0.19618704E+001  0.78609549E-002  0.99542540E+000
 -0.11513388E+002 -0.42078404E+001  0.19629126E+001 -0.63527428E-002  0.99900823E+000
 -0.11514329E+002 -0.42078404E+001  0.19619716E+001  0.71695867E-002  0.99813642E+000
 -0.12203423E+002 -0.42064977E+001  0.19660251E+001 -0.62099260E-002  0.99653988E+000
 -0.12206368E+002 -0.42064977E+001  0.19630797E+001  0.13397069E-002  0.10023152E+001
 -0.12203720E+002 -0.42064977E+001  0.19657282E+001 -0.47597885E-002  0.99049574E+000
 -0.12206209E+002 -0.42064977E+001  0.19632388E+001 -0.58186029E-002  0.99956901E+000
 -0.12114463E+002 -0.42053971E+001  0.19679737E+001  0.10204741E-002  0.98946107E+000
 -0.12115047E+002 -0.42053971E+001  0.19673892E+001 -0.55325968E-002  0.99684986E+000
 -0.12114751E+002 -0.42053971E+001  0.19676852E+001 -0.58957333E-003  0.10006463E+001
 -0.11015834E+002 -0.42042955E+001  0.19679903E+001  0.38478105E-002  0.99900242E+000
 -0.12113487E+002 -0.42031951E+001  0.19689499E+001  0.34225949E-002  0.99878043E+000
 -0.12113845E+002 -0.42031951E+001  0.19685921E+001  0.84808872E-003  0.10001937E+001
 -0.12114226E+002 -0.42031951E+001  0.19682110E+001  0.38601244E-002  0.99885021E+000
 -0.11014709E+002 -0.42020949E+001  0.19691149E+001 -0.48701444E-003  0.99998384E+000
 -0.11707510E+002 -0.42009957E+001  0.19694614E+001 -0.95269410E-003  0.99017851E+000
 -0.11707592E+002 -0.42009957E+001  0.19693799E+001  0.22662387E-002  0.99059650E+000
 -0.11014264E+002 -0.41998973E+001  0.19695604E+001  0.19661705E-002  0.99055537E+000
 -0.11706546E+002 -0.41988000E+001  0.19704258E+001  0.22777663E-002  0.99125747E+000
 -0.11706736E+002 -0.41988000E+001  0.19702353E+001  0.28739444E-002  0.99836166E+000
 -0.11011833E+002 -0.41977030E+001  0.19719912E+001  0.18467125E-002  0.99771142E+000
 -0.11704794E+002 -0.41966054E+001  0.19721773E+001  0.31598290E-002  0.99521027E+000
 -0.11704939E+002 -0.41966054E+001  0.19720325E+001  0.19316330E-002  0.99761356E+000
 -0.12801549E+002 -0.41955089E+001  0.19740353E+001  0.24274267E-003  0.99416882E+000
 -0.12802187E+002 -0.41955089E+001  0.19733964E+001 -0.13347253E-002  0.99350182E+000
 -0.12802044E+002 -0.41955089E+001  0.19735396E+001  0.15468169E-002  0.99584675E+000
 -0.12802684E+002 -0.41955089E+001  0.19728996E+001  0.24189971E-002  0.99570414E+000
 -0.12802678E+002 -0.41955089E+001  0.19729054E+001 -0.23434093E-002  0.99590022E+000
 -0.12801551E+002 -0.41955089E+001  0.19740330E+001  0.82105079E-003  0.99509935E+000
