  0.15832209E-005  0.32433288E+002 -0.16428639E+001  0.35729001E-001
  0.15828346E-005  0.32429780E+002 -0.83959282E+000  0.17372928E+001
  0.15841378E-005  0.32424138E+002 -0.22804700E+000  0.17937318E+001
  0.15918300E-005  0.32410452E+002  0.86011631E+000  0.17203052E+001
  0.16026144E-005  0.32392952E+002 -0.10150462E+001  0.39584398E+000
  0.16043815E-005  0.32386752E+002  0.12484339E+001 -0.79738509E+000
  0.41390298E-006  0.32319892E+002  0.13552687E+001  0.10229236E+001
  0.40672187E-006  0.32354898E+002  0.11261366E+001 -0.17188569E+001
  0.40612768E-006  0.32357820E+002  0.68972272E+000 -0.16569881E+000
  0.41269078E-006  0.32325758E+002  0.71564555E+000 -0.81885330E+000
  0.16837969E-005  0.32282134E+002  0.13601836E+000 -0.66263793E+000
  0.17250798E-005  0.32229694E+002 -0.17771593E+001 -0.11881706E+001
  0.87340171E-006  0.32200672E+002  0.10648796E+001  0.16793291E+001
  0.86417526E-006  0.32221910E+002 -0.13571573E+001  0.10011662E+001
  0.17819875E-005  0.32156792E+002 -0.19494339E+001 -0.17214652E+001
  0.47828156E-006  0.32010776E+002  0.16632204E+001 -0.98330066E+000
  0.45963541E-006  0.32090308E+002 -0.81430343E+000  0.17631658E+001
  0.45359947E-006  0.32116746E+002  0.84900477E+000 -0.69041185E+000
  0.46971616E-006  0.32046918E+002  0.19410277E+000  0.17612576E+001
  0.19232670E-005  0.31996208E+002  0.59508650E+000 -0.41842369E-001
  0.19606231E-005  0.31953738E+002  0.10626245E+001 -0.16805149E+001
  0.19873624E-005  0.31922648E+002 -0.38176382E+000 -0.10413274E+001
  0.10089360E-005  0.31888184E+002  0.12317294E+001 -0.18298025E+001
  0.99184475E-006  0.31922352E+002  0.44839857E-001 -0.16513906E+001
  0.99184475E-006  0.31922352E+002  0.44839857E-001 -0.16513906E+001
  0.65451492E-001  0.31922352E+002  0.44839857E-001 -0.16513906E+001
  0.58781324E-001  0.31922352E+002  0.44839857E-001 -0.16513906E+001
  0.11548015E+000  0.31922352E+002  0.44839857E-001 -0.16513906E+001
  0.39815901E-001  0.31922352E+002  0.44839857E-001 -0.16513906E+001
  0.37544188E-001  0.31922352E+002  0.44839857E-001 -0.16513906E+001
  0.29901076E-001  0.31922352E+002  0.44839857E-001 -0.16513906E+001
  0.31366375E-001  0.31922352E+002  0.44839857E-001 -0.16513906E+001
  0.16548031E+000  0.31922352E+002  0.44839857E-001 -0.16513906E+001
  0.83880309E-001  0.31922352E+002  0.44839857E-001 -0.16513906E+001
  0.83206050E-001  0.31922352E+002  0.44839857E-001 -0.16513906E+001
  0.83993210E-001  0.31922352E+002  0.44839857E-001 -0.16513906E+001
  0.83982568E-001  0.31922352E+002  0.44839857E-001 -0.16513906E+001
  0.17815779E+000  0.31922352E+002  0.44839857E-001 -0.16513906E+001
