  0.84688929E-004  0.13742851E+002  0.97369211E+000 -0.12064971E+001
  0.84261906E-004  0.13752962E+002  0.10353241E+001 -0.18300573E+001
  0.17199835E-003  0.13712145E+002  0.19784457E+001 -0.18913191E+001
  0.17040720E-003  0.13683673E+002  0.78101182E+000 -0.96811934E+000
  0.67967855E-004  0.13324761E+002  0.11235273E+001 -0.19004368E+001
  0.59740721E-004  0.13582802E+002  0.77958989E+000 -0.98931780E+000
  0.57126201E-004  0.13672303E+002  0.78111554E+000 -0.96806766E+000
  0.78772101E-004  0.13029711E+002  0.19372350E+001 -0.19184945E+001
  0.70217522E-004  0.13259634E+002  0.19888611E+001 -0.83476951E+000
  0.70180387E-004  0.13260691E+002  0.19296339E+001 -0.19203372E+001
  0.25177451E-003  0.12853601E+002  0.18438358E+001 -0.10483230E+001
  0.25803671E-003  0.12804465E+002  0.11487939E+001 -0.11205715E+001
  0.29380283E-003  0.12494215E+002  0.11961119E+001 -0.97113522E+000
  0.29593620E-003  0.12479745E+002  0.10227320E+001 -0.11953340E+001
  0.16580989E-003  0.12252055E+002  0.10279530E+001 -0.79427680E+000
  0.15190676E-003  0.12427206E+002  0.91265831E+000 -0.81164921E+000
  0.33631253E-003  0.12223952E+002  0.19753666E+001 -0.19150111E+001
  0.17340448E-003  0.12162485E+002  0.11615624E+001 -0.89292696E+000
  0.16893447E-003  0.12214717E+002  0.10515704E+001 -0.80171457E+000
  0.20443414E-003  0.11776905E+002  0.97316346E+000 -0.79625100E+000
  0.17200179E-003  0.12122388E+002  0.94033308E+000 -0.18519852E+001
  0.41715334E-003  0.11736785E+002  0.11041330E+001 -0.18989967E+001
  0.11484356E-003  0.11543962E+002  0.96364633E+000 -0.11869938E+001
  0.11313659E-003  0.11573912E+002  0.11892592E+001 -0.10139166E+001
  0.10775745E-003  0.11671337E+002  0.19245617E+001 -0.19802233E+001
  0.11171030E-003  0.11599284E+002  0.19358763E+001 -0.19549017E+001
  0.46026752E-003  0.11540075E+002  0.18470087E+001 -0.97790711E+000
  0.25472865E-003  0.10890712E+002  0.97507813E+000 -0.80359878E+000
  0.19862366E-003  0.11388286E+002  0.10363396E+001 -0.18546133E+001
  0.52744093E-003  0.10821330E+002  0.82134370E+000 -0.10679878E+001
  0.59205106E-003  0.10590219E+002  0.18978599E+001 -0.10879708E+001
  0.61882894E-003  0.10448410E+002  0.95455173E+000 -0.81172305E+000
  0.13693959E-003  0.10246113E+002  0.98662908E+000 -0.80809224E+000
  0.13093682E-003  0.10335762E+002  0.10570494E+001 -0.82055361E+000
  0.12798395E-003  0.10381383E+002  0.98653604E+000 -0.80691438E+000
  0.13572230E-003  0.10263971E+002  0.81014221E+000 -0.10214779E+001
  0.13631820E-003  0.10255209E+002  0.10027708E+001 -0.18599036E+001
  0.34327054E-003  0.10240736E+002  0.82154376E+000 -0.10573376E+001
  0.34241206E-003  0.10245744E+002  0.11441198E+001 -0.10957295E+001
  0.73037849E-003  0.10116943E+002  0.85960131E+000 -0.11127324E+001
  0.92983475E-003  0.96340552E+001  0.91130198E+000 -0.11499599E+001
  0.96586385E-003  0.95580226E+001  0.11572004E+001 -0.10634440E+001
  0.10395642E-002  0.92897054E+001  0.11236658E+001 -0.11089190E+001
  0.11718089E-002  0.90502118E+001  0.93547190E+000 -0.11567480E+001
  0.11728241E-002  0.90484800E+001  0.10222098E+001 -0.18773124E+001
  0.11501077E-002  0.90240990E+001  0.88181349E+000 -0.11223270E+001
  0.11951379E-002  0.89472872E+001  0.10810010E+001 -0.19169046E+001
  0.39182366E-003  0.88513964E+001  0.82205948E+000 -0.97262431E+000
  0.37444536E-003  0.89421284E+001  0.97576432E+000 -0.18767859E+001
  0.37931647E-003  0.89162784E+001  0.11069191E+001 -0.11214158E+001
  0.66420835E-003  0.85432614E+001  0.11207736E+001 -0.88603876E+000
  0.60234290E-003  0.87387988E+001  0.11606103E+001 -0.10353349E+001
  0.13473984E-002  0.85148856E+001  0.18894445E+001 -0.95310261E+000
  0.13660858E-002  0.83582604E+001  0.11201712E+001 -0.11014219E+001
  0.14479469E-002  0.81783690E+001  0.11142780E+001 -0.11056921E+001
  0.82158375E-003  0.79254110E+001  0.99067862E+000 -0.18881865E+001
  0.72481241E-003  0.81760532E+001  0.10128994E+001 -0.82763170E+000
  0.97068391E-003  0.75262958E+001  0.96559781E+000 -0.18985803E+001
  0.81376032E-003  0.78789676E+001  0.18994727E+001 -0.95119520E+000
  0.20315755E-002  0.74354590E+001  0.84103153E+000 -0.94997325E+000
  0.10867554E-002  0.73003956E+001  0.11047325E+001 -0.11047852E+001
  0.10398761E-002  0.73885852E+001  0.83534292E+000 -0.10149959E+001
  0.11373097E-002  0.72094568E+001  0.94406569E+000 -0.84543467E+000
  0.11220480E-002  0.72364760E+001  0.96809007E+000 -0.19021344E+001
  0.22030034E-002  0.71305204E+001  0.85406619E+000 -0.10624027E+001
  0.22258272E-002  0.70397246E+001  0.83756769E+000 -0.10052784E+001
  0.10840116E-002  0.70221678E+001  0.90657077E+000 -0.19852027E+001
  0.10773104E-002  0.70345690E+001  0.19114044E+001 -0.95410752E+000
  0.21935793E-002  0.69987302E+001  0.90679585E+000 -0.19905726E+001
  0.22249437E-002  0.69703368E+001  0.11495161E+001 -0.10092258E+001
  0.61643130E-003  0.67648272E+001  0.10365505E+001 -0.84656948E+000
  0.57447747E-003  0.69057988E+001  0.11258702E+001 -0.91643970E+000
  0.59836856E-003  0.68243072E+001  0.97163981E+000 -0.19075530E+001
  0.57505454E-003  0.69037914E+001  0.10160012E+001 -0.84017647E+000
  0.25302816E-002  0.67131376E+001  0.94509385E+000 -0.19230913E+001
  0.25472736E-002  0.66997518E+001  0.96736263E+000 -0.84340455E+000
  0.13223965E-002  0.66246126E+001  0.93907302E+000 -0.19300387E+001
  0.12953884E-002  0.66658838E+001  0.86828542E+000 -0.10772253E+001
  0.30204856E-002  0.63589648E+001  0.11036857E+001 -0.10937713E+001
  0.55088654E-003  0.57773914E+001  0.10364885E+001 -0.85667813E+000
  0.45387185E-003  0.61648198E+001  0.11323482E+001 -0.10458802E+001
  0.48608810E-003  0.60276692E+001  0.99756261E+000 -0.19176405E+001
  0.42648785E-003  0.62892822E+001  0.85337801E+000 -0.10420971E+001
  0.42235951E-003  0.63087346E+001  0.19565616E+001 -0.10638289E+001
  0.48577516E-003  0.60289584E+001  0.92350473E+000 -0.19994256E+001
  0.46372415E-003  0.61218698E+001  0.87929414E+000 -0.90596130E+000
  0.39049993E-002  0.57522432E+001  0.10418144E+001 -0.19426169E+001
  0.21824598E-002  0.55295590E+001  0.85456530E+000 -0.10191632E+001
  0.21437028E-002  0.55653952E+001  0.10327069E+001 -0.11309027E+001
  0.44385893E-002  0.54960862E+001  0.19311306E+001 -0.10139119E+001
  0.14071827E-002  0.53856344E+001  0.99426124E+000 -0.19304268E+001
  0.13757164E-002  0.54308640E+001  0.11351877E+001 -0.98982684E+000
  0.14044385E-002  0.53895374E+001  0.94269793E+000 -0.11236986E+001
  0.14044385E-002  0.53895374E+001  0.94269793E+000 -0.11236986E+001
  0.88787403E-003  0.44119020E+001  0.10037453E+001 -0.11243614E+001
  0.74116174E-003  0.47731244E+001  0.11194183E+001 -0.94857648E+000
  0.57213437E-003  0.52908136E+001  0.97679718E+000 -0.19355891E+001
  0.60337801E-003  0.51844738E+001  0.10153311E+001 -0.19390591E+001
  0.86331781E-003  0.44679956E+001  0.11223815E+001 -0.96882717E+000
  0.63138630E-003  0.50937248E+001  0.11131598E+001 -0.10611041E+001
  0.58199036E-003  0.52566532E+001  0.95381674E+000 -0.19514643E+001
  0.35418373E-002  0.41502858E+001  0.99620974E+000 -0.19711871E+001
  0.32037327E-002  0.43509428E+001  0.11153034E+001 -0.95015706E+000
  0.22722729E-002  0.41244984E+001  0.98106442E+000 -0.19802730E+001
  0.22574020E-002  0.41376314E+001  0.10410815E+001 -0.11122490E+001
  0.22449216E-002  0.41487188E+001  0.99817936E+000 -0.19715336E+001
  0.23952332E-002  0.37258914E+001  0.87328439E+000 -0.97629248E+000
  0.23946010E-002  0.37264202E+001  0.87944538E+000 -0.95401220E+000
  0.20693480E-002  0.40183858E+001  0.99479289E+000 -0.19856904E+001
  0.24815680E-002  0.35620314E+001  0.10387200E+001 -0.11063984E+001
  0.23450239E-002  0.36752210E+001  0.87445482E+000 -0.97316333E+000
  0.23309819E-002  0.36872340E+001  0.11167169E+001 -0.99553168E+000
  0.94831695E-002  0.29849598E+001  0.10064173E+001 -0.11079415E+001
  0.96262775E-002  0.29550042E+001  0.10228954E+001 -0.11044474E+001
  0.96435722E-002  0.29514138E+001  0.10783351E+001 -0.10699440E+001
  0.10795934E-001  0.26230710E+001  0.98003750E+000 -0.11030740E+001
  0.30983063E-002  0.16076178E+001  0.10738700E+001 -0.94114165E+000
  0.20149001E-002  0.24681892E+001  0.10264208E+001 -0.10972179E+001
  0.28715949E-002  0.17595932E+001  0.10123867E+001 -0.89791631E+000
  0.21493567E-002  0.23389914E+001  0.10741101E+001 -0.10636415E+001
  0.26135216E-002  0.19479317E+001  0.10434156E+001 -0.10824737E+001
  0.16404187E-001  0.14931307E+001  0.10893060E+001 -0.99306323E+000
  0.57220241E-002  0.14023333E+001  0.10038992E+001 -0.10875922E+001
  0.55931834E-002  0.14478818E+001  0.90503736E+000 -0.10225764E+001
  0.55585017E-002  0.14603216E+001  0.10888047E+001 -0.99169059E+000
  0.18561074E-001  0.11434837E+001  0.10770352E+001 -0.10295727E+001
  0.49186180E-002  0.82680586E+000  0.10725295E+001 -0.96180371E+000
  0.47142112E-002  0.91169756E+000  0.10537925E+001 -0.10568750E+001
  0.42553653E-002  0.11165001E+001  0.10700699E+001 -0.10418254E+001
  0.42086444E-002  0.11385807E+001  0.10834246E+001 -0.98327430E+000
  0.10194961E-001  0.75536928E+000  0.10709185E+001 -0.96090707E+000
  0.10045980E-001  0.78481190E+000  0.10355629E+001 -0.92151951E+000
  0.10478490E-001  0.70050758E+000  0.10770235E+001 -0.10039599E+001
  0.10471556E-001  0.70183126E+000  0.10648903E+001 -0.10383065E+001
  0.68618330E-002  0.52555470E+000  0.92408585E+000 -0.95814767E+000
  0.67348437E-002  0.56291570E+000  0.94694628E+000 -0.93053323E+000
  0.68223269E-002  0.53710346E+000  0.96905020E+000 -0.10704662E+001
  0.20787599E-001  0.50601576E+000  0.10188144E+001 -0.91891571E+000
  0.10560711E-001  0.47415308E+000  0.10723666E+001 -0.97984161E+000
  0.10556984E-001  0.47485976E+000  0.92349662E+000 -0.96113217E+000
  0.10556984E-001  0.47485976E+000  0.92349662E+000 -0.96113217E+000
  0.77568891E-002  0.47485976E+000  0.92349662E+000 -0.96113217E+000
  0.72539719E-002  0.47485976E+000  0.92349662E+000 -0.96113217E+000
  0.73825814E-002  0.47485976E+000  0.92349662E+000 -0.96113217E+000
  0.38352928E-002  0.47485976E+000  0.92349662E+000 -0.96113217E+000
  0.35446964E-002  0.47485976E+000  0.92349662E+000 -0.96113217E+000
  0.36407678E-002  0.47485976E+000  0.92349662E+000 -0.96113217E+000
  0.38049217E-002  0.47485976E+000  0.92349662E+000 -0.96113217E+000
  0.35072717E-002  0.47485976E+000  0.92349662E+000 -0.96113217E+000
  0.35516323E-002  0.47485976E+000  0.92349662E+000 -0.96113217E+000
  0.23295931E-001  0.47485976E+000  0.92349662E+000 -0.96113217E+000
  0.11962597E-001  0.47485976E+000  0.92349662E+000 -0.96113217E+000
  0.11934728E-001  0.47485976E+000  0.92349662E+000 -0.96113217E+000
  0.23266810E-001  0.47485976E+000  0.92349662E+000 -0.96113217E+000
  0.78100884E-002  0.47485976E+000  0.92349662E+000 -0.96113217E+000
  0.74348175E-002  0.47485976E+000  0.92349662E+000 -0.96113217E+000
  0.74963379E-002  0.47485976E+000  0.92349662E+000 -0.96113217E+000
  0.24063763E-001  0.47485976E+000  0.92349662E+000 -0.96113217E+000
  0.12473811E-001  0.47485976E+000  0.92349662E+000 -0.96113217E+000
  0.12300577E-001  0.47485976E+000  0.92349662E+000 -0.96113217E+000
  0.45708651E-002  0.47485976E+000  0.92349662E+000 -0.96113217E+000
  0.40565936E-002  0.47485976E+000  0.92349662E+000 -0.96113217E+000
  0.39831823E-002  0.47485976E+000  0.92349662E+000 -0.96113217E+000
  0.39425273E-002  0.47485976E+000  0.92349662E+000 -0.96113217E+000
  0.40419310E-002  0.47485976E+000  0.92349662E+000 -0.96113217E+000
  0.43763118E-002  0.47485976E+000  0.92349662E+000 -0.96113217E+000
  0.27925951E-001  0.47485976E+000  0.92349662E+000 -0.96113217E+000
  0.12598159E-001  0.47485976E+000  0.92349662E+000 -0.96113217E+000
  0.12477842E-001  0.47485976E+000  0.92349662E+000 -0.96113217E+000
  0.25245832E-001  0.47485976E+000  0.92349662E+000 -0.96113217E+000
  0.26115335E-001  0.47485976E+000  0.92349662E+000 -0.96113217E+000
  0.27155641E-001  0.47485976E+000  0.92349662E+000 -0.96113217E+000
  0.68253002E-002  0.47485976E+000  0.92349662E+000 -0.96113217E+000
  0.62357925E-002  0.47485976E+000  0.92349662E+000 -0.96113217E+000
  0.65579488E-002  0.47485976E+000  0.92349662E+000 -0.96113217E+000
  0.67428742E-002  0.47485976E+000  0.92349662E+000 -0.96113217E+000
  0.27337166E-001  0.47485976E+000  0.92349662E+000 -0.96113217E+000
  0.13914882E-001  0.47485976E+000  0.92349662E+000 -0.96113217E+000
  0.13717051E-001  0.47485976E+000  0.92349662E+000 -0.96113217E+000
  0.25512880E-001  0.47485976E+000  0.92349662E+000 -0.96113217E+000
  0.25951537E-001  0.47485976E+000  0.92349662E+000 -0.96113217E+000
  0.88364803E-002  0.47485976E+000  0.92349662E+000 -0.96113217E+000
  0.86993476E-002  0.47485976E+000  0.92349662E+000 -0.96113217E+000
  0.88269031E-002  0.47485976E+000  0.92349662E+000 -0.96113217E+000
  0.26755418E-001  0.47485976E+000  0.92349662E+000 -0.96113217E+000
  0.10022465E-001  0.47485976E+000  0.92349662E+000 -0.96113217E+000
  0.96619518E-002  0.47485976E+000  0.92349662E+000 -0.96113217E+000
  0.94047289E-002  0.47485976E+000  0.92349662E+000 -0.96113217E+000
  0.26130574E-001  0.47485976E+000  0.92349662E+000 -0.96113217E+000
  0.13441084E-001  0.47485976E+000  0.92349662E+000 -0.96113217E+000
  0.13278990E-001  0.47485976E+000  0.92349662E+000 -0.96113217E+000
  0.10995762E-001  0.47485976E+000  0.92349662E+000 -0.96113217E+000
  0.10837455E-001  0.47485976E+000  0.92349662E+000 -0.96113217E+000
  0.11246942E-001  0.47485976E+000  0.92349662E+000 -0.96113217E+000
  0.11069410E-001  0.47485976E+000  0.92349662E+000 -0.96113217E+000
  0.22559662E-001  0.47485976E+000  0.92349662E+000 -0.96113217E+000
  0.15500285E-001  0.47485976E+000  0.92349662E+000 -0.96113217E+000
  0.26228089E-002  0.47485976E+000  0.92349662E+000 -0.96113217E+000
  0.26086906E-002  0.47485976E+000  0.92349662E+000 -0.96113217E+000
  0.26176014E-002  0.47485976E+000  0.92349662E+000 -0.96113217E+000
  0.25912540E-002  0.47485976E+000  0.92349662E+000 -0.96113217E+000
  0.25998969E-002  0.47485976E+000  0.92349662E+000 -0.96113217E+000
  0.25896487E-002  0.47485976E+000  0.92349662E+000 -0.96113217E+000
