  0.36263396E-001  0.31922352E+002  0.44839857E-001 -0.16513906E+001
  0.35725945E-001  0.31922352E+002  0.44839857E-001 -0.16513906E+001
  0.75841590E-001  0.31922352E+002  0.44839857E-001 -0.16513906E+001
  0.76270757E-001  0.31922352E+002  0.44839857E-001 -0.16513906E+001
  0.26041703E-001  0.31922352E+002  0.44839857E-001 -0.16513906E+001
  0.26025854E-001  0.31922352E+002  0.44839857E-001 -0.16513906E+001
  0.25479994E-001  0.31922352E+002  0.44839857E-001 -0.16513906E+001
  0.30542018E-001  0.31922352E+002  0.44839857E-001 -0.16513906E+001
  0.28571172E-001  0.31922352E+002  0.44839857E-001 -0.16513906E+001
  0.30235150E-001  0.31922352E+002  0.44839857E-001 -0.16513906E+001
  0.17191510E-001  0.31922352E+002  0.44839857E-001 -0.16513906E+001
  0.15909122E-001  0.31922352E+002  0.44839857E-001 -0.16513906E+001
  0.17133919E-001  0.31922352E+002  0.44839857E-001 -0.16513906E+001
  0.16456015E-001  0.31922352E+002  0.44839857E-001 -0.16513906E+001
  0.15710103E-001  0.31922352E+002  0.44839857E-001 -0.16513906E+001
  0.16062721E-001  0.31922352E+002  0.44839857E-001 -0.16513906E+001
  0.10523838E+000  0.31922352E+002  0.44839857E-001 -0.16513906E+001
  0.53318258E-001  0.31922352E+002  0.44839857E-001 -0.16513906E+001
  0.53190453E-001  0.31922352E+002  0.44839857E-001 -0.16513906E+001
  0.10988799E+000  0.31922352E+002  0.44839857E-001 -0.16513906E+001
  0.11064371E+000  0.31922352E+002  0.44839857E-001 -0.16513906E+001
  0.42201178E-001  0.31922352E+002  0.44839857E-001 -0.16513906E+001
  0.37140981E-001  0.31922352E+002  0.44839857E-001 -0.16513906E+001
  0.37305723E-001  0.31922352E+002  0.44839857E-001 -0.16513906E+001
