 -0.15104946E+002 -0.15122376E+002 -0.68670170E+001 -0.10460494E+001  0.78681896E+000
 -0.15087521E+002 -0.14420476E+002 -0.68495927E+001 -0.79657164E+000  0.92051290E+000
 -0.14986374E+002 -0.14014968E+002 -0.67224700E+001 -0.78293647E+000  0.10213818E+001
 -0.14979476E+002 -0.13693936E+002 -0.67155717E+001 -0.12001397E+001  0.10358861E+001
 -0.14911970E+002 -0.13455529E+002 -0.66213974E+001 -0.85549835E+000  0.11417103E+001
 -0.15667181E+002 -0.13246027E+002 -0.62779965E+001 -0.11786776E+001  0.91630756E+000
 -0.16005159E+002 -0.13246027E+002 -0.66159749E+001 -0.11621955E+001  0.88021876E+000
 -0.15677170E+002 -0.13246027E+002 -0.62879852E+001 -0.10016103E+001  0.11984458E+001
 -0.15336351E+002 -0.13009804E+002 -0.59471661E+001 -0.80168683E+000  0.94603277E+000
 -0.15590130E+002 -0.13009804E+002 -0.62009450E+001 -0.11502285E+001  0.87456192E+000
 -0.15391858E+002 -0.13009804E+002 -0.60026730E+001 -0.11813300E+001  0.93238469E+000
 -0.14151921E+002 -0.12752918E+002 -0.58613484E+001 -0.11443443E+001  0.11136326E+001
 -0.14136072E+002 -0.12532303E+002 -0.58454996E+001 -0.10667362E+001  0.81290681E+000
 -0.15180309E+002 -0.12349035E+002 -0.57911247E+001 -0.95152205E+000  0.80267794E+000
 -0.15186698E+002 -0.12349035E+002 -0.57975139E+001 -0.11431165E+001  0.11136223E+001
 -0.15183811E+002 -0.12349035E+002 -0.57946263E+001 -0.10592567E+001  0.81032175E+000
 -0.15297090E+002 -0.12195102E+002 -0.55595992E+001 -0.83563883E+000  0.10957213E+001
 -0.15403169E+002 -0.12195102E+002 -0.56656773E+001 -0.83785239E+000  0.88767780E+000
 -0.15438822E+002 -0.12195102E+002 -0.57013310E+001 -0.10261162E+001  0.80114684E+000
 -0.15448592E+002 -0.12195102E+002 -0.57111007E+001 -0.86086720E+000  0.11284081E+001
 -0.14873611E+002 -0.12034217E+002 -0.53939488E+001 -0.11121039E+001  0.11364398E+001
 -0.14951837E+002 -0.12034217E+002 -0.54721749E+001 -0.10044767E+001  0.11849272E+001
 -0.14934336E+002 -0.12034217E+002 -0.54546735E+001 -0.83134860E+000  0.90275464E+000
 -0.13677854E+002 -0.11872623E+002 -0.52968041E+001 -0.85951216E+000  0.11180665E+001
 -0.13653249E+002 -0.11720386E+002 -0.52721991E+001 -0.10563558E+001  0.81836594E+000
 -0.13563241E+002 -0.11585214E+002 -0.51821914E+001 -0.84899487E+000  0.88562847E+000
 -0.14197221E+002 -0.11466751E+002 -0.50277140E+001 -0.11071385E+001  0.11332605E+001
 -0.14343997E+002 -0.11466751E+002 -0.51744899E+001 -0.80726621E+000  0.10044808E+001
 -0.14066054E+002 -0.11344200E+002 -0.48965469E+001 -0.98875847E+000  0.11753834E+001
 -0.14105912E+002 -0.11344200E+002 -0.49364046E+001 -0.10809919E+001  0.11504741E+001
 -0.13345684E+002 -0.11220651E+002 -0.48693241E+001 -0.10303030E+001  0.81672694E+000
 -0.13148149E+002 -0.11107832E+002 -0.46717890E+001 -0.86560924E+000  0.87882404E+000
 -0.13523669E+002 -0.10989467E+002 -0.43202599E+001 -0.82771382E+000  0.95588290E+000
 -0.13870188E+002 -0.10989467E+002 -0.46667793E+001 -0.82122687E+000  0.10335054E+001
 -0.13371007E+002 -0.10846786E+002 -0.41336966E+001 -0.90151890E+000  0.11300948E+001
 -0.13528107E+002 -0.10846786E+002 -0.42907962E+001 -0.82276199E+000  0.99162869E+000
 -0.12654272E+002 -0.10698158E+002 -0.41101090E+001 -0.10261627E+001  0.82962465E+000
 -0.13569879E+002 -0.10574190E+002 -0.38581107E+001 -0.11129369E+001  0.11013971E+001
 -0.13749815E+002 -0.10574190E+002 -0.40380463E+001 -0.11450368E+001  0.92973221E+000
 -0.13596247E+002 -0.10574190E+002 -0.38844791E+001 -0.11518394E+001  0.95488837E+000
 -0.13155359E+002 -0.10446727E+002 -0.37506162E+001 -0.11335935E+001  0.91893312E+000
 -0.13198183E+002 -0.10446727E+002 -0.37934400E+001 -0.11086342E+001  0.11043494E+001
 -0.12456672E+002 -0.10321632E+002 -0.37450756E+001 -0.11298623E+001  0.91304555E+000
 -0.13079693E+002 -0.10209876E+002 -0.36749496E+001 -0.11359661E+001  0.92592176E+000
 -0.13136673E+002 -0.10209876E+002 -0.37319298E+001 -0.11495988E+001  0.95706062E+000
 -0.12411636E+002 -0.10109035E+002 -0.36333486E+001 -0.87859988E+000  0.89071390E+000
 -0.13032146E+002 -0.10016663E+002 -0.35279216E+001 -0.86676061E+000  0.90823756E+000
 -0.13131238E+002 -0.10016663E+002 -0.36270138E+001 -0.11277894E+001  0.10758026E+001
 -0.13776446E+002 -0.99312824E+001 -0.30782992E+001 -0.11403778E+001  0.97158871E+000
 -0.13798831E+002 -0.99312824E+001 -0.31006844E+001 -0.11150758E+001  0.10775326E+001
 -0.13969803E+002 -0.99312824E+001 -0.32716556E+001 -0.11460048E+001  0.98731893E+000
 -0.14067190E+002 -0.99312824E+001 -0.33690434E+001 -0.84120457E+000  0.10120015E+001
 -0.14172506E+002 -0.99312824E+001 -0.34743593E+001 -0.11263866E+001  0.91653440E+000
 -0.13968641E+002 -0.99312824E+001 -0.32704944E+001 -0.84439415E+000  0.10196627E+001
 -0.11908079E+002 -0.98140243E+001 -0.29709196E+001 -0.85232234E+000  0.96202000E+000
 -0.12592202E+002 -0.97043269E+001 -0.29012706E+001 -0.10555926E+001  0.86462269E+000
 -0.12625516E+002 -0.97043269E+001 -0.29345848E+001 -0.10565887E+001  0.86441168E+000
 -0.11898864E+002 -0.95987164E+001 -0.29010805E+001 -0.95775782E+000  0.11335295E+001
 -0.11807879E+002 -0.95059491E+001 -0.27793239E+001 -0.90621084E+000  0.11030474E+001
 -0.11760673E+002 -0.94184068E+001 -0.26425054E+001 -0.96438365E+000  0.11300170E+001
 -0.11760673E+002 -0.94184068E+001 -0.26425054E+001 -0.96438365E+000  0.11300170E+001
 -0.11742836E+002 -0.93266396E+001 -0.26246682E+001 -0.95711527E+000  0.86104090E+000
 -0.11725184E+002 -0.92411406E+001 -0.26070163E+001 -0.11321272E+001  0.10103370E+001
 -0.11704264E+002 -0.91610315E+001 -0.25860965E+001 -0.10873414E+001  0.10943663E+001
 -0.13160715E+002 -0.90897835E+001 -0.23705887E+001 -0.10806714E+001  0.10946346E+001
 -0.13365243E+002 -0.90897835E+001 -0.25751169E+001 -0.96887585E+000  0.11296561E+001
 -0.13310559E+002 -0.90897835E+001 -0.25204330E+001 -0.10075557E+001  0.85791787E+000
 -0.13343965E+002 -0.90897835E+001 -0.25538392E+001 -0.85756062E+000  0.10105150E+001
 -0.13250545E+002 -0.90897835E+001 -0.24604188E+001 -0.95706034E+000  0.86463199E+000
 -0.12797110E+002 -0.90103048E+001 -0.21993559E+001 -0.95711499E+000  0.87045112E+000
 -0.12907886E+002 -0.90103048E+001 -0.23101325E+001 -0.10636504E+001  0.11059622E+001
 -0.12806826E+002 -0.90103048E+001 -0.22090722E+001 -0.95935169E+000  0.86950061E+000
 -0.12920472E+002 -0.90103048E+001 -0.23227180E+001 -0.96180241E+000  0.11225308E+001
 -0.11999267E+002 -0.89235112E+001 -0.20946605E+001 -0.10452220E+001  0.87793921E+000
 -0.12053043E+002 -0.89235112E+001 -0.21484360E+001 -0.88529856E+000  0.92877804E+000
 -0.11306110E+002 -0.88352170E+001 -0.20946503E+001 -0.88962508E+000  0.92436972E+000
 -0.12492318E+002 -0.87652837E+001 -0.17404137E+001 -0.10007499E+001  0.87468694E+000
 -0.12837858E+002 -0.87652837E+001 -0.20859537E+001 -0.87578506E+000  0.10398969E+001
 -0.12630104E+002 -0.87652837E+001 -0.18781993E+001 -0.10696058E+001  0.10904799E+001
 -0.12790502E+002 -0.87652837E+001 -0.20385975E+001 -0.10449688E+001  0.11098173E+001
 -0.11097427E+002 -0.86733826E+001 -0.17318166E+001 -0.10439920E+001  0.88627994E+000
 -0.12114259E+002 -0.85885244E+001 -0.16500364E+001 -0.92303385E+000  0.90286575E+000
 -0.12120182E+002 -0.85885244E+001 -0.16559594E+001 -0.10955717E+001  0.93592974E+000
 -0.12124087E+002 -0.85885244E+001 -0.16598641E+001 -0.10346724E+001  0.88399902E+000
 -0.10970347E+002 -0.85086999E+001 -0.15441123E+001 -0.10244864E+001  0.11056388E+001
 -0.12287366E+002 -0.84313497E+001 -0.14159960E+001 -0.11005606E+001  0.10303798E+001
 -0.12370688E+002 -0.84313497E+001 -0.14993179E+001 -0.10538060E+001  0.89796755E+000
 -0.12387698E+002 -0.84313497E+001 -0.15163278E+001 -0.89992973E+000  0.10574709E+001
 -0.12365119E+002 -0.84313497E+001 -0.14937488E+001 -0.93830084E+000  0.10926341E+001
 -0.10900774E+002 -0.83501307E+001 -0.14156986E+001 -0.98793036E+000  0.11064799E+001
 -0.10864572E+002 -0.82749941E+001 -0.13794969E+001 -0.91884650E+000  0.10745656E+001
 -0.10835335E+002 -0.82026253E+001 -0.13502599E+001 -0.10962482E+001  0.10369827E+001
 -0.11489297E+002 -0.81353059E+001 -0.12793257E+001 -0.10673611E+001  0.91509913E+000
 -0.11511949E+002 -0.81353059E+001 -0.13019781E+001 -0.88524894E+000  0.99050697E+000
 -0.11466895E+002 -0.80677508E+001 -0.12569242E+001 -0.10537305E+001  0.10844547E+001
 -0.11477423E+002 -0.80677508E+001 -0.12674513E+001 -0.95037203E+000  0.10929259E+001
 -0.11397820E+002 -0.80051059E+001 -0.11550586E+001 -0.10999253E+001  0.10028407E+001
 -0.11444151E+002 -0.80051059E+001 -0.12013898E+001 -0.98947230E+000  0.11012652E+001
 -0.10670538E+002 -0.79439803E+001 -0.10563851E+001 -0.89621335E+000  0.96514425E+000
 -0.12435159E+002 -0.78860230E+001 -0.93687408E+000 -0.93350330E+000  0.10726472E+001
 -0.12544670E+002 -0.78860230E+001 -0.10463844E+001 -0.10705722E+001  0.92663986E+000
 -0.12435286E+002 -0.78860230E+001 -0.93700053E+000 -0.93346815E+000  0.10726236E+001
 -0.12443329E+002 -0.78860230E+001 -0.94504406E+000 -0.96051704E+000  0.10883304E+001
 -0.12498036E+002 -0.78860230E+001 -0.99975090E+000 -0.10953783E+001  0.10075583E+001
 -0.12498284E+002 -0.78860230E+001 -0.99999916E+000 -0.10906119E+001  0.10273164E+001
 -0.11344571E+002 -0.78262537E+001 -0.91504495E+000 -0.10070317E+001  0.89607167E+000
 -0.11363531E+002 -0.78262537E+001 -0.93400551E+000 -0.89849487E+000  0.96880428E+000
 -0.11271671E+002 -0.77702945E+001 -0.81229167E+000 -0.10760208E+001  0.10457728E+001
 -0.11278786E+002 -0.77702945E+001 -0.81940748E+000 -0.10362591E+001  0.10816195E+001
 -0.10505022E+002 -0.77134060E+001 -0.70893686E+000 -0.10643329E+001  0.10564853E+001
 -0.11131307E+002 -0.76555914E+001 -0.61222259E+000 -0.10805256E+001  0.96596028E+000
 -0.11171608E+002 -0.76555914E+001 -0.65252290E+000 -0.10416039E+001  0.91609495E+000
 -0.10426734E+002 -0.75955511E+001 -0.60079647E+000 -0.91649962E+000  0.10393852E+001
 -0.11506209E+002 -0.75415594E+001 -0.52103466E+000 -0.10309853E+001  0.91471816E+000
 -0.11555183E+002 -0.75415594E+001 -0.57000881E+000 -0.91583324E+000  0.10363888E+001
 -0.11571093E+002 -0.75415594E+001 -0.58591818E+000 -0.10417589E+001  0.91845941E+000
 -0.10405101E+002 -0.74861966E+001 -0.51853889E+000 -0.10712646E+001  0.10375899E+001
 -0.11753712E+002 -0.74351645E+001 -0.45008408E+000 -0.10453693E+001  0.92585602E+000
 -0.11803296E+002 -0.74351645E+001 -0.49966755E+000 -0.10696175E+001  0.10392841E+001
 -0.11801586E+002 -0.74351645E+001 -0.49795730E+000 -0.10784604E+001  0.97048848E+000
 -0.11782076E+002 -0.74351645E+001 -0.47844737E+000 -0.10454369E+001  0.92483821E+000
 -0.10359909E+002 -0.73832584E+001 -0.44257480E+000 -0.95401779E+000  0.10696692E+001
 -0.10390986E+002 -0.73350678E+001 -0.44190348E+000 -0.10801842E+001  0.10007966E+001
 -0.11492071E+002 -0.72904690E+001 -0.41262742E+000 -0.93420184E+000  0.10533680E+001
 -0.11508857E+002 -0.72904690E+001 -0.42941292E+000 -0.10784806E+001  0.10106957E+001
 -0.11517821E+002 -0.72904690E+001 -0.43837742E+000 -0.95170208E+000  0.92136546E+000
 -0.10367195E+002 -0.72465338E+001 -0.38636348E+000 -0.96140180E+000  0.91807994E+000
 -0.11711953E+002 -0.72033517E+001 -0.34482759E+000 -0.97857604E+000  0.91381153E+000
 -0.11736257E+002 -0.72033517E+001 -0.36913104E+000 -0.98624494E+000  0.10776554E+001
 -0.11718632E+002 -0.72033517E+001 -0.35150619E+000 -0.98821515E+000  0.10772879E+001
 -0.11730740E+002 -0.72033517E+001 -0.36361481E+000 -0.92731710E+000  0.10428635E+001
 -0.10312899E+002 -0.71602391E+001 -0.33206763E+000 -0.95264639E+000  0.10649119E+001
 -0.11047554E+002 -0.71211251E+001 -0.30458217E+000 -0.10417257E+001  0.92879771E+000
 -0.11068675E+002 -0.71211251E+001 -0.32570316E+000 -0.10643716E+001  0.95215285E+000
 -0.10352960E+002 -0.70824546E+001 -0.30313628E+000 -0.10737878E+001  0.10135672E+001
 -0.11415193E+002 -0.70451711E+001 -0.26675646E+000 -0.99024974E+000  0.10747052E+001
 -0.11440136E+002 -0.70451711E+001 -0.29169997E+000 -0.10186388E+001  0.91752672E+000
 -0.11445785E+002 -0.70451711E+001 -0.29734878E+000 -0.99126331E+000  0.91371572E+000
 -0.11640337E+002 -0.70079207E+001 -0.20421812E+000 -0.93947902E+000  0.94044612E+000
 -0.11650982E+002 -0.70079207E+001 -0.21486334E+000 -0.95602988E+000  0.10625259E+001
 -0.11688164E+002 -0.70079207E+001 -0.25204587E+000 -0.10556240E+001  0.10456685E+001
 -0.11692229E+002 -0.70079207E+001 -0.25611024E+000 -0.10730077E+001  0.97985895E+000
 -0.11692229E+002 -0.70079207E+001 -0.25611024E+000 -0.10730077E+001  0.97985895E+000
 -0.10954635E+002 -0.69711229E+001 -0.17392366E+000 -0.10308824E+001  0.10625976E+001
 -0.10974920E+002 -0.69711229E+001 -0.19420797E+000 -0.93373754E+000  0.94748243E+000
 -0.11296393E+002 -0.69345593E+001 -0.11021663E+000 -0.97411898E+000  0.10665289E+001
 -0.11298593E+002 -0.69345593E+001 -0.11241630E+000 -0.10535792E+001  0.10408074E+001
 -0.11358386E+002 -0.69345593E+001 -0.17220960E+000 -0.93272864E+000  0.10397465E+001
 -0.11202596E+002 -0.68970084E+001 -0.16419182E-001 -0.10055204E+001  0.10654338E+001
 -0.11235377E+002 -0.68970084E+001 -0.49200357E-001 -0.98123866E+000  0.10660786E+001
 -0.11203673E+002 -0.68970084E+001 -0.17495872E-001 -0.10057704E+001  0.10654344E+001
 -0.10100858E+002 -0.68573273E+001 -0.13293516E-001 -0.95097594E+000  0.10507144E+001
 -0.10766468E+002 -0.68206099E+001  0.56803132E-001 -0.10437560E+001  0.10428267E+001
 -0.10818981E+002 -0.68206099E+001  0.42905616E-002 -0.10627950E+001  0.10140175E+001
 -0.11141643E+002 -0.67856524E+001  0.17047480E+000 -0.10046516E+001  0.10583656E+001
 -0.11223782E+002 -0.67856524E+001  0.88336487E-001 -0.10357631E+001  0.94139338E+000
 -0.11160792E+002 -0.67856524E+001  0.15132585E+000 -0.96765136E+000  0.93591953E+000
 -0.10013764E+002 -0.67493691E+001  0.24056364E+000 -0.10358285E+001  0.10404237E+001
 -0.99919675E+001 -0.67118614E+001  0.26236019E+000 -0.96097852E+000  0.94499943E+000
 -0.10051666E+002 -0.66778326E+001  0.28604355E+000 -0.10502521E+001  0.97353379E+000
 -0.10740976E+002 -0.66454741E+001  0.33070201E+000 -0.95821659E+000  0.95082539E+000
 -0.10757755E+002 -0.66454741E+001  0.31392353E+000 -0.96993511E+000  0.10473644E+001
 -0.11421997E+002 -0.66140113E+001  0.38365042E+000 -0.10314984E+001  0.10358921E+001
 -0.11474518E+002 -0.66140113E+001  0.33112989E+000 -0.10018139E+001  0.10519101E+001
 -0.11457286E+002 -0.66140113E+001  0.34836157E+000 -0.10387445E+001  0.10306376E+001
 -0.11474571E+002 -0.66140113E+001  0.33107695E+000 -0.10236172E+001  0.10445533E+001
 -0.10035454E+002 -0.65818761E+001  0.38389903E+000 -0.10298747E+001  0.10372741E+001
 -0.10016465E+002 -0.65507339E+001  0.40288871E+000 -0.95102851E+000  0.96334140E+000
 -0.10692568E+002 -0.65212804E+001  0.46438440E+000 -0.96639555E+000  0.10372627E+001
 -0.10725896E+002 -0.65212804E+001  0.43105594E+000 -0.94550117E+000  0.10135535E+001
 -0.10721697E+002 -0.64921850E+001  0.47970678E+000 -0.95228273E+000  0.96818777E+000
 -0.10722821E+002 -0.64921850E+001  0.47858278E+000 -0.97795310E+000  0.94742097E+000
 -0.10030045E+002 -0.64647129E+001  0.52266398E+000 -0.95409336E+000  0.96949335E+000
 -0.10010416E+002 -0.64368180E+001  0.54229217E+000 -0.96148427E+000  0.96185639E+000
 -0.10006684E+002 -0.64091496E+001  0.54602491E+000 -0.10082764E+001  0.94994121E+000
 -0.11470039E+002 -0.63865803E+001  0.65128504E+000 -0.96174949E+000  0.97131160E+000
 -0.11499918E+002 -0.63865803E+001  0.62140614E+000 -0.10103882E+001  0.95522744E+000
 -0.11560460E+002 -0.63865803E+001  0.56086452E+000 -0.97258320E+000  0.95466527E+000
 -0.11542886E+002 -0.63865803E+001  0.57843802E+000 -0.96171966E+000  0.96450589E+000
 -0.11159593E+002 -0.63620889E+001  0.67404921E+000 -0.95958790E+000  0.97773913E+000
 -0.11165993E+002 -0.63620889E+001  0.66764929E+000 -0.96308177E+000  0.97124131E+000
 -0.11177555E+002 -0.63620889E+001  0.65608752E+000 -0.96252500E+000  0.97076136E+000
 -0.10047266E+002 -0.63376393E+001  0.68776390E+000 -0.10252266E+001  0.10185106E+001
 -0.11131362E+002 -0.63134477E+001  0.70228060E+000 -0.96880764E+000  0.96815630E+000
 -0.11131466E+002 -0.63134477E+001  0.70217651E+000 -0.96995342E+000  0.96707397E+000
 -0.11136072E+002 -0.63134477E+001  0.69756995E+000 -0.10035006E+001  0.95812596E+000
 -0.10023464E+002 -0.62894862E+001  0.71156629E+000 -0.97004872E+000  0.96785517E+000
 -0.10019662E+002 -0.62658696E+001  0.71536774E+000 -0.10295218E+001  0.98320808E+000
 -0.10018118E+002 -0.62427112E+001  0.71691192E+000 -0.95882987E+000  0.10000740E+001
 -0.10063124E+002 -0.62212883E+001  0.72906424E+000 -0.10305021E+001  0.99430763E+000
 -0.10046039E+002 -0.62000610E+001  0.74614941E+000 -0.10271248E+001  0.10068724E+001
 -0.11118873E+002 -0.61789206E+001  0.77192742E+000 -0.96730613E+000  0.97808947E+000
 -0.11141605E+002 -0.61789206E+001  0.74919565E+000 -0.10197264E+001  0.10183445E+001
 -0.11142966E+002 -0.61789206E+001  0.74783498E+000 -0.99304168E+000  0.10290905E+001
 -0.10011707E+002 -0.61576829E+001  0.78048150E+000 -0.98543597E+000  0.96469020E+000
 -0.10692952E+002 -0.61367101E+001  0.79238387E+000 -0.10076428E+001  0.96694605E+000
 -0.10701805E+002 -0.61367101E+001  0.78353104E+000 -0.10205889E+001  0.10131294E+001
 -0.11089461E+002 -0.61159247E+001  0.80134004E+000 -0.98514899E+000  0.10232691E+001
 -0.11094169E+002 -0.61159247E+001  0.79663170E+000 -0.98238664E+000  0.96727771E+000
 -0.11096840E+002 -0.61159247E+001  0.79396049E+000 -0.97099170E+000  0.97591427E+000
 -0.10678394E+002 -0.60953813E+001  0.80694127E+000 -0.99268846E+000  0.10243590E+001
 -0.10679848E+002 -0.60953813E+001  0.80548736E+000 -0.96782636E+000  0.98299171E+000
 -0.99794504E+001 -0.60751394E+001  0.81273820E+000 -0.98251201E+000  0.96873738E+000
 -0.99756584E+001 -0.60551850E+001  0.81653022E+000 -0.96807576E+000  0.10049923E+001
 -0.99745206E+001 -0.60355474E+001  0.81766796E+000 -0.97313452E+000  0.97650326E+000
 -0.11307641E+002 -0.60162663E+001  0.87084160E+000 -0.97273779E+000  0.10023243E+001
 -0.11325888E+002 -0.60162663E+001  0.85259523E+000 -0.10013705E+001  0.10194047E+001
 -0.11356913E+002 -0.60162663E+001  0.82157041E+000 -0.97386663E+000  0.97619094E+000
 -0.11319095E+002 -0.60162663E+001  0.85938757E+000 -0.10125338E+001  0.10121428E+001
 -0.99150200E+001 -0.59963271E+001  0.87716854E+000 -0.97432391E+000  0.98546807E+000
 -0.10563433E+002 -0.59766548E+001  0.92190311E+000 -0.98947547E+000  0.10110491E+001
 -0.10567587E+002 -0.59766548E+001  0.91774854E+000 -0.99780805E+000  0.97756649E+000
 -0.10558943E+002 -0.59564883E+001  0.92639251E+000 -0.10011383E+001  0.10100621E+001
 -0.10562171E+002 -0.59564883E+001  0.92316478E+000 -0.99086043E+000  0.10112621E+001
 -0.11465725E+002 -0.59405721E+001  0.93590111E+000 -0.99058468E+000  0.10090737E+001
 -0.11469773E+002 -0.59405721E+001  0.93185398E+000 -0.10000432E+001  0.10095501E+001
 -0.11466765E+002 -0.59405721E+001  0.93486192E+000 -0.10067992E+001  0.98582153E+000
 -0.11471223E+002 -0.59405721E+001  0.93040328E+000 -0.10034300E+001  0.98174476E+000
 -0.10079367E+002 -0.59247568E+001  0.93596515E+000 -0.10057553E+001  0.98487948E+000
 -0.10771368E+002 -0.59091867E+001  0.93711086E+000 -0.10069756E+001  0.10031952E+001
 -0.10771903E+002 -0.59091867E+001  0.93657641E+000 -0.10054269E+001  0.10052229E+001
 -0.11152965E+002 -0.58938379E+001  0.96097956E+000 -0.99656620E+000  0.10044101E+001
 -0.11168612E+002 -0.58938379E+001  0.94533203E+000 -0.99546213E+000  0.10080181E+001
 -0.11155638E+002 -0.58938379E+001  0.95830635E+000 -0.98735106E+000  0.98805792E+000
