 -0.15088514E+002 -0.15120589E+002 -0.68523727E+001 -0.26631811E-001 -0.12210364E+001
 -0.15891429E+002 -0.14411276E+002 -0.65566759E+001 -0.22481001E+000 -0.10118282E+001
 -0.16087915E+002 -0.14411276E+002 -0.67531618E+001 -0.15708381E-001 -0.76452099E+000
 -0.16084155E+002 -0.14411276E+002 -0.67494017E+001 -0.73506007E-002 -0.76395693E+000
 -0.15846713E+002 -0.13900520E+002 -0.62001801E+001 -0.43982463E-002 -0.12129685E+001
 -0.16139733E+002 -0.13900520E+002 -0.64931995E+001 -0.53153140E-001 -0.77713930E+000
 -0.15892346E+002 -0.13900520E+002 -0.62458129E+001  0.10837081E+000 -0.11772628E+001
 -0.15886894E+002 -0.13900520E+002 -0.62403604E+001  0.21687116E+000 -0.96049697E+000
 -0.15006874E+002 -0.13473739E+002 -0.59828703E+001  0.13148972E+000 -0.83300735E+000
 -0.15188536E+002 -0.13473739E+002 -0.61645322E+001 -0.94459864E-001 -0.11846972E+001
 -0.14258010E+002 -0.13114865E+002 -0.59271536E+001 -0.10790481E+000 -0.11721120E+001
 -0.14125815E+002 -0.12838132E+002 -0.57949586E+001  0.62972875E-001 -0.79253081E+000
 -0.14074775E+002 -0.12594473E+002 -0.57439187E+001 -0.14218463E+000 -0.11406961E+001
 -0.14048582E+002 -0.12393969E+002 -0.56930334E+001  0.20229685E+000 -0.10491527E+001
 -0.14036287E+002 -0.12219036E+002 -0.56807376E+001  0.13846541E+000 -0.11430070E+001
 -0.14366636E+002 -0.12078521E+002 -0.52438315E+001 -0.19797773E+000 -0.95042485E+000
 -0.14689547E+002 -0.12078521E+002 -0.55667424E+001  0.20106281E+000 -0.94308512E+000
 -0.14286148E+002 -0.11897797E+002 -0.51392465E+001 -0.20263484E+000 -0.99010952E+000
 -0.14368732E+002 -0.11897797E+002 -0.52218308E+001  0.16933584E+000 -0.10973261E+001
 -0.13484540E+002 -0.11739900E+002 -0.49601681E+001 -0.73676142E-001 -0.11755253E+001
 -0.13486101E+002 -0.11582266E+002 -0.49387392E+001  0.19689665E+000 -0.96747325E+000
 -0.13472602E+002 -0.11443378E+002 -0.49252403E+001  0.18482849E+000 -0.92900500E+000
 -0.13996339E+002 -0.11325183E+002 -0.47093103E+001 -0.19436876E+000 -0.97609750E+000
 -0.14017052E+002 -0.11325183E+002 -0.47300232E+001 -0.11865360E+000 -0.84621222E+000
 -0.13213371E+002 -0.11195608E+002 -0.46194898E+001  0.16660671E+000 -0.90452642E+000
 -0.13203415E+002 -0.11070781E+002 -0.46095335E+001  0.10609810E+000 -0.83846414E+000
 -0.13137008E+002 -0.10958770E+002 -0.45431263E+001 -0.11237884E+000 -0.84469317E+000
 -0.14087811E+002 -0.10860785E+002 -0.43000070E+001 -0.39375737E-001 -0.81020704E+000
 -0.14303938E+002 -0.10860785E+002 -0.45161343E+001  0.18987524E+000 -0.96806883E+000
 -0.14277480E+002 -0.10860785E+002 -0.44896760E+001 -0.16369399E+000 -0.10856735E+001
 -0.13596610E+002 -0.10750747E+002 -0.41912812E+001 -0.57454128E-001 -0.11693234E+001
 -0.13702124E+002 -0.10750747E+002 -0.42967956E+001  0.18802312E+000 -0.10076722E+001
 -0.12877388E+002 -0.10645482E+002 -0.41197441E+001 -0.14621129E+000 -0.11004190E+001
 -0.13839042E+002 -0.10547759E+002 -0.39383340E+001  0.35957228E-001 -0.81572717E+000
 -0.13896895E+002 -0.10547759E+002 -0.39961868E+001  0.54217646E-001 -0.82048731E+000
 -0.13906258E+002 -0.10547759E+002 -0.40055499E+001 -0.17989677E+000 -0.10276021E+001
 -0.13400691E+002 -0.10441942E+002 -0.39054481E+001 -0.17373517E+000 -0.94653096E+000
 -0.13411770E+002 -0.10441942E+002 -0.39165270E+001 -0.21963122E-002 -0.81159055E+000
 -0.13696415E+002 -0.10347308E+002 -0.37512558E+001  0.13858031E+000 -0.88852115E+000
 -0.13751878E+002 -0.10347308E+002 -0.38067180E+001 -0.11119799E+000 -0.85882461E+000
 -0.13828854E+002 -0.10347308E+002 -0.38836949E+001  0.11861887E+000 -0.11248502E+001
 -0.13689417E+002 -0.10260062E+002 -0.33119937E+001 -0.11733505E+000 -0.87556148E+000
 -0.13881932E+002 -0.10260062E+002 -0.35045089E+001 -0.10123522E+000 -0.85697625E+000
 -0.13913097E+002 -0.10260062E+002 -0.35356742E+001 -0.11789644E-001 -0.81886754E+000
 -0.14002191E+002 -0.10260062E+002 -0.36247685E+001  0.16220878E+000 -0.10592966E+001
 -0.12274346E+002 -0.10140380E+002 -0.32637999E+001 -0.10745642E+000 -0.11213792E+001
 -0.13307999E+002 -0.10030548E+002 -0.31794220E+001  0.69811937E-001 -0.11452890E+001
 -0.13365160E+002 -0.10030548E+002 -0.32365833E+001  0.98208024E-001 -0.11283375E+001
 -0.13385309E+002 -0.10030548E+002 -0.32567323E+001 -0.81638464E-001 -0.84822538E+000
 -0.12193701E+002 -0.99233333E+001 -0.31637366E+001 -0.17393968E-001 -0.11615409E+001
 -0.13499722E+002 -0.98303636E+001 -0.30251943E+001  0.92129703E-001 -0.11284374E+001
 -0.13571895E+002 -0.98303636E+001 -0.30973671E+001  0.15504353E+000 -0.10531258E+001
 -0.13550152E+002 -0.98303636E+001 -0.30756238E+001 -0.15209963E+000 -0.10586561E+001
 -0.13529138E+002 -0.98303636E+001 -0.30546097E+001 -0.65507572E-001 -0.84319543E+000
 -0.13890014E+002 -0.97383231E+001 -0.27997808E+001 -0.12280137E+000 -0.89439080E+000
 -0.13951958E+002 -0.97383231E+001 -0.28617252E+001  0.17104503E-001 -0.83185069E+000
 -0.14044751E+002 -0.97383231E+001 -0.29545183E+001 -0.61299487E-001 -0.11451027E+001
 -0.14023413E+002 -0.97383231E+001 -0.29331802E+001  0.15247925E+000 -0.10517506E+001
 -0.14086435E+002 -0.97383231E+001 -0.29962023E+001  0.16503220E+000 -0.98228431E+000
 -0.14022937E+002 -0.97383231E+001 -0.29327041E+001 -0.16135531E+000 -0.96586878E+000
 -0.14010798E+002 -0.97383231E+001 -0.29205653E+001  0.35793588E-001 -0.83443258E+000
 -0.12579583E+002 -0.96338149E+001 -0.27421126E+001  0.13915900E+000 -0.10703493E+001
 -0.12635398E+002 -0.96338149E+001 -0.27979280E+001 -0.15367418E+000 -0.10420558E+001
 -0.12635398E+002 -0.96338149E+001 -0.27979280E+001 -0.15367418E+000 -0.10420558E+001
 -0.12902826E+002 -0.95435786E+001 -0.25526451E+001 -0.36653048E-001 -0.11464289E+001
 -0.13061882E+002 -0.95435786E+001 -0.27117012E+001  0.26482232E-001 -0.83623925E+000
 -0.13026223E+002 -0.95435786E+001 -0.26760417E+001 -0.15047888E+000 -0.94542490E+000
 -0.11786158E+002 -0.94443812E+001 -0.25345897E+001 -0.15683307E+000 -0.98808330E+000
 -0.12837390E+002 -0.93540848E+001 -0.24698172E+001  0.37002941E-001 -0.84350666E+000
 -0.12841664E+002 -0.93540848E+001 -0.24740917E+001 -0.68178419E-001 -0.85640212E+000
 -0.12865756E+002 -0.93540848E+001 -0.24981833E+001 -0.58739016E-001 -0.85110496E+000
 -0.11684332E+002 -0.92659665E+001 -0.24153716E+001 -0.14224453E+000 -0.10517071E+001
 -0.12290998E+002 -0.91820809E+001 -0.23111910E+001  0.13716584E+000 -0.93181930E+000
 -0.12365224E+002 -0.91820809E+001 -0.23854166E+001 -0.14154883E+000 -0.10518987E+001
 -0.11586660E+002 -0.90965469E+001 -0.23000002E+001 -0.13451770E+000 -0.92723393E+000
 -0.12512180E+002 -0.90244621E+001 -0.20233671E+001  0.95385822E-001 -0.88604885E+000
 -0.12681925E+002 -0.90244621E+001 -0.21931121E+001  0.14783478E+000 -0.10208433E+001
 -0.12762467E+002 -0.90244621E+001 -0.22736538E+001 -0.74822151E-001 -0.11240926E+001
 -0.12079327E+002 -0.89380934E+001 -0.19794497E+001  0.43433232E-001 -0.85552903E+000
 -0.12107708E+002 -0.89380934E+001 -0.20078307E+001 -0.12185977E+000 -0.91696173E+000
 -0.11384074E+002 -0.88551697E+001 -0.19773446E+001 -0.95152960E-001 -0.88700842E+000
 -0.12026139E+002 -0.87808681E+001 -0.18929255E+001  0.14302526E+000 -0.10141813E+001
 -0.12106639E+002 -0.87808681E+001 -0.19734257E+001 -0.86288207E-002 -0.11400479E+001
 -0.11961806E+002 -0.87092865E+001 -0.17798020E+001  0.53717546E-001 -0.11247274E+001
 -0.12020299E+002 -0.87092865E+001 -0.18382953E+001  0.86960950E-001 -0.11055988E+001
 -0.12308306E+002 -0.86370254E+001 -0.16890891E+001  0.37368048E-001 -0.85963428E+000
 -0.12324866E+002 -0.86370254E+001 -0.17056488E+001 -0.13757426E+000 -0.96722784E+000
 -0.12338118E+002 -0.86370254E+001 -0.17189009E+001  0.63847109E-001 -0.11183407E+001
 -0.11189401E+002 -0.85645755E+001 -0.16530479E+001  0.12079438E+000 -0.92816094E+000
 -0.12252170E+002 -0.84956837E+001 -0.16014560E+001 -0.42045617E-001 -0.86309901E+000
 -0.12267283E+002 -0.84956837E+001 -0.16165685E+001 -0.13861066E+000 -0.98692620E+000
 -0.12298002E+002 -0.84956837E+001 -0.16472882E+001 -0.51027264E-001 -0.86568130E+000
 -0.11111224E+002 -0.84279344E+001 -0.15591223E+001  0.10197577E+000 -0.10839589E+001
 -0.12419074E+002 -0.83638312E+001 -0.14489292E+001  0.12355496E+000 -0.94230825E+000
 -0.12480220E+002 -0.83638312E+001 -0.15100753E+001 -0.13272454E+000 -0.96422727E+000
 -0.12431918E+002 -0.83638312E+001 -0.14617727E+001 -0.13216229E+000 -0.96610863E+000
 -0.12491531E+002 -0.83638312E+001 -0.15213860E+001  0.10983698E+000 -0.91632643E+000
 -0.11047541E+002 -0.82988003E+001 -0.14324379E+001  0.21836660E-001 -0.86125170E+000
 -0.11691580E+002 -0.82385816E+001 -0.13525576E+001  0.97820245E-001 -0.10823960E+001
 -0.11763757E+002 -0.82385816E+001 -0.14247351E+001 -0.13352249E+000 -0.97703699E+000
 -0.10990321E+002 -0.81781056E+001 -0.13291786E+001  0.30519446E-002 -0.86148158E+000
 -0.12078006E+002 -0.81206279E+001 -0.13029838E+001  0.12822967E+000 -0.96418348E+000
 -0.12090700E+002 -0.81206279E+001 -0.13156776E+001 -0.41487460E-001 -0.86923418E+000
 -0.12087255E+002 -0.81206279E+001 -0.13122331E+001 -0.92357250E-001 -0.90241792E+000
 -0.10988915E+002 -0.80664922E+001 -0.12821996E+001  0.95196560E-001 -0.10831177E+001
 -0.10961754E+002 -0.80148488E+001 -0.12400012E+001 -0.58988268E-001 -0.87898749E+000
 -0.10961731E+002 -0.79644235E+001 -0.12249398E+001  0.12742013E+000 -0.96780368E+000
 -0.11615179E+002 -0.79164182E+001 -0.11702034E+001  0.10571669E+000 -0.92291197E+000
 -0.11615965E+002 -0.79164182E+001 -0.11709888E+001  0.12848416E+000 -0.98017924E+000
 -0.12277402E+002 -0.78701495E+001 -0.10948276E+001  0.43733339E-001 -0.11137330E+001
 -0.12338944E+002 -0.78701495E+001 -0.11563697E+001 -0.45597992E-001 -0.87450292E+000
 -0.12293228E+002 -0.78701495E+001 -0.11106534E+001 -0.10781659E+000 -0.92827862E+000
 -0.12298557E+002 -0.78701495E+001 -0.11159818E+001 -0.35395424E-001 -0.87168489E+000
 -0.10872073E+002 -0.78225462E+001 -0.10757924E+001  0.11888843E+000 -0.10384102E+001
 -0.11525496E+002 -0.77762531E+001 -0.10360681E+001 -0.69652900E-001 -0.10984065E+001
 -0.11532466E+002 -0.77762531E+001 -0.10430385E+001 -0.25085900E-001 -0.11182859E+001
 -0.10821905E+002 -0.77302563E+001 -0.10256251E+001 -0.26658607E-001 -0.11175358E+001
 -0.10811303E+002 -0.76858309E+001 -0.10150226E+001  0.52971630E-001 -0.11077481E+001
 -0.10807349E+002 -0.76428517E+001 -0.10110684E+001 -0.16933116E-001 -0.11190836E+001
 -0.11858570E+002 -0.76014839E+001 -0.96367712E+000 -0.11539034E+000 -0.10404828E+001
 -0.11865155E+002 -0.76014839E+001 -0.97026256E+000 -0.56116189E-001 -0.11050390E+001
 -0.11869202E+002 -0.76014839E+001 -0.97430960E+000  0.48540618E-001 -0.11088744E+001
 -0.10758736E+002 -0.75598713E+001 -0.96245537E+000  0.24136873E-001 -0.87217536E+000
 -0.10755819E+002 -0.75211189E+001 -0.92727754E+000  0.54736165E-001 -0.88435535E+000
 -0.10739488E+002 -0.74825022E+001 -0.91094700E+000 -0.12288307E+000 -0.10081489E+001
 -0.10738494E+002 -0.74447207E+001 -0.90995281E+000  0.89730291E-001 -0.10775009E+001
 -0.10712543E+002 -0.74082793E+001 -0.88400185E+000 -0.11622645E+000 -0.95627055E+000
 -0.12035043E+002 -0.73722114E+001 -0.82020744E+000 -0.10339668E+000 -0.93308551E+000
 -0.12039119E+002 -0.73722114E+001 -0.82428289E+000 -0.37273169E-001 -0.87917030E+000
 -0.12050101E+002 -0.73722114E+001 -0.83526547E+000 -0.53903707E-002 -0.11162853E+001
 -0.12051870E+002 -0.73722114E+001 -0.83703393E+000  0.31233592E-002 -0.87245159E+000
 -0.10652394E+002 -0.73357649E+001 -0.80675805E+000  0.71323809E-001 -0.89820680E+000
 -0.11274313E+002 -0.73001325E+001 -0.73553011E+000  0.50285721E-001 -0.88689837E+000
 -0.11343643E+002 -0.73001325E+001 -0.80486025E+000 -0.10077774E+000 -0.10599742E+001
 -0.11284797E+002 -0.72638571E+001 -0.72862235E+000  0.11852407E+000 -0.10094406E+001
 -0.11286441E+002 -0.72638571E+001 -0.73026627E+000  0.86045728E-001 -0.91381489E+000
 -0.11695042E+002 -0.72292106E+001 -0.71601029E+000 -0.88531590E-001 -0.91701777E+000
 -0.11704251E+002 -0.72292106E+001 -0.72521924E+000 -0.42575358E-001 -0.11054262E+001
 -0.11707118E+002 -0.72292106E+001 -0.72808612E+000 -0.87138849E-001 -0.91506456E+000
 -0.11247397E+002 -0.71953065E+001 -0.67383090E+000 -0.39750293E-001 -0.11052852E+001
 -0.11287073E+002 -0.71953065E+001 -0.71350690E+000  0.11617142E+000 -0.96966188E+000
 -0.11239907E+002 -0.71611254E+001 -0.66634023E+000 -0.11754252E+000 -0.98461170E+000
 -0.11241694E+002 -0.71611254E+001 -0.66812767E+000  0.47833514E-001 -0.88742008E+000
 -0.11248093E+002 -0.71284147E+001 -0.65650790E+000 -0.57651881E-001 -0.10961977E+001
 -0.11252678E+002 -0.71284147E+001 -0.66109269E+000 -0.11406112E+000 -0.96628860E+000
 -0.10530779E+002 -0.70964321E+001 -0.63234181E+000 -0.11661524E+000 -0.10065221E+001
 -0.10528277E+002 -0.70646947E+001 -0.62983885E+000  0.64797249E-001 -0.10909041E+001
 -0.11202514E+002 -0.70344202E+001 -0.59223674E+000  0.11042003E+000 -0.95987700E+000
 -0.11219019E+002 -0.70344202E+001 -0.60874156E+000  0.33198032E-002 -0.11111478E+001
 -0.10494969E+002 -0.70044827E+001 -0.55914703E+000 -0.32376756E-001 -0.88402547E+000
 -0.11164361E+002 -0.69744521E+001 -0.53539220E+000 -0.96064639E-002 -0.87996351E+000
 -0.11174257E+002 -0.69744521E+001 -0.54528775E+000 -0.10339932E+000 -0.10438364E+001
 -0.10422962E+002 -0.69446067E+001 -0.48714003E+000  0.62917728E-001 -0.10882054E+001
 -0.10412156E+002 -0.69142151E+001 -0.47633442E+000 -0.10451465E+000 -0.10376216E+001
 -0.10407887E+002 -0.68844043E+001 -0.47206511E+000  0.88324131E-001 -0.10641065E+001
 -0.10365215E+002 -0.68553344E+001 -0.42939298E+000  0.43416418E-001 -0.10976004E+001
 -0.11747737E+002 -0.68270342E+001 -0.38479917E+000  0.10493742E+000 -0.95919854E+000
 -0.11790018E+002 -0.68270342E+001 -0.42707979E+000 -0.48192148E-001 -0.10952855E+001
 -0.11773045E+002 -0.68270342E+001 -0.41010633E+000  0.10677971E+000 -0.96268512E+000
 -0.11766281E+002 -0.68270342E+001 -0.40334305E+000  0.90338054E-001 -0.93082601E+000
 -0.11043914E+002 -0.67988428E+001 -0.35392042E+000  0.89560996E-001 -0.93177319E+000
 -0.11053036E+002 -0.67988428E+001 -0.36304248E+000  0.49114476E-001 -0.89615230E+000
 -0.12143613E+002 -0.67716702E+001 -0.31500157E+000  0.39794770E-001 -0.89305257E+000
 -0.12158074E+002 -0.67716702E+001 -0.32946299E+000  0.76268150E-001 -0.91712896E+000
 -0.12177256E+002 -0.67716702E+001 -0.34864494E+000  0.18338113E-001 -0.88578112E+000
 -0.12173939E+002 -0.67716702E+001 -0.34532803E+000 -0.34779330E-001 -0.10988600E+001
 -0.12163216E+002 -0.67716702E+001 -0.33460434E+000  0.89677274E-001 -0.10569200E+001
 -0.12164285E+002 -0.67716702E+001 -0.33567401E+000 -0.13625361E-002 -0.88444008E+000
 -0.11409122E+002 -0.67441810E+001 -0.27365755E+000 -0.14039481E-001 -0.88698576E+000
 -0.11445961E+002 -0.67441810E+001 -0.31049662E+000 -0.25191593E-001 -0.11008697E+001
 -0.11442688E+002 -0.67441810E+001 -0.30722325E+000  0.39922618E-001 -0.89331484E+000
 -0.10960253E+002 -0.67163135E+001 -0.23025374E+000  0.39151543E-001 -0.89507281E+000
 -0.10974658E+002 -0.67163135E+001 -0.24465872E+000  0.56288187E-001 -0.90371039E+000
 -0.10275919E+002 -0.66885854E+001 -0.21844805E+000 -0.77439818E-001 -0.10673384E+001
 -0.10275919E+002 -0.66885854E+001 -0.21844805E+000 -0.77439818E-001 -0.10673384E+001
 -0.11295046E+002 -0.66618390E+001 -0.11834332E+000  0.14920619E-001 -0.89114528E+000
 -0.11356479E+002 -0.66618390E+001 -0.17977624E+000  0.57655557E-001 -0.10828320E+001
 -0.11320112E+002 -0.66618390E+001 -0.14340952E+000  0.36650346E-001 -0.89643187E+000
 -0.10843020E+002 -0.66330858E+001 -0.71782119E-001 -0.48943478E-001 -0.10849877E+001
 -0.10887059E+002 -0.66330858E+001 -0.11582121E+000  0.10449512E+000 -0.99459737E+000
 -0.11246821E+002 -0.66044244E+001 -0.49064407E-001 -0.10239935E+000 -0.98673766E+000
 -0.11264361E+002 -0.66044244E+001 -0.66604870E-001  0.73412549E-001 -0.10660475E+001
 -0.11264748E+002 -0.66044244E+001 -0.66991866E-001 -0.75574945E-001 -0.92581198E+000
 -0.10832865E+002 -0.65759305E+001 -0.40574073E-001  0.88862902E-001 -0.94505489E+000
 -0.10840900E+002 -0.65759305E+001 -0.48609035E-001  0.90695324E-001 -0.94791352E+000
 -0.10139511E+002 -0.65479931E+001 -0.40367411E-001  0.98291859E-001 -0.96669771E+000
 -0.10128877E+002 -0.65208095E+001 -0.29733186E-001 -0.94956869E-001 -0.95812269E+000
 -0.10125783E+002 -0.64940661E+001 -0.26639505E-001  0.92611009E-002 -0.10963396E+001
 -0.10140857E+002 -0.64685260E+001 -0.18723442E-001 -0.90686825E-001 -0.10402219E+001
 -0.10112766E+002 -0.64434265E+001  0.93672859E-002 -0.20171294E-001 -0.10936841E+001
 -0.11493015E+002 -0.64188310E+001  0.38942948E-001  0.60786702E-001 -0.91579479E+000
 -0.11507673E+002 -0.64188310E+001  0.24285263E-001 -0.52295891E-002 -0.10952982E+001
 -0.11513191E+002 -0.64188310E+001  0.18767214E-001 -0.77063876E-001 -0.10587624E+001
 -0.11509631E+002 -0.64188310E+001  0.22326854E-001 -0.51579219E-001 -0.10806222E+001
 -0.10103394E+002 -0.63946822E+001  0.65800558E-001  0.64288031E-002 -0.10941144E+001
 -0.10102766E+002 -0.63704686E+001  0.66428651E-001 -0.99670061E-001 -0.99581557E+000
 -0.10093795E+002 -0.63468129E+001  0.75399176E-001 -0.79134200E-001 -0.10538086E+001
 -0.10121206E+002 -0.63245959E+001  0.96778579E-001 -0.26988937E-001 -0.10895349E+001
 -0.10114572E+002 -0.63023974E+001  0.10341297E+000  0.25550369E-001 -0.10897670E+001
 -0.10106980E+002 -0.62805380E+001  0.11100432E+000  0.98440310E-001 -0.99703897E+000
 -0.10773179E+002 -0.62595182E+001  0.16327104E+000  0.82152604E-001 -0.94438481E+000
 -0.10776773E+002 -0.62595182E+001  0.15967639E+000 -0.97126107E-001 -0.99448965E+000
 -0.10076477E+002 -0.62378383E+001  0.16682565E+000 -0.96662035E-001 -0.10019371E+001
 -0.10059893E+002 -0.62165438E+001  0.18340923E+000  0.75661838E-003 -0.10911318E+001
 -0.11127160E+002 -0.61959004E+001  0.24142268E+000  0.26036773E-001 -0.10856918E+001
 -0.11131185E+002 -0.61959004E+001  0.23739776E+000 -0.32458886E-001 -0.10836328E+001
 -0.11136211E+002 -0.61959004E+001  0.23237179E+000 -0.30511564E-001 -0.90486857E+000
 -0.10062592E+002 -0.61755667E+001  0.26002200E+000 -0.63552057E-001 -0.92602643E+000
 -0.12151994E+002 -0.61580117E+001  0.39666548E+000 -0.39804236E-001 -0.91401201E+000
 -0.12209435E+002 -0.61580117E+001  0.33922416E+000 -0.56025674E-001 -0.92249277E+000
 -0.12198090E+002 -0.61580117E+001  0.35056963E+000 -0.62081926E-001 -0.92814109E+000
 -0.12263842E+002 -0.61580117E+001  0.28481696E+000  0.75869314E-001 -0.94105165E+000
 -0.12259460E+002 -0.61580117E+001  0.28919932E+000  0.24183864E-001 -0.90452652E+000
 -0.12250666E+002 -0.61580117E+001  0.29799306E+000  0.93109412E-001 -0.99019484E+000
 -0.12208816E+002 -0.61580117E+001  0.33984356E+000 -0.41790226E-001 -0.91319508E+000
 -0.12281967E+002 -0.61580117E+001  0.26669293E+000 -0.84956603E-001 -0.95532531E+000
 -0.10083930E+002 -0.61387030E+001  0.40827747E+000  0.87624155E-001 -0.97477838E+000
 -0.11816481E+002 -0.61203849E+001  0.51294859E+000  0.66620299E-001 -0.10498346E+001
 -0.11863569E+002 -0.61203849E+001  0.46586046E+000  0.85736305E-001 -0.10156311E+001
 -0.11847766E+002 -0.61203849E+001  0.48166293E+000  0.87577060E-001 -0.98832959E+000
 -0.11848830E+002 -0.61203849E+001  0.48059943E+000 -0.25884242E-001 -0.10785257E+001
 -0.11909139E+002 -0.61203849E+001  0.42029031E+000 -0.80521126E-001 -0.10335508E+001
 -0.11886936E+002 -0.61203849E+001  0.44249310E+000 -0.86756160E-001 -0.10143906E+001
 -0.10750458E+002 -0.61012903E+001  0.52481066E+000 -0.53937265E-001 -0.92778575E+000
 -0.10752210E+002 -0.61012903E+001  0.52305871E+000  0.66952521E-001 -0.94076329E+000
 -0.10049208E+002 -0.60823320E+001  0.53291397E+000  0.78381713E-001 -0.10302623E+001
 -0.11134431E+002 -0.60639895E+001  0.56877582E+000 -0.12115203E-001 -0.91042714E+000
 -0.11135825E+002 -0.60639895E+001  0.56738177E+000 -0.72461083E-001 -0.10389765E+001
 -0.11143780E+002 -0.60639895E+001  0.55942683E+000 -0.12332876E-001 -0.91016588E+000
 -0.11118616E+002 -0.60461301E+001  0.62904267E+000  0.83229796E-001 -0.99789130E+000
 -0.11153931E+002 -0.60461301E+001  0.59372711E+000  0.34926063E-001 -0.91822430E+000
 -0.11156607E+002 -0.60461301E+001  0.59105150E+000  0.61453135E-001 -0.93759219E+000
 -0.10702321E+002 -0.60275041E+001  0.63987195E+000  0.22271709E-001 -0.10745243E+001
 -0.10712880E+002 -0.60275041E+001  0.62931352E+000 -0.81918569E-001 -0.10095974E+001
 -0.10728293E+002 -0.60098181E+001  0.65835259E+000  0.19797774E-001 -0.91489023E+000
 -0.10731124E+002 -0.60098181E+001  0.65552081E+000  0.22990203E-001 -0.91569500E+000
 -0.10052355E+002 -0.59932152E+001  0.70568126E+000  0.36285505E-001 -0.92286331E+000
 -0.10051959E+002 -0.59760987E+001  0.70607729E+000 -0.61609707E-001 -0.10465182E+001
 -0.10062577E+002 -0.59596188E+001  0.71696608E+000  0.80319130E-001 -0.99952886E+000
 -0.10050976E+002 -0.59432301E+001  0.72856636E+000 -0.73887679E-001 -0.96460994E+000
 -0.10731082E+002 -0.59269191E+001  0.74160785E+000 -0.94248793E-002 -0.91566245E+000
 -0.10743499E+002 -0.59269191E+001  0.72919112E+000 -0.80015690E-001 -0.99253056E+000
 -0.10028696E+002 -0.59106608E+001  0.75084690E+000  0.10679632E-002 -0.91539047E+000
 -0.10011771E+002 -0.58945154E+001  0.76777184E+000  0.36149283E-001 -0.92508807E+000
 -0.10719718E+002 -0.58787303E+001  0.77650207E+000 -0.77282451E-001 -0.10083820E+001
 -0.10726292E+002 -0.58787303E+001  0.76992862E+000  0.50068044E-002 -0.91618784E+000
 -0.11397606E+002 -0.58630553E+001  0.79176131E+000  0.76132979E-001 -0.10114798E+001
 -0.11411869E+002 -0.58630553E+001  0.77749827E+000 -0.55734012E-001 -0.94019915E+000
 -0.11399161E+002 -0.58630553E+001  0.79020650E+000  0.74477776E-001 -0.97209416E+000
 -0.11398559E+002 -0.58630553E+001  0.79080874E+000 -0.18242495E-001 -0.91898493E+000
 -0.10007132E+002 -0.58473868E+001  0.79594090E+000  0.67630023E-001 -0.95695489E+000
 -0.10685825E+002 -0.58318959E+001  0.81039538E+000  0.54612770E-001 -0.10491024E+001
 -0.10691390E+002 -0.58318959E+001  0.80483046E+000  0.77251100E-001 -0.10014414E+001
 -0.11101904E+002 -0.58171702E+001  0.84979146E+000 -0.32996205E-001 -0.92657034E+000
 -0.11103842E+002 -0.58171702E+001  0.84785362E+000  0.75000268E-001 -0.10074094E+001
 -0.11136090E+002 -0.58171702E+001  0.81560575E+000  0.69932311E-001 -0.10270340E+001
 -0.99942185E+001 -0.58020795E+001  0.85886510E+000  0.13528069E-001 -0.92032970E+000
 -0.10006149E+002 -0.57874510E+001  0.87225278E+000  0.47233165E-002 -0.91967990E+000
 -0.99951045E+001 -0.57728404E+001  0.88329689E+000 -0.60122651E-001 -0.95085229E+000
 -0.10015796E+002 -0.57586522E+001  0.88858120E+000 -0.15467474E-001 -0.10677710E+001
 -0.10005089E+002 -0.57445888E+001  0.89928814E+000  0.70017805E-001 -0.97054426E+000
 -0.10032826E+002 -0.57312863E+001  0.92419453E+000 -0.67385815E-001 -0.96627326E+000
 -0.10717324E+002 -0.57178296E+001  0.93284415E+000 -0.73085605E-001 -0.99521064E+000
 -0.10722782E+002 -0.57178296E+001  0.92738619E+000  0.56794997E-001 -0.10407149E+001
 -0.10017978E+002 -0.57044370E+001  0.93904310E+000 -0.51612633E-001 -0.94387914E+000
 -0.11174421E+002 -0.56921563E+001  0.96125486E+000  0.66896532E-001 -0.10213475E+001
 -0.11189585E+002 -0.56921563E+001  0.94609074E+000  0.46275005E-001 -0.10504279E+001
 -0.11180758E+002 -0.56921563E+001  0.95491724E+000 -0.58620660E-001 -0.95306067E+000
 -0.11155690E+002 -0.56797538E+001  0.97998535E+000 -0.48905723E-002 -0.92355773E+000
 -0.11155793E+002 -0.56797538E+001  0.97988305E+000 -0.68586787E-001 -0.10144456E+001
 -0.11164458E+002 -0.56797538E+001  0.97121740E+000 -0.49318005E-001 -0.94322644E+000
 -0.10052664E+002 -0.56672731E+001  0.98439957E+000  0.54635433E-001 -0.10401421E+001
 -0.11417578E+002 -0.56548921E+001  0.10057792E+001 -0.53792237E-001 -0.94984247E+000
 -0.11434501E+002 -0.56548921E+001  0.98885627E+000 -0.66795753E-001 -0.97104500E+000
 -0.11426763E+002 -0.56548921E+001  0.99659517E+000  0.28740538E-002 -0.10655231E+001
 -0.11435073E+002 -0.56548921E+001  0.98828492E+000  0.45617327E-001 -0.94071161E+000
 -0.11435073E+002 -0.56548921E+001  0.98828492E+000  0.45617327E-001 -0.94071161E+000
 -0.12412308E+002 -0.56436739E+001  0.11308638E+001 -0.49611500E-001 -0.10375703E+001
 -0.12513124E+002 -0.56436739E+001  0.10300484E+001  0.67995793E-001 -0.98062606E+000
 -0.12495968E+002 -0.56436739E+001  0.10472044E+001  0.29857850E-001 -0.93291593E+000
 -0.12477550E+002 -0.56436739E+001  0.10656219E+001  0.66266575E-001 -0.97909503E+000
 -0.12479738E+002 -0.56436739E+001  0.10634338E+001  0.93030948E-002 -0.10624396E+001
 -0.12498659E+002 -0.56436739E+001  0.10445130E+001 -0.39148770E-001 -0.93831895E+000
 -0.12530154E+002 -0.56436739E+001  0.10130187E+001  0.39815492E-001 -0.10523364E+001
 -0.12500593E+002 -0.56436739E+001  0.10425792E+001  0.53065702E-001 -0.10386965E+001
 -0.12502367E+002 -0.56436739E+001  0.10408050E+001  0.67205698E-001 -0.10109115E+001
 -0.12495299E+002 -0.56436739E+001  0.10478737E+001 -0.56052378E-001 -0.10345064E+001
 -0.12447134E+002 -0.56436739E+001  0.10960382E+001  0.62049857E-001 -0.10199566E+001
 -0.10038510E+002 -0.56314314E+001  0.11327422E+001 -0.48018142E-001 -0.10392380E+001
 -0.10071092E+002 -0.56201960E+001  0.11761459E+001 -0.56825832E-001 -0.10237399E+001
 -0.10090267E+002 -0.56088768E+001  0.11816644E+001 -0.59572261E-001 -0.97285521E+000
 -0.10782769E+002 -0.55981557E+001  0.12310990E+001 -0.23003342E-001 -0.10518882E+001
 -0.10806723E+002 -0.55981557E+001  0.12071454E+001 -0.35522110E-001 -0.10461888E+001
 -0.10779876E+002 -0.55870138E+001  0.12339927E+001  0.41738264E-001 -0.95002552E+000
 -0.10780551E+002 -0.55870138E+001  0.12333177E+001  0.58279381E-001 -0.10143381E+001
 -0.11263017E+002 -0.55769626E+001  0.12516263E+001  0.59274951E-001 -0.98195761E+000
 -0.11277539E+002 -0.55769626E+001  0.12371042E+001 -0.69821941E-002 -0.93389726E+000
 -0.11268534E+002 -0.55769626E+001  0.12461098E+001  0.59060144E-001 -0.10098383E+001
 -0.10164363E+002 -0.55668352E+001  0.12516680E+001  0.46390415E-001 -0.95600999E+000
 -0.10240667E+002 -0.55576767E+001  0.12663356E+001  0.49364515E-001 -0.10289103E+001
 -0.10240387E+002 -0.55484680E+001  0.12666160E+001  0.48105466E-001 -0.10306339E+001
 -0.10952908E+002 -0.55395426E+001  0.12697155E+001  0.45398719E-001 -0.10337912E+001
 -0.10954620E+002 -0.55395426E+001  0.12680029E+001 -0.49803307E-001 -0.96170010E+000
 -0.10250769E+002 -0.55306689E+001  0.12787070E+001 -0.40428345E-001 -0.95139358E+000
 -0.10937007E+002 -0.55217941E+001  0.12856158E+001  0.59080567E-001 -0.99050011E+000
 -0.10939501E+002 -0.55217941E+001  0.12831226E+001  0.56346308E-001 -0.10134338E+001
 -0.10284500E+002 -0.55133375E+001  0.12914959E+001 -0.58917278E-001 -0.99194848E+000
 -0.10283632E+002 -0.55049027E+001  0.12923638E+001  0.54457181E-001 -0.10173212E+001
 -0.11876103E+002 -0.54965312E+001  0.13093305E+001 -0.36646367E-001 -0.94985171E+000
 -0.11891635E+002 -0.54965312E+001  0.12937989E+001 -0.19588452E-001 -0.93936972E+000
 -0.11887027E+002 -0.54965312E+001  0.12984072E+001 -0.13423100E-001 -0.10519675E+001
 -0.11877223E+002 -0.54965312E+001  0.13082109E+001 -0.57539640E-001 -0.98591367E+000
 -0.11882401E+002 -0.54965312E+001  0.13030332E+001  0.35091649E-001 -0.10415009E+001
 -0.10260030E+002 -0.54880877E+001  0.13159655E+001  0.48608928E-001 -0.96367408E+000
 -0.10256357E+002 -0.54796594E+001  0.13196390E+001 -0.57107222E-001 -0.98643185E+000
 -0.10241919E+002 -0.54712709E+001  0.13340768E+001 -0.56353491E-001 -0.98581089E+000
 -0.10912080E+002 -0.54628317E+001  0.13570635E+001  0.30185973E-001 -0.94777553E+000
 -0.10931230E+002 -0.54628317E+001  0.13379135E+001 -0.56240221E-001 -0.98619393E+000
 -0.10213833E+002 -0.54542694E+001  0.13621631E+001 -0.11899497E-001 -0.10493904E+001
 -0.10930021E+002 -0.54459662E+001  0.13665214E+001 -0.24700568E-001 -0.10446275E+001
 -0.10931296E+002 -0.54459662E+001  0.13652462E+001  0.50799983E-001 -0.97232541E+000
 -0.10228235E+002 -0.54376956E+001  0.13751597E+001 -0.41421156E-001 -0.10312409E+001
 -0.10943667E+002 -0.54296508E+001  0.13810455E+001  0.34414778E-002 -0.94000473E+000
 -0.10944661E+002 -0.54296508E+001  0.13800524E+001 -0.39928362E-001 -0.95728234E+000
 -0.10249040E+002 -0.54216234E+001  0.13825257E+001  0.52140842E-001 -0.10119213E+001
 -0.10248273E+002 -0.54136481E+001  0.13832929E+001 -0.40253417E-001 -0.95785322E+000
 -0.10241159E+002 -0.54057298E+001  0.13904071E+001  0.34939690E-002 -0.94045044E+000
 -0.11311617E+002 -0.53978179E+001  0.14185607E+001  0.19075199E-001 -0.94529734E+000
 -0.11334988E+002 -0.53978179E+001  0.13951897E+001  0.92965592E-002 -0.94138306E+000
 -0.11311969E+002 -0.53978179E+001  0.14182092E+001  0.52092088E-001 -0.10055788E+001
 -0.10888516E+002 -0.53897449E+001  0.14361973E+001  0.18182224E-001 -0.10438833E+001
 -0.10905326E+002 -0.53897449E+001  0.14193868E+001 -0.21603458E-001 -0.10433530E+001
 -0.11266402E+002 -0.53815946E+001  0.14637763E+001  0.38416021E-001 -0.10282168E+001
 -0.11291915E+002 -0.53815946E+001  0.14382627E+001  0.32026744E-001 -0.10360018E+001
 -0.11269157E+002 -0.53815946E+001  0.14610208E+001  0.30720921E-001 -0.10355910E+001
 -0.10167485E+002 -0.53732851E+001  0.14640808E+001  0.24603047E-001 -0.10393991E+001
 -0.10856822E+002 -0.53650415E+001  0.14678914E+001  0.40818380E-001 -0.10248943E+001
 -0.10858276E+002 -0.53650415E+001  0.14664367E+001  0.18469230E-001 -0.10421701E+001
 -0.10187758E+002 -0.53571263E+001  0.14801754E+001 -0.24630406E-002 -0.94481812E+000
 -0.12208172E+002 -0.53499686E+001  0.15110322E+001 -0.32072866E-001 -0.10311857E+001
 -0.12215080E+002 -0.53499686E+001  0.15041243E+001  0.21495430E-001 -0.95106606E+000
 -0.12238903E+002 -0.53499686E+001  0.14803006E+001  0.23217058E-001 -0.95056619E+000
 -0.12225842E+002 -0.53499686E+001  0.14933624E+001  0.44345610E-001 -0.10166359E+001
 -0.12228377E+002 -0.53499686E+001  0.14908267E+001  0.19327830E-001 -0.10404783E+001
 -0.12224310E+002 -0.53499686E+001  0.14948942E+001 -0.25979217E-001 -0.95302786E+000
 -0.12227614E+002 -0.53499686E+001  0.14915901E+001 -0.11169492E-001 -0.10431158E+001
 -0.12216452E+002 -0.53431111E+001  0.15694439E+001 -0.40571702E-001 -0.97485658E+000
 -0.12230804E+002 -0.53431111E+001  0.15550912E+001  0.30120655E-001 -0.10297499E+001
 -0.12249568E+002 -0.53431111E+001  0.15363273E+001  0.46721336E-001 -0.10012544E+001
 -0.12218424E+002 -0.53431111E+001  0.15674718E+001  0.30658046E-001 -0.10283520E+001
 -0.12229290E+002 -0.53431111E+001  0.15566054E+001  0.20398031E-001 -0.10361274E+001
 -0.12249769E+002 -0.53431111E+001  0.15361268E+001 -0.44707572E-001 -0.98003421E+000
 -0.12224714E+002 -0.53431111E+001  0.15611810E+001  0.68928351E-004 -0.10406828E+001
 -0.10269164E+002 -0.53358921E+001  0.15708211E+001  0.22696286E-001 -0.95582807E+000
 -0.10264641E+002 -0.53287151E+001  0.15753445E+001 -0.13184247E-001 -0.10378932E+001
 -0.10987541E+002 -0.53218029E+001  0.15806832E+001  0.26942212E-001 -0.95934852E+000
 -0.10990049E+002 -0.53218029E+001  0.15781752E+001 -0.32044783E-001 -0.96368192E+000
 -0.10291164E+002 -0.53149016E+001  0.15839125E+001  0.16511734E-001 -0.10361944E+001
 -0.11006090E+002 -0.53082703E+001  0.15985016E+001  0.29150719E-001 -0.10273321E+001
 -0.11011175E+002 -0.53082703E+001  0.15934164E+001 -0.13533444E-001 -0.10366977E+001
 -0.10305481E+002 -0.53015861E+001  0.16059634E+001  0.43204039E-001 -0.99582196E+000
 -0.11942981E+002 -0.52951437E+001  0.16156417E+001 -0.42270216E-001 -0.98940363E+000
 -0.11946999E+002 -0.52951437E+001  0.16116233E+001 -0.18372968E-001 -0.95620062E+000
 -0.11943977E+002 -0.52951437E+001  0.16146455E+001  0.27936765E-001 -0.10271386E+001
 -0.11945405E+002 -0.52951437E+001  0.16132178E+001  0.40127689E-001 -0.98019022E+000
 -0.11945461E+002 -0.52951437E+001  0.16131613E+001  0.25139918E-002 -0.10376197E+001
 -0.10332467E+002 -0.52886805E+001  0.16167176E+001  0.42334430E-001 -0.99048059E+000
 -0.11423359E+002 -0.52822520E+001  0.16244375E+001  0.91708005E-002 -0.95380588E+000
 -0.11429608E+002 -0.52822520E+001  0.16181885E+001  0.97921325E-002 -0.10362404E+001
 -0.11427127E+002 -0.52822520E+001  0.16206695E+001  0.42312790E-001 -0.99634677E+000
 -0.10355926E+002 -0.52760718E+001  0.16340807E+001 -0.33919294E-001 -0.97107800E+000
 -0.10391806E+002 -0.52701176E+001  0.16390228E+001 -0.23001904E-001 -0.96077054E+000
 -0.11979447E+002 -0.52641694E+001  0.16608199E+001  0.36940618E-001 -0.10098240E+001
 -0.11996895E+002 -0.52641694E+001  0.16433714E+001 -0.27288839E-001 -0.96446782E+000
 -0.11984372E+002 -0.52641694E+001  0.16558941E+001  0.31465637E-001 -0.97005920E+000
 -0.11995570E+002 -0.52641694E+001  0.16446970E+001  0.37160727E-001 -0.10118738E+001
 -0.11987237E+002 -0.52641694E+001  0.16530295E+001 -0.33467924E-001 -0.97249646E+000
 -0.11056406E+002 -0.52581264E+001  0.16675697E+001 -0.11756305E-001 -0.10325219E+001
 -0.11058772E+002 -0.52581264E+001  0.16652036E+001  0.39029012E-001 -0.10014147E+001
 -0.11721838E+002 -0.52520792E+001  0.16952854E+001  0.45058426E-002 -0.10322281E+001
 -0.11733882E+002 -0.52520792E+001  0.16832408E+001 -0.30241791E-001 -0.97136277E+000
 -0.11729386E+002 -0.52520792E+001  0.16877369E+001 -0.11825133E-001 -0.10311129E+001
 -0.11726655E+002 -0.52520792E+001  0.16904679E+001 -0.14184940E-001 -0.10300536E+001
 -0.11025132E+002 -0.52458999E+001  0.16988433E+001  0.48480202E-002 -0.95788436E+000
 -0.11025203E+002 -0.52458999E+001  0.16987727E+001  0.65902535E-002 -0.95815272E+000
 -0.10326146E+002 -0.52397368E+001  0.17046828E+001  0.28535882E-001 -0.97154209E+000
 -0.10326146E+002 -0.52397368E+001  0.17046828E+001  0.28535882E-001 -0.97154209E+000
 -0.11912191E+002 -0.52335756E+001  0.17280752E+001 -0.12258737E-001 -0.96183583E+000
 -0.11914695E+002 -0.52335756E+001  0.17255711E+001  0.26374900E-001 -0.97126886E+000
 -0.11934668E+002 -0.52335756E+001  0.17055984E+001 -0.31070546E-001 -0.10147475E+001
 -0.11931732E+002 -0.52335756E+001  0.17085347E+001 -0.33488495E-001 -0.98005675E+000
 -0.11913784E+002 -0.52335756E+001  0.17264826E+001  0.27861952E-001 -0.97314530E+000
 -0.11542638E+002 -0.52282007E+001  0.17409531E+001  0.16044674E-001 -0.96457081E+000
 -0.11546465E+002 -0.52282007E+001  0.17371264E+001  0.19230207E-001 -0.96615391E+000
 -0.11554946E+002 -0.52282007E+001  0.17286452E+001 -0.10076955E-001 -0.96114365E+000
 -0.10433126E+002 -0.52227855E+001  0.17518537E+001  0.15370871E-001 -0.10247207E+001
 -0.10430400E+002 -0.52173405E+001  0.17545793E+001  0.74376879E-002 -0.10274155E+001
 -0.10420448E+002 -0.52119103E+001  0.17645314E+001 -0.19948380E-001 -0.96922620E+000
 -0.10470004E+002 -0.52067578E+001  0.17721338E+001 -0.31304794E-001 -0.98851153E+000
 -0.10468482E+002 -0.52015927E+001  0.17736554E+001  0.10508809E-001 -0.10249858E+001
 -0.10468176E+002 -0.51964463E+001  0.17739618E+001  0.26040029E-001 -0.10131989E+001
 -0.11895007E+002 -0.51916441E+001  0.17979633E+001 -0.29053464E-001 -0.10017713E+001
 -0.11900271E+002 -0.51916441E+001  0.17926992E+001  0.21538996E-001 -0.10162130E+001
 -0.11902887E+002 -0.51916441E+001  0.17900838E+001 -0.47141596E-002 -0.10250753E+001
 -0.11897493E+002 -0.51916441E+001  0.17954772E+001 -0.14102823E-001 -0.10214668E+001
 -0.10569399E+002 -0.51870542E+001  0.18018159E+001 -0.29413697E-001 -0.99250016E+000
 -0.11664606E+002 -0.51824677E+001  0.18052213E+001 -0.24649335E-001 -0.10106199E+001
 -0.11667572E+002 -0.51824677E+001  0.18022552E+001 -0.34047977E-002 -0.96564218E+000
 -0.11665037E+002 -0.51824677E+001  0.18047896E+001  0.86127782E-002 -0.10228970E+001
 -0.10564562E+002 -0.51778866E+001  0.18066527E+001  0.95357985E-002 -0.10224240E+001
 -0.10557387E+002 -0.51733199E+001  0.18138281E+001 -0.10469853E-002 -0.10233864E+001
 -0.11985493E+002 -0.51690927E+001  0.18520587E+001 -0.21327218E-001 -0.98224500E+000
 -0.12006609E+002 -0.51690927E+001  0.18309431E+001 -0.24255761E-002 -0.96813736E+000
 -0.12000455E+002 -0.51690927E+001  0.18370968E+001 -0.18165737E-002 -0.10211946E+001
 -0.12003529E+002 -0.51690927E+001  0.18340228E+001 -0.26608524E-001 -0.99516926E+000
 -0.11755640E+002 -0.51650554E+001  0.18742721E+001 -0.11968720E-001 -0.97594763E+000
 -0.11777222E+002 -0.51650554E+001  0.18526908E+001 -0.21617955E-001 -0.98287726E+000
 -0.11772366E+002 -0.51650554E+001  0.18575464E+001  0.20618550E-001 -0.98216718E+000
 -0.10656410E+002 -0.51609441E+001  0.18748903E+001  0.22247051E-001 -0.99244883E+000
 -0.11336683E+002 -0.51568472E+001  0.18877639E+001  0.11896614E-001 -0.97778783E+000
 -0.11345500E+002 -0.51568472E+001  0.18789478E+001  0.40760821E-002 -0.10164908E+001
 -0.10643025E+002 -0.51527142E+001  0.18882754E+001  0.94766837E-002 -0.97640720E+000
 -0.11333225E+002 -0.51485961E+001  0.18912224E+001 -0.31378118E-002 -0.97472113E+000
 -0.11334265E+002 -0.51485961E+001  0.18901826E+001 -0.20379753E-001 -0.99788722E+000
 -0.10634733E+002 -0.51444829E+001  0.18965673E+001  0.19790482E-001 -0.99497097E+000
 -0.12140539E+002 -0.51408784E+001  0.19105869E+001  0.74605143E-002 -0.97866463E+000
 -0.12147878E+002 -0.51408784E+001  0.19032478E+001  0.16951204E-001 -0.10033507E+001
 -0.12145642E+002 -0.51408784E+001  0.19054839E+001 -0.42738170E-002 -0.10130715E+001
 -0.12153398E+002 -0.51408784E+001  0.18977275E+001  0.13244558E-001 -0.98045184E+000
 -0.11842964E+002 -0.51372363E+001  0.19204803E+001 -0.14891174E-001 -0.98795175E+000
 -0.11850684E+002 -0.51372363E+001  0.19127594E+001  0.17500533E-001 -0.99685194E+000
 -0.11846931E+002 -0.51372363E+001  0.19165128E+001 -0.13865958E-001 -0.10048833E+001
 -0.10733110E+002 -0.51335714E+001  0.19317219E+001  0.11073313E-001 -0.98539174E+000
 -0.12107929E+002 -0.51298786E+001  0.19431969E+001 -0.58967902E-002 -0.98393351E+000
 -0.12109733E+002 -0.51298786E+001  0.19413928E+001  0.77996558E-003 -0.10077899E+001
 -0.12107947E+002 -0.51298786E+001  0.19431787E+001  0.11805135E-001 -0.99084378E+000
 -0.12110984E+002 -0.51298786E+001  0.19401421E+001 -0.12760032E-001 -0.99792389E+000
 -0.10714756E+002 -0.51261571E+001  0.19500753E+001  0.81149395E-002 -0.98749671E+000
 -0.10713828E+002 -0.51224238E+001  0.19510036E+001 -0.44947299E-002 -0.10047866E+001
 -0.11803418E+002 -0.51187009E+001  0.19600262E+001  0.83655801E-002 -0.99611142E+000
 -0.11804822E+002 -0.51187009E+001  0.19586215E+001 -0.88385990E-002 -0.99443416E+000
 -0.11811837E+002 -0.51187009E+001  0.19516070E+001  0.10618920E-001 -0.99596520E+000
