  0.30550275E-002  0.11882766E+002 -0.84844252E+000  0.19830813E+001
  0.19380254E-002  0.12793002E+002 -0.10785690E+001  0.18617317E+001
  0.20222396E-002  0.12707931E+002 -0.94037217E+000  0.18457896E+001
  0.10419787E-001  0.11292045E+002 -0.11341921E+001  0.19903497E+001
  0.48813977E-002  0.10303070E+002 -0.10889027E+001  0.19032152E+001
  0.31129368E-002  0.11202800E+002 -0.90173391E+000  0.18887886E+001
  0.29795569E-002  0.11290383E+002 -0.90516636E+000  0.18844834E+001
  0.10437307E-001  0.94458742E+001 -0.87819444E+000  0.19620665E+001
  0.81003041E-002  0.99528444E+001 -0.10890335E+001  0.19089873E+001
  0.11899503E-001  0.91836526E+001 -0.10815586E+001  0.19133523E+001
  0.11018786E-001  0.93374426E+001 -0.87648149E+000  0.19783578E+001
  0.92126506E-002  0.88845610E+001 -0.10652656E+001  0.19022061E+001
  0.92070602E-002  0.88857752E+001 -0.10704018E+001  0.19067447E+001
  0.87098067E-002  0.89968172E+001 -0.10916020E+001  0.19305162E+001
  0.14088299E-001  0.86719356E+001 -0.11049450E+001  0.19835411E+001
  0.13136999E-001  0.88117582E+001 -0.90017177E+000  0.19306772E+001
  0.15461771E-001  0.84858826E+001 -0.88830481E+000  0.19697764E+001
  0.14215552E-001  0.86539514E+001 -0.98715266E+000  0.18788745E+001
  0.18961519E-001  0.80778000E+001 -0.89243356E+000  0.19768988E+001
  0.17646097E-001  0.82215954E+001 -0.10983364E+001  0.19748296E+001
  0.42968170E-001  0.78279992E+001 -0.89876469E+000  0.19632598E+001
  0.32789017E-001  0.69824360E+001 -0.92531758E+000  0.19370984E+001
  0.29870238E-001  0.71688984E+001 -0.10663778E+001  0.19353540E+001
  0.88655636E-001  0.63793994E+001 -0.10722723E+001  0.19809748E+001
  0.96239666E-001  0.62152360E+001 -0.10699889E+001  0.19881585E+001
  0.63976358E-001  0.56455962E+001 -0.10005255E+001  0.19251923E+001
  0.62383611E-001  0.56960190E+001 -0.93938889E+000  0.19550617E+001
  0.57594473E-001  0.54094830E+001 -0.10531622E+001  0.19771487E+001
  0.52433809E-001  0.55972330E+001 -0.99943061E+000  0.19260922E+001
  0.52433809E-001  0.55972330E+001 -0.99943061E+000  0.19260922E+001
  0.12650109E+000  0.55972330E+001 -0.99943061E+000  0.19260922E+001
  0.53873660E-001  0.55972330E+001 -0.99943061E+000  0.19260922E+001
  0.45778360E-001  0.55972330E+001 -0.99943061E+000  0.19260922E+001
  0.47808832E-001  0.55972330E+001 -0.99943061E+000  0.19260922E+001
  0.16987659E+000  0.55972330E+001 -0.99943061E+000  0.19260922E+001
