  0.72319492E-003  0.12825026E+002  0.15073775E+000  0.19101882E+001
  0.56468654E-003  0.13319843E+002 -0.35651416E-002  0.18094224E+001
  0.70892220E-003  0.12864893E+002  0.11483544E+000  0.18642821E+001
  0.34997289E-002  0.11730742E+002  0.11994104E-001  0.18247087E+001
  0.43861134E-002  0.11279226E+002  0.13629787E+000  0.19121339E+001
  0.23683997E-002  0.11125389E+002 -0.15674864E+000  0.19729109E+001
  0.22034702E-002  0.11269751E+002 -0.76224960E-001  0.18515248E+001
  0.48357319E-002  0.11084047E+002 -0.28000059E-001  0.18334338E+001
  0.52030735E-002  0.10937614E+002  0.36272398E-001  0.18369672E+001
  0.68572227E-002  0.10385509E+002 -0.26473506E-001  0.18400845E+001
  0.36782589E-002  0.10244939E+002 -0.73711271E-001  0.18611822E+001
  0.35423187E-002  0.10320254E+002  0.12734582E+000  0.19143167E+001
  0.68219101E-002  0.99495474E+001  0.28032042E-001  0.18448920E+001
  0.35585904E-002  0.82677862E+001 -0.12891700E+000  0.19871703E+001
  0.23647812E-002  0.90851450E+001 -0.10825887E+000  0.19076989E+001
  0.21628796E-002  0.92636342E+001 -0.13881722E+000  0.19769542E+001
  0.17642144E-002  0.96711056E+001  0.13752170E+000  0.19508282E+001
  0.36126245E-002  0.72159958E+001  0.20534403E-001  0.18737996E+001
  0.27738535E-002  0.77443902E+001 -0.85826011E-001  0.19032193E+001
  0.35319796E-002  0.72611466E+001  0.33163266E-002  0.18712870E+001
  0.29141830E-002  0.76456864E+001 -0.70286111E-002  0.18669221E+001
  0.30085267E-002  0.75819642E+001  0.12127224E+000  0.19886678E+001
  0.29426352E-002  0.76262532E+001  0.42868367E-001  0.18756084E+001
  0.12925272E-001  0.66530000E+001  0.11018584E+000  0.19925150E+001
  0.10899234E-001  0.69939830E+001 -0.11433332E+000  0.19930612E+001
  0.26329329E-001  0.66162962E+001  0.21839318E-003  0.18791731E+001
  0.31153248E-001  0.60442588E+001  0.46639879E-001  0.18987121E+001
  0.34660527E-001  0.58308928E+001 -0.72879011E-001  0.19228653E+001
  0.36629155E-001  0.54533446E+001 -0.93983008E-001  0.19982243E+001
  0.36629155E-001  0.54533446E+001 -0.93983008E-001  0.19982243E+001
  0.19038888E-001  0.54533446E+001 -0.93983008E-001  0.19982243E+001
  0.13857764E-001  0.54533446E+001 -0.93983008E-001  0.19982243E+001
  0.18841279E-001  0.54533446E+001 -0.93983008E-001  0.19982243E+001
  0.42495069E-001  0.54533446E+001 -0.93983008E-001  0.19982243E+001
  0.34315179E-001  0.54533446E+001 -0.93983008E-001  0.19982243E+001
  0.84241119E-001  0.54533446E+001 -0.93983008E-001  0.19982243E+001
  0.99113120E-001  0.54533446E+001 -0.93983008E-001  0.19982243E+001
  0.52376112E-001  0.54533446E+001 -0.93983008E-001  0.19982243E+001
  0.51754094E-001  0.54533446E+001 -0.93983008E-001  0.19982243E+001
  0.55543232E-001  0.54533446E+001 -0.93983008E-001  0.19982243E+001
  0.52821560E-001  0.54533446E+001 -0.93983008E-001  0.19982243E+001
  0.31730593E-001  0.54533446E+001 -0.93983008E-001  0.19982243E+001
  0.29983370E-001  0.54533446E+001 -0.93983008E-001  0.19982243E+001
  0.31451348E-001  0.54533446E+001 -0.93983008E-001  0.19982243E+001
  0.95940953E-001  0.54533446E+001 -0.93983008E-001  0.19982243E+001
  0.97514477E-001  0.54533446E+001 -0.93983008E-001  0.19982243E+001
  0.51103696E-001  0.54533446E+001 -0.93983008E-001  0.19982243E+001
  0.50166989E-001  0.54533446E+001 -0.93983008E-001  0.19982243E+001
