  0.48154543E-002  0.13080569E+002 -0.19408765E+001  0.11426447E+001
  0.57871641E-002  0.12712943E+002 -0.19013892E+001  0.87136618E+000
  0.66201325E-002  0.12443999E+002 -0.18571716E+001  0.10657960E+001
  0.28788399E-002  0.11783153E+002 -0.18452655E+001  0.10168903E+001
  0.23723675E-002  0.12170152E+002 -0.19117781E+001  0.11186062E+001
  0.28602338E-002  0.11796121E+002 -0.18647525E+001  0.92330308E+000
  0.91615409E-002  0.11665123E+002 -0.19016041E+001  0.11053707E+001
  0.71114302E-002  0.10518389E+002 -0.19770279E+001  0.86323389E+000
  0.63170440E-002  0.10755292E+002 -0.18543282E+001  0.10016739E+001
  0.13676915E-001  0.10232028E+002 -0.18634875E+001  0.96656587E+000
  0.47298022E-002  0.10158456E+002 -0.19316657E+001  0.11071890E+001
  0.46388913E-002  0.10197271E+002 -0.18637689E+001  0.96702262E+000
  0.46967857E-002  0.10172464E+002 -0.19541520E+001  0.11168719E+001
  0.15196519E-001  0.10021314E+002 -0.18692377E+001  0.95583262E+000
  0.15076864E-001  0.99080474E+001 -0.18657075E+001  0.10167009E+001
  0.16363437E-001  0.97442696E+001 -0.19410956E+001  0.11068731E+001
  0.77865072E-002  0.95762272E+001 -0.19137253E+001  0.10876433E+001
  0.74920045E-002  0.96533392E+001 -0.18760678E+001  0.10399293E+001
  0.71928206E-002  0.89239146E+001 -0.19941287E+001  0.88089930E+000
  0.71808186E-002  0.89272554E+001 -0.18806670E+001  0.96161311E+000
  0.55555831E-002  0.94404758E+001 -0.18718846E+001  0.97013304E+000
  0.22118788E-001  0.88744518E+001 -0.19832422E+001  0.88163332E+000
  0.38847957E-002  0.86214304E+001 -0.18986845E+001  0.93416184E+000
  0.35361741E-002  0.88094808E+001 -0.18770915E+001  0.10046984E+001
  0.35102926E-002  0.88241728E+001 -0.19668588E+001  0.11044385E+001
  0.38366684E-002  0.86463636E+001 -0.19856280E+001  0.88432966E+000
  0.37517274E-002  0.86911382E+001 -0.18909483E+001  0.10446369E+001
  0.38193009E-002  0.86554358E+001 -0.19272347E+001  0.90478166E+000
  0.71683348E-002  0.84963172E+001 -0.18969730E+001  0.10501749E+001
  0.70254578E-002  0.85365836E+001 -0.19817924E+001  0.88594756E+000
  0.70338231E-002  0.85342032E+001 -0.19842956E+001  0.11032864E+001
  0.24418533E-001  0.82422036E+001 -0.19303807E+001  0.10805827E+001
  0.93397584E-002  0.79671038E+001 -0.19323781E+001  0.10776939E+001
  0.91487146E-002  0.80084384E+001 -0.19787596E+001  0.89312334E+000
  0.87887314E-002  0.80887242E+001 -0.18905903E+001  0.10245027E+001
  0.28019295E-001  0.79671026E+001 -0.19585101E+001  0.89832722E+000
  0.13861641E-001  0.78143204E+001 -0.19306698E+001  0.10739951E+001
  0.13610171E-001  0.78509360E+001 -0.19082610E+001  0.93762392E+000
  0.14820189E-001  0.76805914E+001 -0.18917131E+001  0.98815173E+000
  0.14337384E-001  0.77468314E+001 -0.19617545E+001  0.10889319E+001
  0.29709575E-001  0.76759270E+001 -0.18966024E+001  0.10249249E+001
  0.15679394E-001  0.75678766E+001 -0.19714382E+001  0.90039713E+000
  0.15354466E-001  0.76097592E+001 -0.19741125E+001  0.89928884E+000
  0.31588508E-001  0.75532790E+001 -0.19065708E+001  0.94751460E+000
  0.38625991E-001  0.71510150E+001 -0.19170464E+001  0.94211443E+000
  0.21141573E-001  0.69700892E+001 -0.19921361E+001  0.90725915E+000
  0.20653120E-001  0.70168380E+001 -0.19738470E+001  0.90807431E+000
  0.20653120E-001  0.70168380E+001 -0.19738470E+001  0.90807431E+000
  0.13828957E-001  0.70168380E+001 -0.19738470E+001  0.90807431E+000
  0.84302048E-002  0.70168380E+001 -0.19738470E+001  0.90807431E+000
  0.77745124E-002  0.70168380E+001 -0.19738470E+001  0.90807431E+000
  0.13195834E-001  0.70168380E+001 -0.19738470E+001  0.90807431E+000
  0.12484756E-001  0.70168380E+001 -0.19738470E+001  0.90807431E+000
  0.51093628E-002  0.70168380E+001 -0.19738470E+001  0.90807431E+000
  0.44773500E-001  0.70168380E+001 -0.19738470E+001  0.90807431E+000
  0.42016348E-001  0.70168380E+001 -0.19738470E+001  0.90807431E+000
  0.45620465E-001  0.70168380E+001 -0.19738470E+001  0.90807431E+000
  0.45356375E-001  0.70168380E+001 -0.19738470E+001  0.90807431E+000
  0.10367715E+000  0.70168380E+001 -0.19738470E+001  0.90807431E+000
  0.57979260E-001  0.70168380E+001 -0.19738470E+001  0.90807431E+000
  0.54612004E-001  0.70168380E+001 -0.19738470E+001  0.90807431E+000
  0.12953586E+000  0.70168380E+001 -0.19738470E+001  0.90807431E+000
