 -0.15946880E+002 -0.15320202E+002 -0.64125129E+001  0.15073775E+000  0.19101882E+001
 -0.16194288E+002 -0.15320202E+002 -0.66599217E+001 -0.35651416E-002  0.18094224E+001
 -0.15966813E+002 -0.15320202E+002 -0.64324464E+001  0.11483544E+000  0.18642821E+001
 -0.14370118E+002 -0.14405424E+002 -0.58653711E+001  0.11994104E-001  0.18247087E+001
 -0.14144360E+002 -0.13694468E+002 -0.56396132E+001  0.13629787E+000  0.19121339E+001
 -0.14760589E+002 -0.13201177E+002 -0.55626943E+001 -0.15674864E+000  0.19729109E+001
 -0.14832770E+002 -0.13201177E+002 -0.56348753E+001 -0.76224960E-001  0.18515248E+001
 -0.14046771E+002 -0.12850155E+002 -0.55420237E+001 -0.28000059E-001  0.18334338E+001
 -0.13973554E+002 -0.12586088E+002 -0.54688068E+001  0.36272398E-001  0.18369672E+001
 -0.13697501E+002 -0.12363179E+002 -0.51927543E+001 -0.26473506E-001  0.18400845E+001
 -0.14320364E+002 -0.12129422E+002 -0.51224697E+001 -0.73711271E-001  0.18611822E+001
 -0.14358022E+002 -0.12129422E+002 -0.51601272E+001  0.12734582E+000  0.19143167E+001
 -0.13702664E+002 -0.11964842E+002 -0.49747737E+001  0.28032042E-001  0.18448920E+001
 -0.14353439E+002 -0.11817878E+002 -0.41338931E+001 -0.12891700E+000  0.19871703E+001
 -0.14762118E+002 -0.11817878E+002 -0.45425725E+001 -0.10825887E+000  0.19076989E+001
 -0.14851363E+002 -0.11817878E+002 -0.46318171E+001 -0.13881722E+000  0.19769542E+001
 -0.15055098E+002 -0.11817878E+002 -0.48355528E+001  0.13752170E+000  0.19508282E+001
 -0.14338369E+002 -0.11566977E+002 -0.36079979E+001  0.20534403E-001  0.18737996E+001
 -0.14602566E+002 -0.11566977E+002 -0.38721951E+001 -0.85826011E-001  0.19032193E+001
 -0.14360945E+002 -0.11566977E+002 -0.36305733E+001  0.33163266E-002  0.18712870E+001
 -0.14553214E+002 -0.11566977E+002 -0.38228432E+001 -0.70286111E-002  0.18669221E+001
 -0.14521353E+002 -0.11566977E+002 -0.37909821E+001  0.12127224E+000  0.19886678E+001
 -0.14543498E+002 -0.11566977E+002 -0.38131266E+001  0.42868367E-001  0.18756084E+001
 -0.13063619E+002 -0.11275873E+002 -0.33265000E+001  0.11018584E+000  0.19925150E+001
 -0.13234111E+002 -0.11275873E+002 -0.34969915E+001 -0.11433332E+000  0.19930612E+001
 -0.12352120E+002 -0.10987186E+002 -0.33081481E+001  0.21839318E-003  0.18791731E+001
 -0.12183885E+002 -0.10782598E+002 -0.30221294E+001  0.46639879E-001  0.18987121E+001
 -0.12077202E+002 -0.10562435E+002 -0.29154464E+001 -0.72879011E-001  0.19228653E+001
 -0.12021959E+002 -0.10386486E+002 -0.27266723E+001 -0.93983008E-001  0.19982243E+001
 -0.12021959E+002 -0.10386486E+002 -0.27266723E+001 -0.93983008E-001  0.19982243E+001
 -0.12676320E+002 -0.10208457E+002 -0.22824209E+001 -0.24363335E-001  0.19124047E+001
 -0.12993958E+002 -0.10208457E+002 -0.26000589E+001 -0.90721253E-001  0.19903460E+001
 -0.12686753E+002 -0.10208457E+002 -0.22928544E+001 -0.36000748E-001  0.19169358E+001
 -0.11873415E+002 -0.10011272E+002 -0.17308309E+001 -0.60389546E-001  0.19950401E+001
 -0.12087216E+002 -0.10011272E+002 -0.19446312E+001 -0.97299376E-002  0.19210803E+001
 -0.11189120E+002 -0.97751758E+001 -0.15855323E+001 -0.16432127E-001  0.19381971E+001
 -0.11026542E+002 -0.95858440E+001 -0.12688029E+001  0.35780194E-001  0.19950246E+001
 -0.11664353E+002 -0.93733469E+001 -0.12134670E+001 -0.12562745E-001  0.19603840E+001
 -0.11676300E+002 -0.93733469E+001 -0.12254140E+001 -0.18754184E-001  0.19627676E+001
 -0.11605642E+002 -0.91890862E+001 -0.11547559E+001  0.16843580E-001  0.19688067E+001
 -0.11655884E+002 -0.91890862E+001 -0.12049981E+001  0.30995759E-001  0.19852544E+001
 -0.12165522E+002 -0.90556350E+001 -0.10860276E+001  0.18138876E-001  0.19827584E+001
 -0.12222161E+002 -0.90556350E+001 -0.11426660E+001  0.19506238E-001  0.19729820E+001
 -0.12174362E+002 -0.90556350E+001 -0.10948671E+001 -0.33960963E-002  0.19695354E+001
 -0.11059071E+002 -0.89300443E+001 -0.10781883E+001 -0.18256902E-001  0.19872224E+001
 -0.11042803E+002 -0.88176509E+001 -0.10619204E+001  0.16056686E-001  0.19906681E+001
 -0.11688947E+002 -0.87150482E+001 -0.10149172E+001 -0.43628467E-002  0.19884219E+001
 -0.11707446E+002 -0.87150482E+001 -0.10334168E+001  0.62426709E-002  0.19986079E+001
