  0.61504142E-005  0.13555833E+002 -0.20713663E-001  0.12207394E+001
  0.56552054E-005  0.13723719E+002  0.10677213E+000  0.79823948E+000
  0.59460399E-005  0.13623421E+002  0.22880012E+000  0.97731063E+000
  0.95060310E-005  0.13396755E+002  0.13646587E+000  0.82404602E+000
  0.91270035E-005  0.13478134E+002  0.16520671E+000  0.11367134E+001
  0.19090493E-004  0.13356000E+002  0.22701188E+000  0.98074336E+000
  0.19885333E-004  0.13274417E+002  0.16795747E+000  0.85697565E+000
  0.20006844E-004  0.13262232E+002 -0.79049704E-001  0.78582262E+000
  0.86421072E-005  0.12005809E+002 -0.23019958E-001  0.12082574E+001
  0.51101228E-005  0.13056655E+002  0.19958739E+000  0.90427976E+000
  0.86128256E-005  0.12012596E+002 -0.18432291E+000  0.89357983E+000
  0.85235544E-005  0.12033434E+002 -0.21472824E+000  0.10218089E+001
  0.82701896E-005  0.11524384E+002 -0.17459223E+000  0.11036194E+001
  0.76135643E-005  0.11689836E+002 -0.13418155E+000  0.11500565E+001
  0.80451420E-005  0.11579562E+002  0.16229714E+000  0.86871171E+000
  0.80110948E-005  0.11588044E+002  0.16648796E+000  0.11150694E+001
  0.79131936E-005  0.11612636E+002  0.21214528E+000  0.97343384E+000
  0.24806047E-004  0.11130030E+002 -0.17235944E+000  0.88729668E+000
  0.21506870E-004  0.11415460E+002  0.16875625E+000  0.87880415E+000
  0.50603687E-004  0.11090449E+002 -0.78615076E-001  0.11829972E+001
  0.54316738E-004  0.10948835E+002  0.17014779E+000  0.11026335E+001
  0.27702272E-004  0.10847632E+002 -0.91167054E-001  0.81329709E+000
  0.26892608E-004  0.10906958E+002  0.17716232E+000  0.89747223E+000
  0.21419901E-004  0.10490479E+002 -0.18897620E+000  0.92597818E+000
  0.17940746E-004  0.10844971E+002 -0.14382351E+000  0.85591401E+000
  0.20872123E-004  0.10542291E+002 -0.20431904E+000  0.10081551E+001
  0.64836936E-004  0.10412887E+002 -0.13221420E+000  0.84884625E+000
  0.33749157E-004  0.10302804E+002 -0.22751298E-001  0.79201415E+000
  0.32594203E-004  0.10372445E+002 -0.65483624E-001  0.11830586E+001
  0.38959219E-004  0.99568546E+001  0.16554248E+000  0.89279511E+000
  0.35515224E-004  0.10141963E+002 -0.10601447E+000  0.82962887E+000
  0.90273724E-004  0.96045124E+001  0.18012700E+000  0.10662026E+001
  0.46628290E-004  0.95394964E+001  0.14920097E+000  0.11125329E+001
  0.45208424E-004  0.96013436E+001  0.16907612E+000  0.10861567E+001
  0.93452608E-004  0.95352972E+001 -0.85226883E-001  0.82154208E+000
  0.94629516E-004  0.95102662E+001  0.18690873E+000  0.10480385E+001
  0.56323927E-004  0.90727694E+001 -0.15120153E+000  0.11045027E+001
  0.54465552E-004  0.91398704E+001  0.14898209E+000  0.11080793E+001
  0.66559643E-004  0.86524668E+001 -0.17046660E+000  0.10686562E+001
  0.58827265E-004  0.88994518E+001 -0.39906931E-001  0.80772330E+000
  0.14026163E-003  0.85479386E+001  0.42960633E-001  0.11756581E+001
  0.72181475E-004  0.84902964E+001  0.14393879E+000  0.11063609E+001
  0.70244670E-004  0.85446938E+001 -0.15718535E+000  0.10894039E+001
  0.31712231E-004  0.80540810E+001  0.12029928E+000  0.86230308E+000
  0.25779367E-004  0.84683386E+001 -0.18737745E+000  0.10009738E+001
  0.27672979E-004  0.83265726E+001 -0.11511386E+000  0.11337904E+001
  0.30764439E-004  0.81147678E+001 -0.95839163E-001  0.11464665E+001
  0.27936901E-004  0.83075890E+001  0.15972770E+000  0.90735830E+000
  0.39794210E-004  0.71079698E+001  0.29080598E-001  0.82106684E+000
  0.36177032E-004  0.72985636E+001  0.16797509E+000  0.94324481E+000
  0.32389990E-004  0.75197126E+001  0.14187075E+000  0.89250427E+000
  0.28756776E-004  0.77576646E+001  0.86877101E-001  0.83922516E+000
  0.25184468E-004  0.80229570E+001  0.17331025E+000  0.94004793E+000
  0.31162655E-004  0.75969712E+001 -0.11878683E+000  0.11228567E+001
  0.23598269E-003  0.71065686E+001  0.17384939E+000  0.97230566E+000
  0.82927807E-004  0.70009200E+001  0.16984689E+000  0.95780986E+000
  0.82579828E-004  0.70093308E+001  0.63970482E-001  0.83374500E+000
  0.82310151E-004  0.70158718E+001  0.91279193E-001  0.11388786E+001
  0.27274122E-003  0.67918816E+001 -0.11391130E+000  0.11185246E+001
  0.27526835E-003  0.67482782E+001 -0.10623132E+000  0.86388526E+000
  0.27802650E-003  0.67283386E+001 -0.41918826E-001  0.11599884E+001
  0.15216393E-003  0.63993432E+001  0.15200387E+000  0.92591786E+000
  0.13438817E-003  0.66477946E+001  0.15357435E+000  0.92430681E+000
  0.31027576E-003  0.63606312E+001 -0.11905101E+000  0.88046299E+000
  0.16224677E-003  0.62710238E+001 -0.16812014E+000  0.99822928E+000
  0.15583028E-003  0.63517244E+001 -0.16846302E+000  0.10058639E+001
  0.34141626E-003  0.61693504E+001  0.63904692E-001  0.11463900E+001
  0.70349835E-004  0.59650762E+001  0.84006102E-001  0.11331395E+001
  0.67787881E-004  0.60392708E+001  0.12192089E+000  0.88758096E+000
  0.64082315E-004  0.61517014E+001 -0.16681988E+000  0.10033157E+001
  0.63722737E-004  0.61629540E+001 -0.47845168E-001  0.11529026E+001
  0.67824022E-004  0.60382036E+001 -0.75380899E-001  0.84924672E+000
  0.97678594E-004  0.56855882E+001  0.27360907E-001  0.83391556E+000
  0.91079653E-004  0.58254836E+001 -0.11081776E-001  0.11576448E+001
  0.97081170E-004  0.56978584E+001 -0.15715279E+000  0.10343452E+001
  0.92030904E-004  0.58047038E+001  0.12173092E+000  0.10987578E+001
  0.40288390E-003  0.56013886E+001  0.42571463E-001  0.83873667E+000
  0.41155038E-003  0.55359654E+001 -0.22127659E-001  0.11536501E+001
  0.21543763E-003  0.53987342E+001 -0.10901895E+000  0.11069842E+001
  0.20360064E-003  0.55117548E+001  0.15925387E+000  0.97218896E+000
  0.20360064E-003  0.55117548E+001  0.15925387E+000  0.97218896E+000
  0.46520326E-003  0.52228224E+001  0.15846196E+000  0.99431526E+000
  0.16855624E-003  0.49671042E+001 -0.12382236E+000  0.10847285E+001
  0.16155868E-003  0.50519062E+001  0.58464627E-001  0.85041028E+000
  0.16190106E-003  0.50476728E+001 -0.10233726E+000  0.87998154E+000
  0.13024645E-003  0.47592074E+001 -0.75942041E-001  0.11256723E+001
  0.12606674E-003  0.48244410E+001 -0.66159794E-001  0.85660492E+000
  0.12181877E-003  0.48929952E+001  0.43736551E-001  0.84609053E+000
  0.12195918E-003  0.48906912E+001  0.94927041E-001  0.11135477E+001
  0.18513410E-003  0.45112300E+001  0.14215429E+000  0.10442200E+001
  0.17344741E-003  0.46416432E+001  0.14651565E+000  0.95417959E+000
  0.18201852E-003  0.45451748E+001  0.12862890E+000  0.91826476E+000
  0.29115811E-003  0.43777536E+001  0.91484168E-001  0.87860399E+000
  0.28027309E-003  0.44539572E+001  0.15106577E+000  0.99188403E+000
  0.60022671E-003  0.43171650E+001 -0.14952556E+000  0.98706754E+000
  0.60195424E-003  0.43114176E+001  0.13685127E+000  0.93788824E+000
  0.60740843E-003  0.42541598E+001  0.90402119E-001  0.87920135E+000
  0.61994542E-003  0.42133000E+001 -0.10370784E+000  0.10973189E+001
  0.20927505E-003  0.40914026E+001 -0.11489946E+000  0.90624024E+000
  0.20466315E-003  0.41359712E+001 -0.13074146E+000  0.10602223E+001
  0.20256229E-003  0.41566066E+001 -0.53063310E-001  0.11312960E+001
  0.64197826E-003  0.40468166E+001 -0.12771078E+000  0.92574295E+000
  0.64258843E-003  0.40068212E+001  0.80350205E-001  0.11144603E+001
  0.33206291E-003  0.39408854E+001 -0.12164422E+000  0.10716013E+001
  0.33000554E-003  0.39533154E+001 -0.14584957E+000  0.98587117E+000
  0.37851755E-003  0.36598712E+001 -0.13401739E+000  0.10424558E+001
  0.33901096E-003  0.38803306E+001  0.57927620E-001  0.11262016E+001
  0.26082676E-003  0.35182718E+001  0.44021088E-001  0.11282186E+001
  0.24370085E-003  0.36541030E+001  0.92518629E-001  0.88849134E+000
  0.24672379E-003  0.36294462E+001  0.38100483E-002  0.85130003E+000
  0.78341176E-003  0.35158942E+001  0.11598226E-001  0.11355113E+001
  0.79432162E-003  0.34508480E+001 -0.12432594E+000  0.10581620E+001
  0.81750125E-003  0.33933206E+001 -0.64427132E-002  0.85384350E+000
  0.40751977E-003  0.33619688E+001  0.13943341E+000  0.10086797E+001
  0.40256414E-003  0.33864382E+001  0.63553082E-001  0.11179281E+001
  0.27546248E-003  0.32972754E+001 -0.13572435E+000  0.10253778E+001
  0.27087445E-003  0.33308684E+001  0.12171859E+000  0.10603656E+001
  0.27346002E-003  0.33118680E+001  0.44316131E-001  0.86274967E+000
  0.28247144E-003  0.31742886E+001 -0.77757547E-001  0.88255418E+000
  0.27255119E-003  0.32457914E+001  0.11088236E+000  0.91435234E+000
  0.28056220E-003  0.31878530E+001 -0.13533587E+000  0.96766835E+000
  0.43307262E-003  0.31305638E+001 -0.49080476E-001  0.11220975E+001
  0.42620585E-003  0.31625290E+001 -0.10996721E+000  0.10749735E+001
  0.87548011E-003  0.30730854E+001  0.92940606E-001  0.10926197E+001
  0.90385815E-003  0.29735708E+001 -0.47645668E-001  0.86780318E+000
  0.90694194E-003  0.29667580E+001 -0.10101309E-001  0.11300175E+001
  0.19887300E-003  0.27647692E+001  0.13272275E+000  0.10121636E+001
  0.17979736E-003  0.29664410E+001  0.13539901E+000  0.10079254E+001
  0.18710097E-003  0.28868062E+001 -0.49365571E-001  0.86951336E+000
  0.18641203E-003  0.28941842E+001  0.12817793E+000  0.95378991E+000
  0.19037207E-003  0.28521426E+001 -0.14244494E-001  0.86022259E+000
  0.51179259E-003  0.27068460E+001 -0.12496423E+000  0.95071000E+000
  0.50721625E-003  0.27248096E+001 -0.90625658E-001  0.10900182E+001
  0.10336499E-002  0.26158400E+001  0.12875966E+000  0.10240422E+001
  0.10276392E-002  0.26098820E+001 -0.40860158E-001  0.86924777E+000
  0.52877099E-003  0.25348952E+001  0.12514626E+000  0.95654027E+000
  0.51395177E-003  0.25917466E+001 -0.11472094E+000  0.10575276E+001
  0.10502688E-002  0.25310764E+001  0.35325969E-001  0.86826918E+000
  0.36177933E-003  0.23787912E+001 -0.83047740E-001  0.10921001E+001
  0.35101798E-003  0.24391864E+001  0.12429145E+000  0.95719300E+000
  0.35888982E-003  0.23948304E+001 -0.12062836E+000  0.10410514E+001
  0.10802464E-002  0.23711746E+001  0.12582746E+000  0.96491211E+000
  0.10740270E-002  0.23657014E+001 -0.12879643E+000  0.10093068E+001
  0.54415027E-003  0.23392972E+001 -0.10559283E+000  0.92275648E+000
  0.53828353E-003  0.23609776E+001  0.54920243E-001  0.11107112E+001
  0.37475311E-003  0.22400946E+001  0.10938982E+000  0.93039906E+000
  0.36883280E-003  0.22719428E+001 -0.60572528E-001  0.11066210E+001
  0.35906141E-003  0.23256418E+001  0.45025397E-001  0.87411554E+000
  0.11253771E-002  0.22381068E+001  0.11208602E+000  0.10546712E+001
  0.37884359E-003  0.22012152E+001  0.90234230E-001  0.90654091E+000
  0.37569379E-003  0.22179130E+001 -0.10551934E+000  0.10646959E+001
  0.37658336E-003  0.22131826E+001 -0.12011229E+000  0.10371065E+001
  0.11306709E-002  0.21437506E+001 -0.14192101E-001  0.86797812E+000
  0.11309197E-002  0.21433094E+001 -0.60547155E-001  0.11050662E+001
  0.11316120E-002  0.21420852E+001 -0.87318604E-001  0.90450341E+000
  0.11252589E-002  0.21363252E+001 -0.12673389E+000  0.10049715E+001
  0.11253354E-002  0.21361894E+001  0.35275478E-001  0.11161205E+001
  0.56875140E-003  0.21146792E+001  0.96562687E-001  0.91491517E+000
  0.56686458E-003  0.21213254E+001  0.11017338E+000  0.10554948E+001
  0.57367523E-003  0.19957239E+001 -0.61528940E-001  0.88643901E+000
  0.56849325E-003  0.20138704E+001  0.74425300E-002  0.86878697E+000
  0.58603320E-003  0.19530974E+001 -0.40572372E-001  0.87673681E+000
  0.57622455E-003  0.19868548E+001 -0.79985188E-001  0.10892962E+001
  0.11756029E-002  0.19470717E+001  0.10146994E+000  0.92416681E+000
  0.59845027E-003  0.18775488E+001 -0.92442512E-001  0.10754505E+001
  0.58509571E-003  0.19226849E+001  0.79212867E-001  0.10890518E+001
  0.39143538E-003  0.18495421E+001 -0.12363420E+000  0.98621592E+000
  0.38932382E-003  0.18603613E+001  0.11211852E+000  0.10458721E+001
  0.38945894E-003  0.18596678E+001  0.11609493E+000  0.10367904E+001
  0.24311010E-003  0.17319175E+001 -0.46883549E-002  0.87184204E+000
  0.23200767E-003  0.18254060E+001 -0.14356137E-001  0.87160703E+000
  0.24154105E-003  0.17448688E+001 -0.78941649E-001  0.10867542E+001
  0.23793189E-003  0.17749778E+001 -0.20757047E-001  0.11156642E+001
  0.24003253E-003  0.17573978E+001  0.10235560E+000  0.92908157E+000
  0.12299360E-002  0.17083880E+001 -0.96402782E-001  0.92171916E+000
  0.12480673E-002  0.16791206E+001  0.11057612E+000  0.94529715E+000
  0.63068746E-003  0.16579071E+001  0.11370084E+000  0.95306666E+000
  0.63044659E-003  0.16586712E+001 -0.25445764E-003  0.87258477E+000
  0.12624233E-002  0.16562459E+001  0.71091854E-001  0.10918318E+001
  0.12667178E-002  0.16494550E+001 -0.12883224E-001  0.87345231E+000
  0.34257665E-003  0.14589096E+001  0.10803414E+000  0.10440275E+001
  0.33903774E-003  0.14796781E+001 -0.99236788E-001  0.10596645E+001
  0.34159111E-003  0.14646711E+001 -0.11616575E+000  0.10220534E+001
  0.33305027E-003  0.15153144E+001  0.46722615E-001  0.11044415E+001
  0.70153826E-003  0.13950465E+001  0.52537220E-001  0.11001062E+001
  0.68556851E-003  0.14411006E+001 -0.33112442E-001  0.11087158E+001
  0.14141705E-002  0.13792953E+001 -0.96341737E-001  0.92778591E+000
  0.14327879E-002  0.13531373E+001 -0.33959289E-001  0.11073919E+001
  0.75780526E-003  0.12071292E+001 -0.96087389E-002  0.11106470E+001
  0.71819164E-003  0.13145096E+001  0.11436620E+000  0.10220767E+001
  0.15382065E-002  0.11775334E+001  0.21122939E-001  0.88036911E+000
  0.30809693E-003  0.11243614E+001  0.23182284E-001  0.88145800E+000
  0.30665840E-003  0.11337211E+001 -0.57903514E-001  0.89558395E+000
  0.30289083E-003  0.11584446E+001  0.16047295E-001  0.87969507E+000
  0.30293626E-003  0.11581449E+001 -0.94450564E-001  0.10601427E+001
  0.30140607E-003  0.11682730E+001 -0.26100626E-001  0.11074075E+001
  0.78254657E-003  0.10760674E+001 -0.18756189E-001  0.88115040E+000
  0.78023756E-003  0.10819768E+001  0.11225817E+000  0.97067953E+000
  0.15943724E-002  0.10224000E+001 -0.52284639E-001  0.89382536E+000
  0.42550531E-003  0.87512934E+000 -0.10924350E+000  0.96880045E+000
  0.40352580E-003  0.98120230E+000 -0.75492504E-001  0.91109957E+000
  0.40467790E-003  0.97550188E+000 -0.66931107E-001  0.10853297E+001
  0.40596073E-003  0.96917106E+000  0.64231702E-001  0.90211637E+000
  0.87127045E-003  0.82807430E+000 -0.79664217E-001  0.10718276E+001
  0.85165323E-003  0.87361862E+000 -0.11191130E+000  0.98339444E+000
  0.17296034E-002  0.82624186E+000 -0.10100024E-001  0.11060406E+001
  0.17336832E-002  0.82152896E+000 -0.11179895E+000  0.99999393E+000
  0.17242655E-002  0.81554570E+000 -0.10244499E+000  0.10382474E+001
  0.17364576E-002  0.76783894E+000 -0.10698248E+000  0.10243581E+001
  0.58762585E-003  0.73763920E+000  0.10771065E+000  0.96956223E+000
  0.58168173E-003  0.75797346E+000 -0.56123955E-001  0.10895751E+001
  0.58509512E-003  0.74627076E+000 -0.70560441E-001  0.10789822E+001
  0.59876514E-003  0.60088670E+000 -0.57379224E-001  0.90278031E+000
  0.58434843E-003  0.64963032E+000  0.81705948E-001  0.92305190E+000
  0.59303501E-003  0.62011898E+000  0.19598454E-001  0.11021093E+001
  0.18224763E-002  0.57194660E+000  0.37859670E-001  0.89303943E+000
  0.92660692E-003  0.53849708E+000  0.38992286E-001  0.10952669E+001
  0.91969807E-003  0.55346532E+000 -0.51070353E-001  0.10896648E+001
  0.18707252E-002  0.51968736E+000  0.87480584E-001  0.93279928E+000
  0.18535508E-002  0.50507454E+000  0.52738142E-001  0.90128701E+000
  0.18535508E-002  0.50507454E+000  0.52738142E-001  0.90128701E+000
  0.48589106E-003  0.32925204E+000  0.10546690E+000  0.98743752E+000
  0.45121432E-003  0.47733550E+000 -0.96989217E-001  0.10401427E+001
  0.44862324E-003  0.48885360E+000 -0.10758763E+000  0.98865198E+000
  0.46455243E-003  0.41907134E+000 -0.92766855E-001  0.10464985E+001
  0.19354699E-002  0.32166260E+000  0.45573264E-001  0.10893253E+001
  0.19325090E-002  0.30878722E+000 -0.59226563E-001  0.10809885E+001
  0.19212733E-002  0.30451204E+000 -0.99635248E-001  0.96154303E+000
  0.95983600E-003  0.27443412E+000  0.64286968E-001  0.10766758E+001
  0.95973426E-003  0.27464626E+000  0.61926512E-001  0.10785019E+001
  0.49652828E-003  0.17488741E+000  0.33215891E-001  0.89667314E+000
  0.49419266E-003  0.18431614E+000 -0.38740097E-001  0.89872168E+000
  0.47665046E-003  0.25660144E+000 -0.53307942E-002  0.88987397E+000
  0.48305206E-003  0.22991806E+000 -0.59136204E-002  0.10989044E+001
  0.19982148E-002  0.16273683E+000  0.92997385E-001  0.95052883E+000
  0.10142883E-002  0.11676693E+000 -0.10133313E+000  0.97712321E+000
  0.10059588E-002  0.13325922E+000  0.20871411E-001  0.89364657E+000
  0.51721179E-003  0.14946446E-001 -0.15177240E-001  0.89414627E+000
  0.50075624E-003  0.79612632E-001  0.35769315E-002  0.89212337E+000
  0.50490154E-003  0.63124956E-001  0.91559049E-001  0.95053050E+000
  0.50249538E-003  0.72680166E-001  0.51029896E-001  0.10827323E+001
  0.10543824E-002 -0.23275072E-001 -0.99703403E-001  0.10114136E+001
  0.10412555E-002  0.17824120E-002  0.29010128E-001  0.89764325E+000
  0.30852178E-003 -0.13250685E+000 -0.34682016E-001  0.10877547E+001
  0.29537255E-003 -0.45397464E-001 -0.67265723E-001  0.10687919E+001
  0.30608151E-003 -0.11662573E+000 -0.98859317E-001  0.10088315E+001
  0.30458294E-003 -0.10680944E+000  0.97322867E-001  0.97255856E+000
  0.30537711E-003 -0.11201724E+000 -0.74522799E-001  0.92941692E+000
  0.30234309E-003 -0.92047768E-001  0.55422849E-001  0.91206387E+000
  0.29783792E-003 -0.62021998E-001 -0.68471787E-001  0.92218069E+000
  0.21855470E-002 -0.15634602E+000  0.53279504E-001  0.91164160E+000
  0.22057866E-002 -0.17478146E+000  0.55700581E-001  0.91359715E+000
  0.22093429E-002 -0.17800238E+000 -0.17359450E-002  0.89554441E+000
  0.22292120E-002 -0.19590844E+000  0.24566538E-002  0.89580607E+000
  0.22399603E-002 -0.20552940E+000  0.91324108E-001  0.10313065E+001
  0.22478049E-002 -0.21252072E+000  0.45960233E-001  0.10813274E+001
  0.11598900E-002 -0.29149454E+000  0.97189973E-001  0.98728772E+000
  0.11477129E-002 -0.27038530E+000  0.83867149E-001  0.10440353E+001
  0.11910010E-002 -0.36036864E+000  0.87203684E-001  0.95446775E+000
  0.11799985E-002 -0.34180714E+000  0.13098920E-001  0.89874410E+000
  0.23569565E-002 -0.37097450E+000 -0.95845459E-001  0.98482874E+000
  0.23683302E-002 -0.42766338E+000 -0.90473833E-001  0.96480157E+000
  0.48434983E-003 -0.51860652E+000 -0.94273111E-001  0.99150049E+000
  0.47641410E-003 -0.48556740E+000 -0.68698219E-001  0.10591465E+001
  0.46314466E-003 -0.42907214E+000 -0.38223175E-002  0.89909670E+000
  0.47254569E-003 -0.46926062E+000  0.93021752E-001  0.10138693E+001
  0.48021333E-003 -0.50145262E+000  0.84012297E-001  0.95244787E+000
  0.12459772E-002 -0.59108806E+000  0.66643996E-001  0.10591769E+001
  0.12082441E-002 -0.52958462E+000 -0.58572051E-001  0.92185036E+000
  0.25108018E-002 -0.60615736E+000 -0.55378774E-001  0.92069341E+000
  0.25171647E-002 -0.61121930E+000 -0.76981999E-001  0.10460767E+001
  0.25055247E-002 -0.61751300E+000  0.43426533E-001  0.10763899E+001
  0.25137286E-002 -0.62405216E+000 -0.64854764E-001  0.10603251E+001
  0.25084052E-002 -0.63549892E+000  0.92234767E-001  0.10036910E+001
  0.12562074E-002 -0.66994390E+000  0.51648933E-001  0.91908368E+000
  0.12542956E-002 -0.66689630E+000  0.42552260E-001  0.10760698E+001
  0.25214954E-002 -0.72349234E+000 -0.63574560E-001  0.93002170E+000
  0.63779278E-003 -0.74689322E+000 -0.40457552E-001  0.10758799E+001
  0.63324819E-003 -0.73259184E+000  0.68645254E-001  0.93562570E+000
  0.63288735E-003 -0.73145212E+000  0.57298695E-001  0.10650866E+001
  0.63602727E-003 -0.74134918E+000 -0.30401373E-001  0.90903694E+000
  0.36548434E-003 -0.85822904E+000  0.86584042E-001  0.10167197E+001
  0.36197366E-003 -0.83892566E+000  0.83121122E-001  0.96195795E+000
  0.34863985E-003 -0.76386112E+000 -0.90798859E-001  0.99378416E+000
  0.35213775E-003 -0.78382770E+000 -0.86975425E-001  0.97049289E+000
  0.35937645E-003 -0.82452370E+000 -0.11350641E-001  0.90550566E+000
  0.36030483E-003 -0.82968330E+000  0.89168917E-001  0.10056142E+001
  0.35789671E-003 -0.81627182E+000  0.86540898E-001  0.10191782E+001
  0.25526120E-002 -0.86846802E+000  0.48470349E-001  0.10691560E+001
  0.12898129E-002 -0.91893532E+000  0.74713272E-001  0.94829710E+000
  0.12838292E-002 -0.90963430E+000  0.86539254E-001  0.10136996E+001
  0.12806710E-002 -0.94834620E+000 -0.69626122E-001  0.10479372E+001
  0.12774989E-002 -0.94338594E+000  0.71920353E-001  0.94477948E+000
  0.12879208E-002 -0.10308191E+001  0.18618253E-002  0.10815202E+001
  0.12764543E-002 -0.10129323E+001  0.84964738E-001  0.10136162E+001
  0.85139862E-003 -0.10557543E+001 -0.74627502E-001  0.10377170E+001
  0.84652136E-003 -0.10442634E+001 -0.83927351E-001  0.97403996E+000
  0.85091432E-003 -0.10546168E+001 -0.48859208E-001  0.10655601E+001
  0.25668004E-002 -0.10655999E+001  0.78057567E-001  0.10309571E+001
  0.25711394E-002 -0.10689776E+001  0.51128219E-001  0.10636500E+001
  0.12978151E-002 -0.10879382E+001  0.41138862E-001  0.91972177E+000
  0.12965335E-002 -0.10859615E+001  0.37632410E-001  0.10717075E+001
  0.86795896E-003 -0.10942829E+001 -0.84834707E-001  0.10077658E+001
  0.86709838E-003 -0.10922975E+001 -0.66862370E-001  0.10479662E+001
  0.86670567E-003 -0.10913927E+001  0.73521116E-001  0.10385146E+001
  0.26105610E-002 -0.10994095E+001  0.83043068E-001  0.97399144E+000
  0.13254064E-002 -0.11443490E+001  0.75856606E-001  0.10326936E+001
  0.13043830E-002 -0.11123702E+001 -0.84228176E-001  0.98023820E+000
  0.13273429E-002 -0.11472688E+001 -0.67692219E-001  0.94419403E+000
  0.13265043E-002 -0.11460059E+001  0.45438740E-002  0.10796508E+001
  0.88166612E-003 -0.11971035E+001 -0.82155806E-001  0.97671049E+000
  0.87028734E-003 -0.11711236E+001  0.84509364E-001  0.99974238E+000
  0.87133754E-003 -0.11735361E+001  0.77456895E-001  0.96152723E+000
  0.26449394E-002 -0.12111930E+001  0.83022790E-001  0.10075954E+001
  0.88454681E-003 -0.12459318E+001 -0.76314021E-001  0.96173107E+000
  0.86984100E-003 -0.12124017E+001  0.77194251E-001  0.96243006E+000
  0.88271328E-003 -0.12417809E+001 -0.18069429E-001  0.91323582E+000
  0.53117601E-003 -0.12755916E+001 -0.54963707E-001  0.93323900E+000
  0.52662432E-003 -0.12583786E+001 -0.82709330E-001  0.98544478E+000
  0.52917460E-003 -0.12680407E+001 -0.74042540E-002  0.91192190E+000
  0.52411569E-003 -0.12488299E+001  0.82885123E-001  0.10042669E+001
  0.52361068E-003 -0.12469006E+001  0.74804343E-001  0.10312570E+001
  0.26381111E-002 -0.13443681E+001 -0.78352490E-001  0.97154803E+000
  0.26229723E-002 -0.13463263E+001 -0.81556397E-001  0.98789298E+000
  0.26316398E-002 -0.13529258E+001  0.73578208E-001  0.95987250E+000
  0.13223642E-002 -0.13628482E+001 -0.23402043E-001  0.10728106E+001
  0.13215089E-002 -0.13615541E+001  0.80186533E-001  0.97998575E+000
  0.13223800E-002 -0.13900831E+001  0.77668389E-001  0.97182221E+000
  0.13054505E-002 -0.13643119E+001  0.59512394E-002  0.91335245E+000
  0.26230064E-002 -0.14139690E+001 -0.71304005E-001  0.95757435E+000
  0.26272933E-002 -0.14306141E+001 -0.35955215E-001  0.92304335E+000
  0.26147178E-002 -0.14343953E+001  0.76340654E-001  0.97004234E+000
  0.89037653E-003 -0.14770865E+001  0.49929252E-001  0.10565127E+001
  0.87281484E-003 -0.14372443E+001 -0.30776070E-001  0.10688338E+001
  0.88648077E-003 -0.14683157E+001 -0.77947722E-001  0.97777995E+000
  0.39012938E-003 -0.15348177E+001  0.97062273E-002  0.10729371E+001
  0.37984848E-003 -0.14814067E+001  0.67138319E-001  0.10371746E+001
  0.38981701E-003 -0.15332154E+001 -0.75815220E-001  0.97380122E+000
  0.38604287E-003 -0.15137575E+001  0.24707046E-001  0.91971721E+000
  0.38423196E-003 -0.15043549E+001  0.79203596E-001  0.99870502E+000
  0.38614133E-003 -0.15142686E+001  0.75526215E-001  0.10181187E+001
  0.38178493E-003 -0.14915756E+001 -0.71614053E-001  0.96095616E+000
  0.27420811E-002 -0.15429853E+001 -0.91134859E-002  0.10728746E+001
  0.13675395E-002 -0.15915674E+001  0.75957425E-002  0.91728145E+000
  0.13651662E-002 -0.15880932E+001 -0.75107739E-001  0.10152286E+001
  0.27168365E-002 -0.16046719E+001 -0.34608521E-001  0.10640121E+001
  0.68803344E-003 -0.16698341E+001 -0.24331995E-001  0.92236827E+000
  0.66865647E-003 -0.16127001E+001 -0.77382576E-001  0.99110833E+000
  0.67652976E-003 -0.16361136E+001 -0.74140103E-001  0.97421592E+000
  0.67851897E-003 -0.16419853E+001 -0.67283763E-002  0.10714587E+001
  0.27702821E-002 -0.16829809E+001 -0.24597650E-001  0.10668657E+001
  0.46029401E-003 -0.17029653E+001  0.13395180E-001  0.10694945E+001
  0.45731089E-003 -0.16899611E+001 -0.69531046E-001  0.96432526E+000
  0.45615535E-003 -0.16849020E+001 -0.13828837E-001  0.10697273E+001
  0.46015916E-003 -0.17023793E+001 -0.42120626E-001  0.10576698E+001
  0.45936424E-003 -0.16989206E+001 -0.22986783E-001  0.10671239E+001
  0.45754829E-003 -0.16909996E+001 -0.76130580E-001  0.99342582E+000
  0.27630335E-002 -0.17038843E+001  0.41972944E-001  0.93191230E+000
  0.69878802E-003 -0.17269996E+001  0.42575180E-001  0.93280831E+000
  0.69181213E-003 -0.17069337E+001 -0.67724333E-001  0.10286193E+001
  0.69876846E-003 -0.17269427E+001  0.38427253E-001  0.93010108E+000
  0.69588293E-003 -0.17186671E+001 -0.40727412E-001  0.10582617E+001
  0.28015621E-002 -0.17315811E+001  0.85932312E-002  0.10697248E+001
  0.13621607E-002 -0.17795838E+001 -0.46875973E-001  0.10524832E+001
  0.13561681E-002 -0.17707657E+001  0.44255498E-001  0.10547195E+001
  0.13716222E-002 -0.17934289E+001 -0.48411369E-001  0.93882735E+000
  0.13690624E-002 -0.17896926E+001 -0.74042189E-001  0.10024283E+001
  0.27027943E-002 -0.18018150E+001  0.41682030E-001  0.93376378E+000
  0.88219616E-003 -0.18220945E+001 -0.22198958E-001  0.10651400E+001
  0.87598541E-003 -0.18079658E+001 -0.57315777E-001  0.94840309E+000
  0.88188745E-003 -0.18213952E+001 -0.36108154E-001  0.93063599E+000
  0.26507011E-002 -0.18252010E+001  0.12425443E-001  0.10675140E+001
  0.66435685E-003 -0.18426543E+001  0.59818758E-001  0.10371081E+001
  0.65994760E-003 -0.18293360E+001  0.66005927E-001  0.10273209E+001
  0.66096933E-003 -0.18324284E+001 -0.71308429E-001  0.97671690E+000
  0.66285379E-003 -0.18381238E+001  0.69346308E-001  0.10191472E+001
  0.25880383E-002 -0.18509025E+001 -0.72867807E-001  0.10032067E+001
  0.25919336E-002 -0.18539110E+001 -0.39100152E-001  0.93313413E+000
  0.64295609E-003 -0.18745892E+001 -0.28297845E-001  0.10618580E+001
  0.64100768E-003 -0.18685192E+001  0.44319840E-001  0.10525345E+001
  0.63897060E-003 -0.18621525E+001  0.39227892E-001  0.93339075E+000
  0.63651847E-003 -0.18544624E+001  0.23705851E-001  0.92556240E+000
  0.25596849E-002 -0.18771383E+001  0.65921962E-001  0.96428296E+000
  0.25464702E-002 -0.18787976E+001 -0.70852267E-001  0.97827351E+000
  0.25357645E-002 -0.18823841E+001  0.67068164E-001  0.10228043E+001
  0.25643477E-002 -0.19048018E+001 -0.55497861E-001  0.94887862E+000
  0.25754420E-002 -0.19134361E+001 -0.71120094E-002  0.92289917E+000
  0.12871033E-002 -0.19606709E+001  0.63830648E-001  0.10264355E+001
  0.12696740E-002 -0.19334039E+001 -0.13536248E-002  0.92291063E+000
  0.25761194E-002 -0.19621575E+001 -0.42910671E-001  0.10515140E+001
  0.25806987E-002 -0.19777208E+001 -0.66706948E-001  0.10190744E+001
  0.12900386E-002 -0.19892510E+001 -0.69269663E-001  0.98031325E+000
  0.12891359E-002 -0.19878516E+001  0.60244700E-001  0.95801929E+000
  0.51719834E-003 -0.20177838E+001 -0.53469013E-001  0.10401448E+001
  0.51280489E-003 -0.20007220E+001  0.59897737E-001  0.95790604E+000
  0.51715697E-003 -0.20176246E+001  0.65993119E-001  0.10188961E+001
  0.51408748E-003 -0.20057178E+001  0.59595578E-001  0.95759721E+000
  0.51229080E-003 -0.19987165E+001 -0.41335712E-001  0.10518634E+001
  0.25865169E-002 -0.20181896E+001 -0.59885405E-002  0.92472455E+000
  0.12954837E-002 -0.20336398E+001  0.38110324E-001  0.10533239E+001
  0.12900051E-002 -0.20251638E+001 -0.11182397E-001  0.92551950E+000
  0.86494804E-003 -0.20486430E+001  0.42979425E-001  0.10494680E+001
  0.86404723E-003 -0.20465586E+001  0.69145064E-001  0.98566222E+000
  0.86430130E-003 -0.20471458E+001 -0.29134174E-001  0.93158491E+000
  0.26017132E-002 -0.20539300E+001  0.40494172E-002  0.10643411E+001
  0.43481795E-003 -0.20835488E+001  0.27315973E-001  0.93150048E+000
  0.43407591E-003 -0.20801336E+001  0.22817703E-001  0.92962672E+000
  0.43097170E-003 -0.20657796E+001  0.17728177E-001  0.10618798E+001
  0.43372619E-003 -0.20785222E+001  0.53658616E-001  0.10381700E+001
  0.43426174E-003 -0.20809902E+001  0.57776165E-001  0.95733959E+000
  0.43241745E-003 -0.20724782E+001 -0.53132822E-001  0.95080440E+000
  0.25985774E-002 -0.20876272E+001 -0.37289602E-001  0.10526690E+001
  0.26005635E-002 -0.20891542E+001  0.52401997E-001  0.10393679E+001
  0.26005635E-002 -0.20891542E+001  0.52401997E-001  0.10393679E+001
  0.12759068E-002 -0.20992138E+001 -0.60937787E-001  0.10264776E+001
  0.12757282E-002 -0.20989330E+001 -0.44934673E-001  0.10466375E+001
  0.85665343E-003 -0.21133864E+001  0.14114805E-001  0.92777366E+000
  0.85108026E-003 -0.21003328E+001 -0.19278935E-001  0.92885703E+000
  0.85517270E-003 -0.21099258E+001 -0.41025755E-001  0.10495404E+001
  0.25552426E-002 -0.21138398E+001  0.63217728E-001  0.10210284E+001
  0.12796443E-002 -0.21170040E+001  0.60402340E-001  0.10267722E+001
  0.12789471E-002 -0.21159140E+001  0.68481521E-001  0.99511993E+000
  0.25541313E-002 -0.21249814E+001 -0.15240886E-001  0.10613629E+001
  0.12780394E-002 -0.21265056E+001 -0.27855164E-001  0.93263312E+000
  0.12770940E-002 -0.21250250E+001 -0.48626980E-001  0.10424941E+001
  0.12799681E-002 -0.21295212E+001  0.55790088E-001  0.95603458E+000
  0.12797851E-002 -0.21292364E+001 -0.11068890E-001  0.92749094E+000
  0.25462155E-002 -0.21309324E+001  0.11529115E-002  0.92659745E+000
  0.25661049E-002 -0.21464940E+001  0.67898404E-001  0.99524701E+000
  0.12771361E-002 -0.21616402E+001  0.60541200E-001  0.10246695E+001
  0.12706469E-002 -0.21514522E+001  0.22232062E-001  0.93085393E+000
  0.25592242E-002 -0.21655138E+001 -0.58799879E-001  0.96207370E+000
  0.25622074E-002 -0.21678448E+001  0.38582138E-001  0.93974243E+000
  0.25680842E-002 -0.21724262E+001 -0.19404930E-001  0.93033527E+000
  0.64443466E-003 -0.22046226E+001 -0.66103564E-001  0.98561996E+000
  0.63984019E-003 -0.21903126E+001 -0.65046007E-001  0.10110227E+001
  0.64269896E-003 -0.21992282E+001 -0.96716992E-002  0.92863416E+000
  0.63424444E-003 -0.21727450E+001  0.62962636E-001  0.10186712E+001
  0.25639913E-002 -0.22062364E+001  0.16607270E-001  0.93021266E+000
  0.85922037E-003 -0.22168700E+001  0.64405891E-001  0.10114432E+001
  0.85762114E-003 -0.22131452E+001 -0.52841275E-001  0.95470891E+000
  0.85809038E-003 -0.22142378E+001  0.60610258E-001  0.10221908E+001
  0.12936791E-002 -0.22243798E+001  0.60561225E-001  0.96804484E+000
  0.12894931E-002 -0.22178982E+001 -0.65318521E-001  0.10073659E+001
  0.12937735E-002 -0.22245268E+001 -0.62886662E-001  0.97393169E+000
  0.12936933E-002 -0.22244018E+001  0.16947364E-001  0.10589691E+001
  0.25762765E-002 -0.22283358E+001 -0.37447441E-001  0.94036852E+000
  0.25795453E-002 -0.22308716E+001 -0.55288478E-001  0.10310866E+001
  0.12948077E-002 -0.22386634E+001 -0.35223138E-001  0.93912097E+000
  0.12932238E-002 -0.22362146E+001  0.32342394E-001  0.93731549E+000
  0.25933362E-002 -0.22415356E+001  0.14371403E-001  0.93037120E+000
  0.25945865E-002 -0.22424982E+001  0.57356082E-001  0.96253795E+000
  0.12863698E-002 -0.22512278E+001  0.52057433E-001  0.10349094E+001
  0.12823716E-002 -0.22450032E+001 -0.49530356E-002  0.92899762E+000
  0.85198970E-003 -0.22636278E+001  0.62226841E-001  0.10155205E+001
  0.84790316E-003 -0.22540108E+001 -0.54939176E-001  0.95903256E+000
  0.85040987E-003 -0.22599146E+001  0.60081433E-001  0.96867076E+000
  0.25558891E-002 -0.22762630E+001  0.62655155E-001  0.10133631E+001
  0.25455816E-002 -0.22808784E+001  0.63919661E-001  0.10080392E+001
  0.25481743E-002 -0.22829144E+001  0.58266963E-003  0.10600701E+001
  0.25340306E-002 -0.22845636E+001 -0.53274376E-001  0.10321719E+001
  0.25353081E-002 -0.22855708E+001  0.63847727E-001  0.10079287E+001
  0.63419307E-003 -0.22995866E+001  0.64411156E-001  0.10028670E+001
  0.63409605E-003 -0.22992806E+001 -0.60002288E-001  0.97045423E+000
  0.63410619E-003 -0.22993128E+001  0.61953271E-001  0.97580555E+000
  0.63023857E-003 -0.22870782E+001 -0.21755696E-002  0.10599531E+001
  0.25380071E-002 -0.23005614E+001  0.24970842E-001  0.93505563E+000
  0.12637407E-002 -0.23051938E+001 -0.56333709E-001  0.96323455E+000
  0.12613797E-002 -0.23014544E+001 -0.29518810E-001  0.10524609E+001
  0.12639164E-002 -0.23054714E+001 -0.58248750E-001  0.96687043E+000
  0.12638519E-002 -0.23053704E+001 -0.62013900E-001  0.97640765E+000
  0.25359775E-002 -0.23119054E+001 -0.55183558E-001  0.10282964E+001
  0.25465109E-002 -0.23201962E+001  0.22697529E-001  0.10551187E+001
  0.63732481E-003 -0.23487000E+001  0.54599627E-001  0.10278431E+001
  0.63408210E-003 -0.23384980E+001 -0.34972207E-001  0.10484102E+001
  0.62837645E-003 -0.23204206E+001  0.62004470E-001  0.10124651E+001
  0.63004512E-003 -0.23257238E+001  0.60089017E-001  0.97208622E+000
  0.12740441E-002 -0.23608656E+001  0.60278914E-001  0.10152200E+001
  0.12665873E-002 -0.23491252E+001 -0.54928480E-001  0.96256505E+000
  0.12608362E-002 -0.23661664E+001 -0.59306984E-001  0.97232318E+000
  0.12594047E-002 -0.23638960E+001 -0.32644425E-001  0.94044100E+000
  0.25294330E-002 -0.23723118E+001 -0.60441651E-001  0.10139966E+001
  0.63525115E-003 -0.23945560E+001  0.54603364E-001  0.10260223E+001
  0.63317284E-003 -0.23880022E+001  0.56255992E-001  0.10232673E+001
  0.62937889E-003 -0.23759824E+001 -0.23900947E-003  0.10582058E+001
  0.63075621E-003 -0.23803544E+001  0.41701523E-001  0.10422137E+001
  0.51022175E-003 -0.24024936E+001 -0.53619476E-001  0.96248928E+000
  0.50946056E-003 -0.23995068E+001  0.59536501E-001  0.10149587E+001
  0.50882260E-003 -0.23970006E+001  0.61782000E-001  0.98310685E+000
  0.50909795E-003 -0.23980834E+001  0.42633768E-001  0.10408869E+001
  0.50896306E-003 -0.23975544E+001  0.57617620E-001  0.10199602E+001
  0.25582749E-002 -0.24213052E+001  0.88395317E-003  0.93238345E+000
  0.50962310E-003 -0.24396632E+001 -0.38781982E-001  0.94666879E+000
  0.50906232E-003 -0.24374614E+001  0.35645388E-001  0.10455214E+001
  0.50499596E-003 -0.24214200E+001 -0.60516610E-001  0.10101155E+001
  0.50934034E-003 -0.24385520E+001  0.54772957E-001  0.96599919E+000
  0.50866388E-003 -0.24358952E+001 -0.58770697E-001  0.97501174E+000
  0.25333744E-002 -0.24411736E+001 -0.20490140E-001  0.10533165E+001
  0.12742887E-002 -0.24531396E+001  0.61044444E-001  0.10042925E+001
  0.12723367E-002 -0.24500736E+001 -0.43732729E-001  0.95144449E+000
  0.63672792E-003 -0.24650344E+001 -0.57445872E-001  0.97315392E+000
  0.63349838E-003 -0.24548630E+001 -0.12550572E-001  0.10552665E+001
  0.63541952E-003 -0.24609208E+001 -0.23138718E-001  0.10518613E+001
  0.63369733E-003 -0.24554920E+001  0.50729767E-001  0.96004835E+000
  0.25182977E-002 -0.24687532E+001 -0.52196346E-001  0.10270601E+001
  0.25185168E-002 -0.24689266E+001  0.59711071E-001  0.98064258E+000
  0.25262024E-002 -0.24750216E+001  0.28978192E-001  0.10487569E+001
  0.25305057E-002 -0.24784258E+001  0.52045794E-001  0.96292969E+000
  0.25310321E-002 -0.24788418E+001 -0.35205480E-001  0.10447816E+001
  0.25319257E-002 -0.24795472E+001  0.56636105E-001  0.97194519E+000
  0.12651607E-002 -0.24918394E+001  0.22240723E-001  0.93817481E+000
  0.12630358E-002 -0.24884774E+001 -0.21051220E-001  0.93763595E+000
  0.25312649E-002 -0.24925850E+001 -0.57614237E-001  0.97529703E+000
  0.25165582E-002 -0.24945836E+001 -0.29217466E-001  0.10481584E+001
  0.62851094E-003 -0.25062346E+001  0.12972729E-001  0.93561099E+000
  0.62831111E-003 -0.25056004E+001  0.16008472E-001  0.10533238E+001
  0.62731916E-003 -0.25024384E+001  0.54233275E-001  0.10220109E+001
  0.62661257E-003 -0.25001864E+001 -0.27817735E-001  0.10487770E+001
  0.24985840E-002 -0.25075500E+001 -0.37405672E-001  0.94738452E+000
  0.83526700E-003 -0.25133196E+001  0.22989979E-001  0.93897578E+000
  0.83521438E-003 -0.25131924E+001  0.23527940E-001  0.93920202E+000
  0.83437792E-003 -0.25111886E+001 -0.44383346E-001  0.10358272E+001
  0.24967132E-002 -0.25197990E+001 -0.58967483E-001  0.98219788E+000
  0.83481274E-003 -0.25259766E+001 -0.46845329E-001  0.10325043E+001
  0.83382908E-003 -0.25236192E+001 -0.58717853E-001  0.98146858E+000
  0.83356896E-003 -0.25229954E+001  0.26641220E-001  0.94088617E+000
  0.25085456E-002 -0.25292536E+001 -0.59941154E-001  0.98989799E+000
  0.25105257E-002 -0.25308318E+001  0.12110952E-001  0.93596255E+000
  0.12358947E-002 -0.25415462E+001  0.11376740E-001  0.10536375E+001
  0.12317786E-002 -0.25348744E+001 -0.39642363E-001  0.10397592E+001
  0.24553152E-002 -0.25420120E+001  0.40564347E-001  0.10387206E+001
  0.81957379E-003 -0.25447844E+001  0.39905421E-001  0.10392417E+001
  0.81873579E-003 -0.25427400E+001  0.58178418E-001  0.98097682E+000
  0.81861627E-003 -0.25424474E+001  0.40535805E-001  0.10387344E+001
  0.12296138E-002 -0.25451974E+001  0.54454844E-001  0.10194564E+001
  0.12294749E-002 -0.25449700E+001 -0.48510211E-001  0.10296614E+001
  0.24504977E-002 -0.25521196E+001 -0.59320609E-001  0.10013040E+001
  0.61455500E-003 -0.25724486E+001 -0.29666582E-002  0.93567592E+000
  0.61276373E-003 -0.25666090E+001 -0.59166724E-001  0.99960205E+000
  0.60975939E-003 -0.25567794E+001  0.58681011E-001  0.98483786E+000
  0.61090559E-003 -0.25605360E+001  0.58175506E-001  0.10072304E+001
  0.81921408E-003 -0.25999508E+001  0.50559239E-001  0.96549752E+000
  0.81668334E-003 -0.25937614E+001  0.26218199E-002  0.93612743E+000
  0.81834126E-003 -0.25978186E+001  0.57353568E-001  0.98272045E+000
  0.24484475E-002 -0.26063910E+001 -0.38810352E-001  0.10384378E+001
  0.24487071E-002 -0.26066032E+001 -0.58264898E-001  0.99002808E+000
  0.24174787E-002 -0.26089056E+001  0.58015534E-001  0.10018036E+001
  0.24104131E-002 -0.26169878E+001 -0.23309469E-001  0.10481624E+001
  0.24115366E-002 -0.26179200E+001 -0.51581247E-001  0.96814833E+000
  0.12180122E-002 -0.26381262E+001  0.32288561E-001  0.94712032E+000
  0.12116513E-002 -0.26276556E+001  0.22515596E-001  0.94147500E+000
  0.12217120E-002 -0.26441920E+001  0.39041913E-001  0.95269294E+000
  0.12185738E-002 -0.26390488E+001  0.52833852E-001  0.97181173E+000
  0.24351787E-002 -0.26658018E+001 -0.18822655E-001  0.94094009E+000
  0.24221611E-002 -0.26692152E+001  0.51814262E-001  0.97119451E+000
  0.81054952E-003 -0.26770354E+001  0.47505366E-001  0.10260301E+001
  0.80778702E-003 -0.26702062E+001 -0.17142264E-001  0.94047497E+000
  0.80963493E-003 -0.26747766E+001  0.10389797E-001  0.10508488E+001
  0.81892167E-003 -0.26975864E+001 -0.47829903E-001  0.96518688E+000
  0.81353377E-003 -0.26843846E+001 -0.54105365E-001  0.10118745E+001
  0.81500923E-003 -0.26880078E+001  0.44168621E-001  0.10301822E+001
  0.49781595E-003 -0.27237214E+001 -0.44179670E-001  0.96098113E+000
  0.49163788E-003 -0.26987466E+001 -0.54732130E-001  0.10084862E+001
  0.49191279E-003 -0.26998640E+001  0.55991401E-001  0.98836029E+000
  0.49379647E-003 -0.27075070E+001 -0.55239333E-001  0.98464548E+000
  0.49544802E-003 -0.27141866E+001 -0.39905605E-001  0.95573252E+000
  0.24741630E-002 -0.27261404E+001  0.18985864E-004  0.93905600E+000
  0.24801701E-002 -0.27309908E+001  0.35582808E-001  0.95224990E+000
  0.24703977E-002 -0.27376402E+001 -0.52548231E-001  0.10127054E+001
  0.12240147E-002 -0.27484352E+001 -0.52008426E-001  0.10134843E+001
  0.12225883E-002 -0.27461022E+001 -0.48625605E-001  0.10211205E+001
  0.24350205E-002 -0.27522192E+001  0.54903988E-001  0.98950448E+000
  0.24355124E-002 -0.27526232E+001 -0.67922909E-002  0.10496144E+001
  0.48926459E-003 -0.27760256E+001  0.53129484E-001  0.98238578E+000
  0.48672994E-003 -0.27656388E+001  0.42711354E-001  0.96067925E+000
  0.48375541E-003 -0.27533778E+001  0.48686124E-001  0.96921947E+000
  0.48900291E-003 -0.27749560E+001 -0.54645161E-001  0.99542495E+000
  0.48374284E-003 -0.27533268E+001 -0.54693047E-001  0.98791234E+000
  0.60599906E-003 -0.28152460E+001 -0.70258732E-002  0.94162872E+000
  0.59595934E-003 -0.27818340E+001  0.33415477E-002  0.10492544E+001
  0.59753714E-003 -0.27871220E+001  0.54307220E-001  0.99257797E+000
  0.59996687E-003 -0.27952398E+001  0.17389987E-001  0.94360807E+000
  0.24427371E-002 -0.28306496E+001 -0.14196170E-001  0.94349389E+000
  0.24284208E-002 -0.28332312E+001 -0.31999673E-001  0.95245665E+000
  0.23989308E-002 -0.28373678E+001 -0.43174316E-001  0.10257605E+001
  0.23991444E-002 -0.28375458E+001 -0.51929793E-001  0.98370157E+000
  0.60579851E-003 -0.28718314E+001 -0.52301805E-001  0.99353933E+000
  0.60313885E-003 -0.28630300E+001  0.52070373E-001  0.98803219E+000
  0.60345739E-003 -0.28640874E+001 -0.38949310E-001  0.95986610E+000
  0.60094321E-003 -0.28557376E+001 -0.49016239E-001  0.10141954E+001
  0.60944484E-003 -0.28981700E+001  0.38594727E-001  0.96072244E+000
  0.60733676E-003 -0.28912394E+001 -0.16976644E-002  0.10466974E+001
  0.60443579E-003 -0.28816640E+001  0.22468627E-001  0.94796793E+000
  0.60671031E-003 -0.28891754E+001  0.42277486E-001  0.10248538E+001
  0.61427667E-003 -0.29139632E+001 -0.93946294E-002  0.94446515E+000
  0.61332467E-003 -0.29108622E+001  0.50484761E-001  0.98561401E+000
  0.60945763E-003 -0.28982120E+001 -0.49696504E-002  0.94343002E+000
  0.61151314E-003 -0.29049452E+001  0.50709646E-001  0.98602320E+000
  0.24456774E-002 -0.29190800E+001 -0.40480077E-001  0.96381884E+000
  0.81210483E-003 -0.29401864E+001  0.16113264E-001  0.10428384E+001
  0.80488100E-003 -0.29223152E+001  0.38975863E-001  0.96208049E+000
  0.80556866E-003 -0.29240232E+001  0.45804253E-001  0.10172794E+001
  0.41030239E-003 -0.29610102E+001  0.49768229E-001  0.98934592E+000
  0.40928038E-003 -0.29560210E+001 -0.14341155E-002  0.94466622E+000
  0.40861338E-003 -0.29527594E+001 -0.24510505E-001  0.10387419E+001
  0.40866405E-003 -0.29530076E+001 -0.49475660E-001  0.10039154E+001
  0.40655671E-003 -0.29426680E+001  0.53987019E-002  0.94459952E+000
  0.40692807E-003 -0.29444932E+001 -0.40662842E-001  0.96512231E+000
  0.24456065E-002 -0.29622388E+001 -0.36624859E-001  0.96093982E+000
  0.81426221E-003 -0.29743734E+001  0.43292395E-001  0.10192976E+001
  0.81100193E-003 -0.29663476E+001 -0.36442647E-001  0.10289429E+001
  0.81299295E-003 -0.29712516E+001  0.47546861E-001  0.98016076E+000
  0.12099344E-002 -0.29842986E+001  0.30916767E-001  0.95637707E+000
  0.12056371E-002 -0.29771828E+001  0.42747845E-001  0.96978363E+000
  0.12115750E-002 -0.29870086E+001  0.48020090E-001  0.98336284E+000
  0.12099465E-002 -0.29843182E+001  0.43851205E-001  0.10177423E+001
  0.24247227E-002 -0.29883054E+001  0.40014570E-001  0.10237307E+001
  0.12146381E-002 -0.29920570E+001  0.24690456E-002  0.94563949E+000
  0.12137724E-002 -0.29906310E+001  0.55849831E-002  0.10438942E+001
  0.24324675E-002 -0.29946844E+001 -0.17716026E-001  0.94900307E+000
  0.24356122E-002 -0.29972664E+001 -0.31529511E-001  0.95731756E+000
  0.24380466E-002 -0.29992662E+001  0.48901955E-001  0.99933839E+000
  0.24200983E-002 -0.29994696E+001 -0.15176075E-001  0.94821856E+000
  0.24127427E-002 -0.30083628E+001 -0.36169168E-001  0.10276441E+001
  0.24138770E-002 -0.30093024E+001  0.68593488E-002  0.94652136E+000
  0.11883813E-002 -0.30232578E+001 -0.42976230E-001  0.10172288E+001
  0.11879572E-002 -0.30225448E+001 -0.44365793E-001  0.10143943E+001
  0.79049113E-003 -0.30336730E+001  0.80516852E-005  0.10430891E+001
  0.78742997E-003 -0.30259126E+001 -0.76409356E-002  0.10426797E+001
  0.78802785E-003 -0.30274296E+001 -0.62716371E-002  0.94692314E+000
  0.23745481E-002 -0.30362640E+001 -0.17960973E-001  0.95027888E+000
  0.11875984E-002 -0.30368102E+001 -0.15712025E-001  0.94944087E+000
  0.11872873E-002 -0.30362866E+001 -0.27424317E-001  0.95544701E+000
  0.23847926E-002 -0.30448744E+001  0.42398291E-001  0.97278512E+000
  0.79287330E-003 -0.30548986E+001 -0.77548470E-002  0.10418810E+001
  0.79251659E-003 -0.30540004E+001  0.35182750E-001  0.96290737E+000
  0.78924393E-003 -0.30457232E+001  0.30032725E-001  0.10320943E+001
  0.23665641E-002 -0.30599466E+001 -0.43141999E-001  0.10146881E+001
  0.23352902E-002 -0.30636438E+001 -0.42340198E-001  0.10161182E+001
  0.47045459E-003 -0.30781346E+001 -0.21146568E-002  0.94792046E+000
  0.46954983E-003 -0.30742854E+001  0.14886382E-001  0.10395622E+001
  0.46895248E-003 -0.30717400E+001  0.13425795E-001  0.10400988E+001
  0.46719393E-003 -0.30642250E+001  0.43649929E-001  0.97663699E+000
  0.46706453E-003 -0.30636708E+001  0.45862419E-001  0.98308737E+000
  0.11815477E-002 -0.30873154E+001  0.36434457E-001  0.96575690E+000
  0.11814342E-002 -0.30871234E+001  0.36277135E-001  0.96555331E+000
  0.23659844E-002 -0.30897602E+001  0.46353382E-001  0.10004622E+001
  0.59482868E-003 -0.31009974E+001 -0.43892122E-001  0.98007183E+000
  0.59374708E-003 -0.30973562E+001  0.40167962E-001  0.97168194E+000
  0.59221126E-003 -0.30921762E+001 -0.11158021E-001  0.94963510E+000
  0.59476504E-003 -0.31007820E+001  0.21071813E-001  0.95363420E+000
  0.23793234E-002 -0.31010030E+001  0.44093054E-001  0.98067268E+000
  0.78038270E-003 -0.31153484E+001 -0.65248931E-002  0.94937195E+000
  0.77807540E-003 -0.31094262E+001  0.45338286E-001  0.98643729E+000
  0.77926365E-003 -0.31124788E+001  0.30632519E-001  0.96062333E+000
  0.23425361E-002 -0.31165338E+001  0.35541601E-001  0.96592874E+000
  0.46724906E-003 -0.31267210E+001 -0.28819897E-001  0.95958892E+000
  0.46679652E-003 -0.31247824E+001  0.34520079E-001  0.10247894E+001
  0.46535588E-003 -0.31186008E+001  0.36330398E-001  0.96701623E+000
  0.46550714E-003 -0.31192514E+001 -0.45665613E-001  0.99924534E+000
  0.46702530E-003 -0.31257632E+001  0.17647504E-001  0.10370085E+001
  0.23091839E-002 -0.31344274E+001  0.44240749E-001  0.98462895E+000
  0.11485246E-002 -0.31393344E+001  0.11217521E-001  0.95100578E+000
  0.11458471E-002 -0.31346662E+001  0.32228948E-001  0.10268530E+001
  0.11348984E-002 -0.31462342E+001 -0.44536593E-001  0.10020907E+001
  0.11316267E-002 -0.31404594E+001  0.17936755E-001  0.10364377E+001
  0.75816606E-003 -0.31503716E+001  0.29213921E-002  0.10398009E+001
  0.75688508E-003 -0.31469900E+001 -0.33496560E-001  0.10250092E+001
  0.75755295E-003 -0.31487532E+001 -0.32051193E-001  0.10264705E+001
  0.11319504E-002 -0.31564764E+001  0.96166472E-002  0.10386694E+001
  0.11298752E-002 -0.31528048E+001  0.29665908E-001  0.10285690E+001
  0.22657825E-002 -0.31581364E+001 -0.33783779E-001  0.10242094E+001
  0.22747500E-002 -0.31660366E+001 -0.43892626E-001  0.10025203E+001
  0.22602358E-002 -0.31689212E+001  0.89998506E-002  0.95135166E+000
  0.75485708E-003 -0.31727534E+001 -0.24079741E-001  0.10321000E+001
  0.75418254E-003 -0.31709670E+001  0.44376850E-001  0.99655379E+000
  0.75460349E-003 -0.31720816E+001  0.12793933E-001  0.95242123E+000
  0.22650575E-002 -0.31731834E+001 -0.29970143E-001  0.96233119E+000
  0.45826125E-003 -0.31962264E+001 -0.39426572E-001  0.97625110E+000
  0.45551946E-003 -0.31842244E+001  0.43218768E-001  0.98662838E+000
  0.45594557E-003 -0.31860954E+001  0.94559518E-002  0.95195888E+000
  0.45437936E-003 -0.31792126E+001 -0.26161964E-001  0.10304319E+001
  0.45369376E-003 -0.31761932E+001  0.22666588E-001  0.95695536E+000
  0.22946955E-002 -0.31991838E+001 -0.43304852E-001  0.99988327E+000
  0.22960681E-002 -0.32003800E+001 -0.43466424E-001  0.99767639E+000
  0.22993332E-002 -0.32032224E+001 -0.43460515E-001  0.99581157E+000
  0.11515561E-002 -0.32065056E+001 -0.16592586E-001  0.95485825E+000
  0.11509701E-002 -0.32054880E+001  0.16668940E-002  0.95151483E+000
  0.23033375E-002 -0.32067016E+001  0.79154040E-002  0.10375385E+001
  0.23060155E-002 -0.32090248E+001  0.19316087E-001  0.95619564E+000
  0.23068551E-002 -0.32097538E+001  0.42821348E-001  0.10011839E+001
  0.76603544E-003 -0.32191748E+001 -0.42600125E-001  0.10007622E+001
  0.76467770E-003 -0.32156272E+001 -0.38688732E-001  0.10138606E+001
  0.76264941E-003 -0.32103154E+001  0.42678135E-001  0.10019899E+001
  0.11517553E-002 -0.32238724E+001 -0.27406014E-001  0.96204467E+000
  0.11497323E-002 -0.32203576E+001 -0.13390055E-001  0.95409365E+000
  0.23044411E-002 -0.32246808E+001 -0.39066405E-001  0.10124327E+001
  0.23051532E-002 -0.32252994E+001 -0.27441744E-001  0.10277160E+001
  0.23051786E-002 -0.32253216E+001 -0.24867459E-001  0.96012683E+000
  0.75734238E-003 -0.32314382E+001  0.42600038E-001  0.99329232E+000
  0.75669891E-003 -0.32297378E+001 -0.31433762E-001  0.96614156E+000
  0.75655061E-003 -0.32293466E+001 -0.38670092E-001  0.97693428E+000
  0.44788587E-003 -0.32373190E+001 -0.12464041E-001  0.95432833E+000
  0.44768526E-003 -0.32364234E+001 -0.19304840E-001  0.10327185E+001
  0.44686630E-003 -0.32327606E+001 -0.16185098E-002  0.95232512E+000
  0.44704508E-003 -0.32335608E+001  0.17696101E-001  0.95622198E+000
  0.44696015E-003 -0.32331812E+001  0.40479673E-001  0.98180986E+000
  0.22449880E-002 -0.32422766E+001  0.41852870E-001  0.98880522E+000
  0.22474161E-002 -0.32444382E+001 -0.22927573E-001  0.10303434E+001
  0.56405256E-003 -0.32522492E+001  0.95862781E-002  0.95400744E+000
  0.56404241E-003 -0.32522128E+001 -0.32479823E-001  0.96838147E+000
  0.56393186E-003 -0.32518210E+001  0.38626174E-001  0.97848517E+000
  0.56263687E-003 -0.32472246E+001 -0.13397612E-001  0.95494628E+000
  0.22565840E-002 -0.32525812E+001  0.41491557E-001  0.10014113E+001
  0.22571956E-002 -0.32531224E+001  0.40852224E-001  0.98534306E+000
  0.22384422E-002 -0.32545372E+001 -0.19490360E-001  0.10320080E+001
  0.11140190E-002 -0.32633194E+001 -0.33150381E-001  0.96977695E+000
  0.11104054E-002 -0.32568210E+001 -0.32500799E-001  0.96862848E+000
  0.22293279E-002 -0.32644768E+001 -0.38492722E-001  0.10107405E+001
  0.11055049E-002 -0.32662404E+001  0.26185995E-001  0.96269135E+000
  0.11052230E-002 -0.32657306E+001 -0.37982246E-001  0.97806982E+000
  0.73119372E-003 -0.32867762E+001  0.31660747E-001  0.96905203E+000
  0.72410574E-003 -0.32672948E+001 -0.12566013E-001  0.95531599E+000
  0.72823255E-003 -0.32786604E+001 -0.17972528E-001  0.95787331E+000
  0.35597213E-003 -0.33048544E+001 -0.20366270E-001  0.96009090E+000
  0.35349185E-003 -0.32908716E+001 -0.23071877E-001  0.10285419E+001
  0.35530531E-003 -0.33011052E+001 -0.34129841E-001  0.10166630E+001
  0.35569707E-003 -0.33033088E+001  0.46621007E-002  0.95473991E+000
  0.35371816E-003 -0.32921520E+001 -0.26850875E-001  0.96430326E+000
  0.35570774E-003 -0.33033692E+001 -0.21955890E-001  0.96102225E+000
  0.42671632E-003 -0.33203672E+001 -0.39262145E-001  0.98796146E+000
  0.42569087E-003 -0.33155546E+001  0.30130365E-002  0.95497035E+000
  0.42619519E-003 -0.33179242E+001 -0.43165494E-002  0.95516788E+000
  0.42592677E-003 -0.33166642E+001 -0.26837923E-001  0.10245331E+001
  0.42617900E-003 -0.33178464E+001 -0.20569992E-001  0.10291476E+001
  0.21336330E-002 -0.33204160E+001 -0.39768449E-001  0.99192820E+000
  0.10726124E-002 -0.33312520E+001 -0.18860400E-001  0.10296358E+001
  0.10679983E-002 -0.33226308E+001 -0.26667578E-001  0.96542788E+000
  0.20956634E-002 -0.33378398E+001 -0.84726823E-002  0.10333115E+001
  0.20978965E-002 -0.33399690E+001 -0.38664333E-001  0.10017142E+001
  0.20985175E-002 -0.33405624E+001 -0.25236389E-001  0.10249173E+001
  0.70177682E-003 -0.33470442E+001  0.37163444E-001  0.98309347E+000
  0.70017579E-003 -0.33424772E+001 -0.11408849E-001  0.10323817E+001
  0.69977821E-003 -0.33413408E+001 -0.19547675E-001  0.10288776E+001
  0.20877463E-002 -0.33483694E+001  0.37262238E-002  0.10337206E+001
  0.51813843E-003 -0.33518620E+001  0.21735640E-001  0.96274350E+000
  0.51742492E-003 -0.33491058E+001 -0.17158248E-001  0.95996668E+000
  0.51726196E-003 -0.33484764E+001 -0.27920966E-001  0.96779817E+000
  0.51742647E-003 -0.33491120E+001 -0.17749104E-001  0.10295717E+001
  0.20794099E-002 -0.33584664E+001 -0.11919277E-001  0.10316736E+001
  0.20799818E-002 -0.33590168E+001  0.37760154E-001  0.98682551E+000
  0.40611259E-003 -0.33657224E+001 -0.11086944E-001  0.95814230E+000
  0.40548036E-003 -0.33626064E+001 -0.13015501E-001  0.10311530E+001
  0.40571845E-003 -0.33637816E+001 -0.54347727E-002  0.95681416E+000
  0.40596236E-003 -0.33649828E+001 -0.17406213E-001  0.96067611E+000
  0.40609228E-003 -0.33656240E+001 -0.13033638E-001  0.10310407E+001
  0.10086504E-002 -0.33707174E+001 -0.37841583E-001  0.98943534E+000
  0.10066965E-002 -0.33668400E+001 -0.12609664E-001  0.10311491E+001
  0.20218181E-002 -0.33751914E+001 -0.23093557E-001  0.96467429E+000
  0.67628760E-003 -0.33821476E+001 -0.32572584E-001  0.10141895E+001
  0.67570895E-003 -0.33804350E+001  0.58988385E-003  0.95698446E+000
  0.67403257E-003 -0.33754684E+001 -0.37824769E-001  0.99940495E+000
  0.19978032E-002 -0.33879914E+001 -0.12063318E-001  0.95924133E+000
  0.19661752E-002 -0.33924398E+001 -0.36162796E-001  0.10049022E+001
  0.64734827E-003 -0.34037784E+001  0.34860567E-001  0.10076881E+001
  0.64424200E-003 -0.33941590E+001 -0.31778107E-001  0.10147160E+001
  0.64398500E-003 -0.33933612E+001 -0.28232135E-001  0.10195398E+001
  0.19255433E-002 -0.34046492E+001  0.22543676E-001  0.10243537E+001
  0.19256550E-002 -0.34047664E+001 -0.11672540E-001  0.10301227E+001
  0.95460671E-003 -0.34057160E+001 -0.56777154E-002  0.10315458E+001
  0.95439672E-003 -0.34052752E+001 -0.29164304E-001  0.10177806E+001
  0.63972119E-003 -0.34161128E+001 -0.34195488E-001  0.10082450E+001
  0.63711453E-003 -0.34079458E+001  0.36727783E-001  0.99060321E+000
  0.63781829E-003 -0.34101552E+001 -0.13380536E-001  0.96053039E+000
  0.19205626E-002 -0.34175690E+001 -0.34353693E-001  0.10076902E+001
  0.19068853E-002 -0.34217098E+001  0.14433547E-001  0.10284438E+001
  0.18905299E-002 -0.34229148E+001 -0.36466788E-001  0.99455320E+000
  0.94574733E-003 -0.34239352E+001 -0.98927061E-002  0.95985553E+000
  0.94550619E-003 -0.34234246E+001 -0.16486060E-001  0.10274129E+001
  0.18926182E-002 -0.34251216E+001  0.35615467E-001  0.98750799E+000
  0.18942428E-002 -0.34268388E+001  0.96387826E-002  0.10299462E+001
  0.18996282E-002 -0.34325170E+001 -0.38481931E-002  0.10308505E+001
  0.18996282E-002 -0.34325170E+001 -0.38481931E-002  0.10308505E+001
  0.47594268E-003 -0.34325170E+001 -0.38481931E-002  0.10308505E+001
  0.47512050E-003 -0.34325170E+001 -0.38481931E-002  0.10308505E+001
  0.47560837E-003 -0.34325170E+001 -0.38481931E-002  0.10308505E+001
  0.47566673E-003 -0.34325170E+001 -0.38481931E-002  0.10308505E+001
  0.18860941E-002 -0.34325170E+001 -0.38481931E-002  0.10308505E+001
  0.18877463E-002 -0.34325170E+001 -0.38481931E-002  0.10308505E+001
  0.93579418E-003 -0.34325170E+001 -0.38481931E-002  0.10308505E+001
  0.93542815E-003 -0.34325170E+001 -0.38481931E-002  0.10308505E+001
  0.93618974E-003 -0.34325170E+001 -0.38481931E-002  0.10308505E+001
  0.93611319E-003 -0.34325170E+001 -0.38481931E-002  0.10308505E+001
  0.61986287E-003 -0.34325170E+001 -0.38481931E-002  0.10308505E+001
  0.61981209E-003 -0.34325170E+001 -0.38481931E-002  0.10308505E+001
  0.61930824E-003 -0.34325170E+001 -0.38481931E-002  0.10308505E+001
  0.93111343E-003 -0.34325170E+001 -0.38481931E-002  0.10308505E+001
  0.93069861E-003 -0.34325170E+001 -0.38481931E-002  0.10308505E+001
  0.61244313E-003 -0.34325170E+001 -0.38481931E-002  0.10308505E+001
  0.61113548E-003 -0.34325170E+001 -0.38481931E-002  0.10308505E+001
  0.60937704E-003 -0.34325170E+001 -0.38481931E-002  0.10308505E+001
  0.18395492E-002 -0.34325170E+001 -0.38481931E-002  0.10308505E+001
  0.18416104E-002 -0.34325170E+001 -0.38481931E-002  0.10308505E+001
  0.92406298E-003 -0.34325170E+001 -0.38481931E-002  0.10308505E+001
  0.92310713E-003 -0.34325170E+001 -0.38481931E-002  0.10308505E+001
  0.18160661E-002 -0.34325170E+001 -0.38481931E-002  0.10308505E+001
  0.90427576E-003 -0.34325170E+001 -0.38481931E-002  0.10308505E+001
  0.90088936E-003 -0.34325170E+001 -0.38481931E-002  0.10308505E+001
  0.90659834E-003 -0.34325170E+001 -0.38481931E-002  0.10308505E+001
  0.90478290E-003 -0.34325170E+001 -0.38481931E-002  0.10308505E+001
  0.44979481E-003 -0.34325170E+001 -0.38481931E-002  0.10308505E+001
  0.44884216E-003 -0.34325170E+001 -0.38481931E-002  0.10308505E+001
  0.44967583E-003 -0.34325170E+001 -0.38481931E-002  0.10308505E+001
  0.44940442E-003 -0.34325170E+001 -0.38481931E-002  0.10308505E+001
  0.17846433E-002 -0.34325170E+001 -0.38481931E-002  0.10308505E+001
  0.58551028E-003 -0.34325170E+001 -0.38481931E-002  0.10308505E+001
  0.58431270E-003 -0.34325170E+001 -0.38481931E-002  0.10308505E+001
  0.58337075E-003 -0.34325170E+001 -0.38481931E-002  0.10308505E+001
  0.17577616E-002 -0.34325170E+001 -0.38481931E-002  0.10308505E+001
  0.57529212E-003 -0.34325170E+001 -0.38481931E-002  0.10308505E+001
  0.57503254E-003 -0.34325170E+001 -0.38481931E-002  0.10308505E+001
  0.57459476E-003 -0.34325170E+001 -0.38481931E-002  0.10308505E+001
  0.34659064E-003 -0.34325170E+001 -0.38481931E-002  0.10308505E+001
  0.34554602E-003 -0.34325170E+001 -0.38481931E-002  0.10308505E+001
  0.34652481E-003 -0.34325170E+001 -0.38481931E-002  0.10308505E+001
  0.34567178E-003 -0.34325170E+001 -0.38481931E-002  0.10308505E+001
  0.34646654E-003 -0.34325170E+001 -0.38481931E-002  0.10308505E+001
  0.86680195E-003 -0.34325170E+001 -0.38481931E-002  0.10308505E+001
  0.86656467E-003 -0.34325170E+001 -0.38481931E-002  0.10308505E+001
  0.17374070E-002 -0.34325170E+001 -0.38481931E-002  0.10308505E+001
  0.17385235E-002 -0.34325170E+001 -0.38481931E-002  0.10308505E+001
  0.86217460E-003 -0.34325170E+001 -0.38481931E-002  0.10308505E+001
  0.86129405E-003 -0.34325170E+001 -0.38481931E-002  0.10308505E+001
  0.85556309E-003 -0.34325170E+001 -0.38481931E-002  0.10308505E+001
  0.85450565E-003 -0.34325170E+001 -0.38481931E-002  0.10308505E+001
  0.85580942E-003 -0.34325170E+001 -0.38481931E-002  0.10308505E+001
  0.85566035E-003 -0.34325170E+001 -0.38481931E-002  0.10308505E+001
  0.16778618E-002 -0.34325170E+001 -0.38481931E-002  0.10308505E+001
  0.56051295E-003 -0.34325170E+001 -0.38481931E-002  0.10308505E+001
  0.55988310E-003 -0.34325170E+001 -0.38481931E-002  0.10308505E+001
  0.55965576E-003 -0.34325170E+001 -0.38481931E-002  0.10308505E+001
  0.16638952E-002 -0.34325170E+001 -0.38481931E-002  0.10308505E+001
  0.16665610E-002 -0.34325170E+001 -0.38481931E-002  0.10308505E+001
  0.16500150E-002 -0.34325170E+001 -0.38481931E-002  0.10308505E+001
  0.81153090E-003 -0.34325170E+001 -0.38481931E-002  0.10308505E+001
  0.81033729E-003 -0.34325170E+001 -0.38481931E-002  0.10308505E+001
  0.40023429E-003 -0.34325170E+001 -0.38481931E-002  0.10308505E+001
  0.39837473E-003 -0.34325170E+001 -0.38481931E-002  0.10308505E+001
  0.39776538E-003 -0.34325170E+001 -0.38481931E-002  0.10308505E+001
  0.39899851E-003 -0.34325170E+001 -0.38481931E-002  0.10308505E+001
  0.22755480E-003 -0.34325170E+001 -0.38481931E-002  0.10308505E+001
  0.22662000E-003 -0.34325170E+001 -0.38481931E-002  0.10308505E+001
  0.22668299E-003 -0.34325170E+001 -0.38481931E-002  0.10308505E+001
  0.22729350E-003 -0.34325170E+001 -0.38481931E-002  0.10308505E+001
  0.22752600E-003 -0.34325170E+001 -0.38481931E-002  0.10308505E+001
  0.22744605E-003 -0.34325170E+001 -0.38481931E-002  0.10308505E+001
  0.22643670E-003 -0.34325170E+001 -0.38481931E-002  0.10308505E+001
  0.15942835E-002 -0.34325170E+001 -0.38481931E-002  0.10308505E+001
  0.15811483E-002 -0.34325170E+001 -0.38481931E-002  0.10308505E+001
  0.15833139E-002 -0.34325170E+001 -0.38481931E-002  0.10308505E+001
  0.15852720E-002 -0.34325170E+001 -0.38481931E-002  0.10308505E+001
  0.15739346E-002 -0.34325170E+001 -0.38481931E-002  0.10308505E+001
  0.15576781E-002 -0.34325170E+001 -0.38481931E-002  0.10308505E+001
  0.15583823E-002 -0.34325170E+001 -0.38481931E-002  0.10308505E+001
  0.15585858E-002 -0.34325170E+001 -0.38481931E-002  0.10308505E+001
  0.15429539E-002 -0.34325170E+001 -0.38481931E-002  0.10308505E+001
  0.15443091E-002 -0.34325170E+001 -0.38481931E-002  0.10308505E+001
  0.77401593E-003 -0.34325170E+001 -0.38481931E-002  0.10308505E+001
  0.77396840E-003 -0.34325170E+001 -0.38481931E-002  0.10308505E+001
  0.77445135E-003 -0.34325170E+001 -0.38481931E-002  0.10308505E+001
  0.77412286E-003 -0.34325170E+001 -0.38481931E-002  0.10308505E+001
  0.77476973E-003 -0.34325170E+001 -0.38481931E-002  0.10308505E+001
  0.77453489E-003 -0.34325170E+001 -0.38481931E-002  0.10308505E+001
  0.51153541E-003 -0.34325170E+001 -0.38481931E-002  0.10308505E+001
  0.51078398E-003 -0.34325170E+001 -0.38481931E-002  0.10308505E+001
  0.51118816E-003 -0.34325170E+001 -0.38481931E-002  0.10308505E+001
  0.15174687E-002 -0.34325170E+001 -0.38481931E-002  0.10308505E+001
  0.50140535E-003 -0.34325170E+001 -0.38481931E-002  0.10308505E+001
  0.50087505E-003 -0.34325170E+001 -0.38481931E-002  0.10308505E+001
  0.50076038E-003 -0.34325170E+001 -0.38481931E-002  0.10308505E+001
  0.50180019E-003 -0.34325170E+001 -0.38481931E-002  0.10308505E+001
  0.50175828E-003 -0.34325170E+001 -0.38481931E-002  0.10308505E+001
  0.50170483E-003 -0.34325170E+001 -0.38481931E-002  0.10308505E+001
  0.15054383E-002 -0.34325170E+001 -0.38481931E-002  0.10308505E+001
  0.15059646E-002 -0.34325170E+001 -0.38481931E-002  0.10308505E+001
  0.24978360E-003 -0.34325170E+001 -0.38481931E-002  0.10308505E+001
  0.24847738E-003 -0.34325170E+001 -0.38481931E-002  0.10308505E+001
  0.24819177E-003 -0.34325170E+001 -0.38481931E-002  0.10308505E+001
  0.24933460E-003 -0.34325170E+001 -0.38481931E-002  0.10308505E+001
  0.24971735E-003 -0.34325170E+001 -0.38481931E-002  0.10308505E+001
  0.24806679E-003 -0.34325170E+001 -0.38481931E-002  0.10308505E+001
  0.74125275E-003 -0.34325170E+001 -0.38481931E-002  0.10308505E+001
  0.74055477E-003 -0.34325170E+001 -0.38481931E-002  0.10308505E+001
  0.49008467E-003 -0.34325170E+001 -0.38481931E-002  0.10308505E+001
  0.48929660E-003 -0.34325170E+001 -0.38481931E-002  0.10308505E+001
  0.48889693E-003 -0.34325170E+001 -0.38481931E-002  0.10308505E+001
  0.73695230E-003 -0.34325170E+001 -0.38481931E-002  0.10308505E+001
  0.73611045E-003 -0.34325170E+001 -0.38481931E-002  0.10308505E+001
  0.14746123E-002 -0.34325170E+001 -0.38481931E-002  0.10308505E+001
  0.14750727E-002 -0.34325170E+001 -0.38481931E-002  0.10308505E+001
  0.14777518E-002 -0.34325170E+001 -0.38481931E-002  0.10308505E+001
  0.29697393E-003 -0.34325170E+001 -0.38481931E-002  0.10308505E+001
  0.29607348E-003 -0.34325170E+001 -0.38481931E-002  0.10308505E+001
  0.29599903E-003 -0.34325170E+001 -0.38481931E-002  0.10308505E+001
  0.29588332E-003 -0.34325170E+001 -0.38481931E-002  0.10308505E+001
  0.29589977E-003 -0.34325170E+001 -0.38481931E-002  0.10308505E+001
  0.14858265E-002 -0.34325170E+001 -0.38481931E-002  0.10308505E+001
  0.74371991E-003 -0.34325170E+001 -0.38481931E-002  0.10308505E+001
  0.74353877E-003 -0.34325170E+001 -0.38481931E-002  0.10308505E+001
  0.14877931E-002 -0.34325170E+001 -0.38481931E-002  0.10308505E+001
  0.74578968E-003 -0.34325170E+001 -0.38481931E-002  0.10308505E+001
  0.74448562E-003 -0.34325170E+001 -0.38481931E-002  0.10308505E+001
  0.49818227E-003 -0.34325170E+001 -0.38481931E-002  0.10308505E+001
  0.49815735E-003 -0.34325170E+001 -0.38481931E-002  0.10308505E+001
  0.49760313E-003 -0.34325170E+001 -0.38481931E-002  0.10308505E+001
  0.74770483E-003 -0.34325170E+001 -0.38481931E-002  0.10308505E+001
  0.74737366E-003 -0.34325170E+001 -0.38481931E-002  0.10308505E+001
  0.15004295E-002 -0.34325170E+001 -0.38481931E-002  0.10308505E+001
  0.74121088E-003 -0.34325170E+001 -0.38481931E-002  0.10308505E+001
  0.74072862E-003 -0.34325170E+001 -0.38481931E-002  0.10308505E+001
  0.14858475E-002 -0.34325170E+001 -0.38481931E-002  0.10308505E+001
  0.14866767E-002 -0.34325170E+001 -0.38481931E-002  0.10308505E+001
  0.14894513E-002 -0.34325170E+001 -0.38481931E-002  0.10308505E+001
  0.14897083E-002 -0.34325170E+001 -0.38481931E-002  0.10308505E+001
  0.37334538E-003 -0.34325170E+001 -0.38481931E-002  0.10308505E+001
  0.37282820E-003 -0.34325170E+001 -0.38481931E-002  0.10308505E+001
  0.37324552E-003 -0.34325170E+001 -0.38481931E-002  0.10308505E+001
  0.37302052E-003 -0.34325170E+001 -0.38481931E-002  0.10308505E+001
  0.14942629E-002 -0.34325170E+001 -0.38481931E-002  0.10308505E+001
  0.49981837E-003 -0.34325170E+001 -0.38481931E-002  0.10308505E+001
  0.49928102E-003 -0.34325170E+001 -0.38481931E-002  0.10308505E+001
  0.49842170E-003 -0.34325170E+001 -0.38481931E-002  0.10308505E+001
  0.15036148E-002 -0.34325170E+001 -0.38481931E-002  0.10308505E+001
  0.15083671E-002 -0.34325170E+001 -0.38481931E-002  0.10308505E+001
  0.29816300E-003 -0.34325170E+001 -0.38481931E-002  0.10308505E+001
  0.29763540E-003 -0.34325170E+001 -0.38481931E-002  0.10308505E+001
  0.29797782E-003 -0.34325170E+001 -0.38481931E-002  0.10308505E+001
  0.29743375E-003 -0.34325170E+001 -0.38481931E-002  0.10308505E+001
  0.29721088E-003 -0.34325170E+001 -0.38481931E-002  0.10308505E+001
  0.37420044E-003 -0.34325170E+001 -0.38481931E-002  0.10308505E+001
  0.37289859E-003 -0.34325170E+001 -0.38481931E-002  0.10308505E+001
  0.37358136E-003 -0.34325170E+001 -0.38481931E-002  0.10308505E+001
  0.37336826E-003 -0.34325170E+001 -0.38481931E-002  0.10308505E+001
  0.49936537E-003 -0.34325170E+001 -0.38481931E-002  0.10308505E+001
  0.49896161E-003 -0.34325170E+001 -0.38481931E-002  0.10308505E+001
  0.49916551E-003 -0.34325170E+001 -0.38481931E-002  0.10308505E+001
  0.36403740E-003 -0.34325170E+001 -0.38481931E-002  0.10308505E+001
  0.36302095E-003 -0.34325170E+001 -0.38481931E-002  0.10308505E+001
  0.36343206E-003 -0.34325170E+001 -0.38481931E-002  0.10308505E+001
  0.36368973E-003 -0.34325170E+001 -0.38481931E-002  0.10308505E+001
  0.36523196E-003 -0.34325170E+001 -0.38481931E-002  0.10308505E+001
  0.36488382E-003 -0.34325170E+001 -0.38481931E-002  0.10308505E+001
  0.36426022E-003 -0.34325170E+001 -0.38481931E-002  0.10308505E+001
  0.36510455E-003 -0.34325170E+001 -0.38481931E-002  0.10308505E+001
  0.14373406E-002 -0.34325170E+001 -0.38481931E-002  0.10308505E+001
  0.28834047E-003 -0.34325170E+001 -0.38481931E-002  0.10308505E+001
  0.28766743E-003 -0.34325170E+001 -0.38481931E-002  0.10308505E+001
  0.28786610E-003 -0.34325170E+001 -0.38481931E-002  0.10308505E+001
  0.28774549E-003 -0.34325170E+001 -0.38481931E-002  0.10308505E+001
  0.28808489E-003 -0.34325170E+001 -0.38481931E-002  0.10308505E+001
  0.14428379E-002 -0.34325170E+001 -0.38481931E-002  0.10308505E+001
  0.14199690E-002 -0.34325170E+001 -0.38481931E-002  0.10308505E+001
  0.14205401E-002 -0.34325170E+001 -0.38481931E-002  0.10308505E+001
  0.71101448E-003 -0.34325170E+001 -0.38481931E-002  0.10308505E+001
  0.71088713E-003 -0.34325170E+001 -0.38481931E-002  0.10308505E+001
  0.28536258E-003 -0.34325170E+001 -0.38481931E-002  0.10308505E+001
  0.28501283E-003 -0.34325170E+001 -0.38481931E-002  0.10308505E+001
  0.28458194E-003 -0.34325170E+001 -0.38481931E-002  0.10308505E+001
  0.28483677E-003 -0.34325170E+001 -0.38481931E-002  0.10308505E+001
  0.28471749E-003 -0.34325170E+001 -0.38481931E-002  0.10308505E+001
  0.71404278E-003 -0.34325170E+001 -0.38481931E-002  0.10308505E+001
  0.71372590E-003 -0.34325170E+001 -0.38481931E-002  0.10308505E+001
  0.14292018E-002 -0.34325170E+001 -0.38481931E-002  0.10308505E+001
  0.71526348E-003 -0.34325170E+001 -0.38481931E-002  0.10308505E+001
  0.71513908E-003 -0.34325170E+001 -0.38481931E-002  0.10308505E+001
  0.46833519E-003 -0.34325170E+001 -0.38481931E-002  0.10308505E+001
  0.46784776E-003 -0.34325170E+001 -0.38481931E-002  0.10308505E+001
  0.46808057E-003 -0.34325170E+001 -0.38481931E-002  0.10308505E+001
  0.14072706E-002 -0.34325170E+001 -0.38481931E-002  0.10308505E+001
  0.13802832E-002 -0.34325170E+001 -0.38481931E-002  0.10308505E+001
  0.13816448E-002 -0.34325170E+001 -0.38481931E-002  0.10308505E+001
  0.69361575E-003 -0.34325170E+001 -0.38481931E-002  0.10308505E+001
  0.69248495E-003 -0.34325170E+001 -0.38481931E-002  0.10308505E+001
  0.13897430E-002 -0.34325170E+001 -0.38481931E-002  0.10308505E+001
  0.13904315E-002 -0.34325170E+001 -0.38481931E-002  0.10308505E+001
  0.69535707E-003 -0.34325170E+001 -0.38481931E-002  0.10308505E+001
  0.69532483E-003 -0.34325170E+001 -0.38481931E-002  0.10308505E+001
  0.69584942E-003 -0.34325170E+001 -0.38481931E-002  0.10308505E+001
  0.69544530E-003 -0.34325170E+001 -0.38481931E-002  0.10308505E+001
  0.46578047E-003 -0.34325170E+001 -0.38481931E-002  0.10308505E+001
  0.46431009E-003 -0.34325170E+001 -0.38481931E-002  0.10308505E+001
  0.46407136E-003 -0.34325170E+001 -0.38481931E-002  0.10308505E+001
  0.69980053E-003 -0.34325170E+001 -0.38481931E-002  0.10308505E+001
  0.69877870E-003 -0.34325170E+001 -0.38481931E-002  0.10308505E+001
  0.14010419E-002 -0.34325170E+001 -0.38481931E-002  0.10308505E+001
  0.70118329E-003 -0.34325170E+001 -0.38481931E-002  0.10308505E+001
  0.70096915E-003 -0.34325170E+001 -0.38481931E-002  0.10308505E+001
  0.14038324E-002 -0.34325170E+001 -0.38481931E-002  0.10308505E+001
  0.14043412E-002 -0.34325170E+001 -0.38481931E-002  0.10308505E+001
  0.14049259E-002 -0.34325170E+001 -0.38481931E-002  0.10308505E+001
  0.70317071E-003 -0.34325170E+001 -0.38481931E-002  0.10308505E+001
  0.70279686E-003 -0.34325170E+001 -0.38481931E-002  0.10308505E+001
  0.14067925E-002 -0.34325170E+001 -0.38481931E-002  0.10308505E+001
  0.35224451E-003 -0.34325170E+001 -0.38481931E-002  0.10308505E+001
  0.35221115E-003 -0.34325170E+001 -0.38481931E-002  0.10308505E+001
  0.35183599E-003 -0.34325170E+001 -0.38481931E-002  0.10308505E+001
  0.35221865E-003 -0.34325170E+001 -0.38481931E-002  0.10308505E+001
  0.70484792E-003 -0.34325170E+001 -0.38481931E-002  0.10308505E+001
  0.70460968E-003 -0.34325170E+001 -0.38481931E-002  0.10308505E+001
  0.45802267E-003 -0.34325170E+001 -0.38481931E-002  0.10308505E+001
  0.45739913E-003 -0.34325170E+001 -0.38481931E-002  0.10308505E+001
  0.45693269E-003 -0.34325170E+001 -0.38481931E-002  0.10308505E+001
  0.13750263E-002 -0.34325170E+001 -0.38481931E-002  0.10308505E+001
  0.45935317E-003 -0.34325170E+001 -0.38481931E-002  0.10308505E+001
  0.45927400E-003 -0.34325170E+001 -0.38481931E-002  0.10308505E+001
  0.45890060E-003 -0.34325170E+001 -0.38481931E-002  0.10308505E+001
  0.69010954E-003 -0.34325170E+001 -0.38481931E-002  0.10308505E+001
  0.68960016E-003 -0.34325170E+001 -0.38481931E-002  0.10308505E+001
  0.13809532E-002 -0.34325170E+001 -0.38481931E-002  0.10308505E+001
  0.13813722E-002 -0.34325170E+001 -0.38481931E-002  0.10308505E+001
  0.69113959E-003 -0.34325170E+001 -0.38481931E-002  0.10308505E+001
  0.69082418E-003 -0.34325170E+001 -0.38481931E-002  0.10308505E+001
  0.34629912E-003 -0.34325170E+001 -0.38481931E-002  0.10308505E+001
  0.34590257E-003 -0.34325170E+001 -0.38481931E-002  0.10308505E+001
  0.34590720E-003 -0.34325170E+001 -0.38481931E-002  0.10308505E+001
  0.34590830E-003 -0.34325170E+001 -0.38481931E-002  0.10308505E+001
  0.43046532E-003 -0.34325170E+001 -0.38481931E-002  0.10308505E+001
  0.42990634E-003 -0.34325170E+001 -0.38481931E-002  0.10308505E+001
  0.43038464E-003 -0.34325170E+001 -0.38481931E-002  0.10308505E+001
  0.18617936E-003 -0.34325170E+001 -0.38481931E-002  0.10308505E+001
  0.18612502E-003 -0.34325170E+001 -0.38481931E-002  0.10308505E+001
  0.18569057E-003 -0.34325170E+001 -0.38481931E-002  0.10308505E+001
  0.18469746E-003 -0.34325170E+001 -0.38481931E-002  0.10308505E+001
  0.18571947E-003 -0.34325170E+001 -0.38481931E-002  0.10308505E+001
  0.18462615E-003 -0.34325170E+001 -0.38481931E-002  0.10308505E+001
  0.18481139E-003 -0.34325170E+001 -0.38481931E-002  0.10308505E+001
  0.65171174E-003 -0.34325170E+001 -0.38481931E-002  0.10308505E+001
  0.65164123E-003 -0.34325170E+001 -0.38481931E-002  0.10308505E+001
  0.13034565E-002 -0.34325170E+001 -0.38481931E-002  0.10308505E+001
  0.65256766E-003 -0.34325170E+001 -0.38481931E-002  0.10308505E+001
  0.65236730E-003 -0.34325170E+001 -0.38481931E-002  0.10308505E+001
  0.13070964E-002 -0.34325170E+001 -0.38481931E-002  0.10308505E+001
  0.43631929E-003 -0.34325170E+001 -0.38481931E-002  0.10308505E+001
  0.43583394E-003 -0.34325170E+001 -0.38481931E-002  0.10308505E+001
  0.43626581E-003 -0.34325170E+001 -0.38481931E-002  0.10308505E+001
  0.65515546E-003 -0.34325170E+001 -0.38481931E-002  0.10308505E+001
  0.65486327E-003 -0.34325170E+001 -0.38481931E-002  0.10308505E+001
  0.13103542E-002 -0.34325170E+001 -0.38481931E-002  0.10308505E+001
  0.13110321E-002 -0.34325170E+001 -0.38481931E-002  0.10308505E+001
  0.65559932E-003 -0.34325170E+001 -0.38481931E-002  0.10308505E+001
  0.65556669E-003 -0.34325170E+001 -0.38481931E-002  0.10308505E+001
  0.13112837E-002 -0.34325170E+001 -0.38481931E-002  0.10308505E+001
  0.32899263E-003 -0.34325170E+001 -0.38481931E-002  0.10308505E+001
  0.32893367E-003 -0.34325170E+001 -0.38481931E-002  0.10308505E+001
  0.32818065E-003 -0.34325170E+001 -0.38481931E-002  0.10308505E+001
  0.32833753E-003 -0.34325170E+001 -0.38481931E-002  0.10308505E+001
  0.32993400E-003 -0.34325170E+001 -0.38481931E-002  0.10308505E+001
  0.32937255E-003 -0.34325170E+001 -0.38481931E-002  0.10308505E+001
  0.32965394E-003 -0.34325170E+001 -0.38481931E-002  0.10308505E+001
  0.32970167E-003 -0.34325170E+001 -0.38481931E-002  0.10308505E+001
  0.13217176E-002 -0.34325170E+001 -0.38481931E-002  0.10308505E+001
  0.13228408E-002 -0.34325170E+001 -0.38481931E-002  0.10308505E+001
  0.66256781E-003 -0.34325170E+001 -0.38481931E-002  0.10308505E+001
  0.66145947E-003 -0.34325170E+001 -0.38481931E-002  0.10308505E+001
  0.13257533E-002 -0.34325170E+001 -0.38481931E-002  0.10308505E+001
  0.66356790E-003 -0.34325170E+001 -0.38481931E-002  0.10308505E+001
  0.66294381E-003 -0.34325170E+001 -0.38481931E-002  0.10308505E+001
  0.33281825E-003 -0.34325170E+001 -0.38481931E-002  0.10308505E+001
  0.33183940E-003 -0.34325170E+001 -0.38481931E-002  0.10308505E+001
  0.33271944E-003 -0.34325170E+001 -0.38481931E-002  0.10308505E+001
  0.33189220E-003 -0.34325170E+001 -0.38481931E-002  0.10308505E+001
  0.36378264E-003 -0.34325170E+001 -0.38481931E-002  0.10308505E+001
  0.36357006E-003 -0.34325170E+001 -0.38481931E-002  0.10308505E+001
  0.36367767E-003 -0.34325170E+001 -0.38481931E-002  0.10308505E+001
  0.10913659E-002 -0.34325170E+001 -0.38481931E-002  0.10308505E+001
  0.36413790E-003 -0.34325170E+001 -0.38481931E-002  0.10308505E+001
  0.36400764E-003 -0.34325170E+001 -0.38481931E-002  0.10308505E+001
  0.36386896E-003 -0.34325170E+001 -0.38481931E-002  0.10308505E+001
  0.10925940E-002 -0.34325170E+001 -0.38481931E-002  0.10308505E+001
  0.54648634E-003 -0.34325170E+001 -0.38481931E-002  0.10308505E+001
  0.54644180E-003 -0.34325170E+001 -0.38481931E-002  0.10308505E+001
  0.10930809E-002 -0.34325170E+001 -0.38481931E-002  0.10308505E+001
  0.54701362E-003 -0.34325170E+001 -0.38481931E-002  0.10308505E+001
  0.54690942E-003 -0.34325170E+001 -0.38481931E-002  0.10308505E+001
  0.10957412E-002 -0.34325170E+001 -0.38481931E-002  0.10308505E+001
  0.54797256E-003 -0.34325170E+001 -0.38481931E-002  0.10308505E+001
  0.54789322E-003 -0.34325170E+001 -0.38481931E-002  0.10308505E+001
  0.18299720E-003 -0.34325170E+001 -0.38481931E-002  0.10308505E+001
  0.18288033E-003 -0.34325170E+001 -0.38481931E-002  0.10308505E+001
  0.18290651E-003 -0.34325170E+001 -0.38481931E-002  0.10308505E+001
  0.18278949E-003 -0.34325170E+001 -0.38481931E-002  0.10308505E+001
  0.18279055E-003 -0.34325170E+001 -0.38481931E-002  0.10308505E+001
  0.18299679E-003 -0.34325170E+001 -0.38481931E-002  0.10308505E+001
