  0.49772189E-004  0.13664808E+002 -0.18915914E+001 -0.19977153E+001
  0.48553650E-004  0.13714382E+002 -0.95001260E+000 -0.18318891E+001
  0.50390082E-004  0.13640132E+002 -0.10708935E+001 -0.79799627E+000
  0.50158670E-004  0.13649337E+002 -0.18918056E+001 -0.19976901E+001
  0.10369515E-003  0.13583104E+002 -0.82438784E+000 -0.11114052E+001
  0.30452661E-004  0.13225679E+002 -0.11504814E+001 -0.19640304E+001
  0.30198806E-004  0.13242422E+002 -0.82875698E+000 -0.11129375E+001
  0.25588330E-004  0.13573755E+002 -0.97050258E+000 -0.78152603E+000
  0.25791975E-004  0.13557901E+002 -0.19552386E+001  0.17573600E+000
  0.13422847E-003  0.12961345E+002 -0.18665056E+001 -0.11825636E+000
  0.71151711E-004  0.12844510E+002 -0.19041047E+001 -0.11208839E+001
  0.70390927E-004  0.12866010E+002 -0.19133024E+001 -0.15290265E+000
  0.14809062E-003  0.12764785E+002 -0.89995248E+000 -0.11713672E+001
  0.36331727E-004  0.12149093E+002 -0.79565253E+000 -0.10301331E+001
  0.31967552E-004  0.12405034E+002 -0.19551141E+001 -0.19188443E+001
  0.31699705E-004  0.12421861E+002 -0.99513245E+000 -0.78919259E+000
  0.26837103E-004  0.12754905E+002 -0.10227907E+001 -0.18365658E+001
  0.34156448E-004  0.12272574E+002 -0.11437476E+001 -0.19964569E+001
  0.18127793E-003  0.12120230E+002 -0.11358834E+001 -0.86118094E+000
  0.18395357E-003  0.12090926E+002 -0.19519123E+001 -0.85190170E+000
  0.90945587E-004  0.12046804E+002 -0.18512825E+001  0.88311210E-001
  0.90815173E-004  0.12049674E+002 -0.11342396E+001 -0.86019312E+000
  0.97376351E-004  0.11910159E+002 -0.11401559E+001 -0.19974010E+001
  0.96615519E-004  0.11925847E+002 -0.93991273E+000 -0.11835249E+001
  0.10358913E-003  0.11752848E+002 -0.11060331E+001 -0.83735704E+000
  0.10313073E-003  0.11761716E+002 -0.19580367E+001  0.16005931E+000
  0.10395960E-003  0.11646512E+002 -0.18342173E+001  0.49179954E-001
  0.10206424E-003  0.11683313E+002 -0.11087692E+001 -0.11479385E+001
  0.21155317E-003  0.11547337E+002 -0.19843854E+001 -0.19265838E+001
  0.22337755E-003  0.11406562E+002 -0.10121242E+001 -0.11880902E+001
  0.12321310E-003  0.11210164E+002 -0.11806286E+001 -0.94940922E+000
  0.11706395E-003  0.11312555E+002 -0.81526811E+000 -0.10646669E+001
  0.25896926E-003  0.11110871E+002 -0.18624662E+001  0.89521054E-001
  0.61219537E-004  0.10678900E+002 -0.19400684E+001 -0.14403864E+000
  0.54587743E-004  0.10908215E+002 -0.11738579E+001 -0.93709950E+000
  0.51277414E-004  0.11033333E+002 -0.10444871E+001 -0.11778334E+001
  0.53783158E-004  0.10937913E+002 -0.18334304E+001  0.20331962E-001
  0.50355627E-004  0.11069613E+002 -0.11815076E+001 -0.10329059E+001
  0.16407282E-003  0.10507794E+002 -0.10234844E+001 -0.18604149E+001
  0.16378284E-003  0.10511332E+002 -0.95299201E+000 -0.11757338E+001
  0.16611202E-003  0.10483090E+002 -0.19914223E+001 -0.19541795E+001
  0.16577847E-003  0.10487109E+002 -0.19913708E+001 -0.19540333E+001
  0.33780790E-003  0.10449753E+002 -0.96027378E+000 -0.18627828E+001
  0.12423555E-003  0.10155545E+002 -0.18903342E+001 -0.10732374E+001
  0.12092365E-003  0.10209586E+002 -0.92658831E+000 -0.11632836E+001
  0.12170443E-003  0.10196714E+002 -0.19875614E+001 -0.19666382E+001
  0.37728557E-003  0.10131123E+002 -0.11017035E+001 -0.84993719E+000
  0.10658528E-003  0.98541282E+001 -0.96149023E+000 -0.81521999E+000
  0.97105244E-004  0.10040427E+002 -0.10384125E+001 -0.18707204E+001
  0.10368800E-003  0.99092460E+001 -0.81204512E+000 -0.10137183E+001
  0.10019972E-003  0.99776870E+001 -0.19221633E+001 -0.88989472E+000
  0.12372488E-003  0.94598802E+001 -0.10759724E+001 -0.11496019E+001
  0.10377098E-003  0.98116284E+001 -0.93516407E+000 -0.18816061E+001
  0.10709779E-003  0.97485150E+001 -0.94831886E+000 -0.11677284E+001
  0.11332767E-003  0.96354340E+001 -0.11631282E+001 -0.10515289E+001
  0.50473593E-003  0.93890214E+001 -0.11704955E+001 -0.10161275E+001
  0.51361522E-003  0.93541438E+001 -0.18635366E+001  0.60491292E-001
  0.58595698E-003  0.90271022E+001 -0.19322871E+001 -0.12303859E+000
  0.30900745E-003  0.89205704E+001 -0.19997821E+001  0.13553024E+000
  0.30420243E-003  0.89519142E+001 -0.18955343E+001  0.96006391E-001
  0.31323490E-003  0.88298966E+001 -0.93138996E+000 -0.18975578E+001
  0.30733624E-003  0.88679190E+001 -0.10341866E+001 -0.18836410E+001
  0.31072752E-003  0.88144730E+001 -0.11068678E+001 -0.19914298E+001
  0.30980850E-003  0.88203984E+001 -0.18771015E+001 -0.10061119E+001
  0.32162503E-003  0.87455342E+001 -0.10182335E+001 -0.18801318E+001
  0.31941889E-003  0.87592986E+001 -0.10185943E+001 -0.18800418E+001
  0.64966015E-003  0.87257018E+001 -0.82144617E+000 -0.99819836E+000
  0.65052087E-003  0.86905322E+001 -0.18554416E+001 -0.10699219E-001
  0.22987033E-003  0.85738242E+001 -0.84042746E+000 -0.10640326E+001
  0.22712224E-003  0.85978774E+001 -0.11039608E+001 -0.19973313E+001
  0.22823878E-003  0.85880700E+001 -0.19745457E+001 -0.11029513E+001
  0.75035046E-003  0.83719396E+001 -0.11511430E+001 -0.10526186E+001
  0.88283858E-003  0.80136782E+001 -0.11037296E+001 -0.87468606E+000
  0.45879449E-003  0.79364634E+001 -0.19369420E+001  0.11255706E+000
  0.45489079E-003  0.79535534E+001 -0.96676213E+000 -0.18920292E+001
  0.46048550E-003  0.79291058E+001 -0.18647008E+001  0.16745160E-001
  0.45978380E-003  0.79321548E+001 -0.92680885E+000 -0.11421966E+001
  0.34116846E-003  0.77179848E+001 -0.10902259E+001 -0.19679164E+001
  0.33315484E-003  0.77655224E+001 -0.84677810E+000 -0.10608621E+001
  0.32912624E-003  0.77898546E+001 -0.10252275E+001 -0.18950539E+001
  0.10982183E-002  0.75770740E+001 -0.93964306E+000 -0.11446583E+001
  0.55912574E-003  0.75409194E+001 -0.19340781E+001 -0.10719388E+001
  0.55297532E-003  0.75630420E+001 -0.10736585E+001 -0.19359930E+001
  0.39032369E-003  0.74127476E+001 -0.10730565E+001 -0.19388157E+001
  0.36856879E-003  0.75274452E+001 -0.18970959E+001 -0.75690938E-001
  0.38638311E-003  0.74330416E+001 -0.18959876E+001  0.72691582E-001
  0.11804953E-002  0.73965466E+001 -0.19379507E+001 -0.91730039E+000
  0.67244033E-003  0.71358040E+001 -0.18935291E+001  0.63771847E-001
  0.62737182E-003  0.72745520E+001 -0.18715655E+001 -0.10164536E-001
  0.13568829E-002  0.71180352E+001 -0.18959361E+001 -0.66746219E-001
  0.71608393E-003  0.69719402E+001 -0.90627356E+000 -0.86914309E+000
  0.70289771E-003  0.70091128E+001 -0.83818524E+000 -0.98113758E+000
  0.73406559E-003  0.69223374E+001 -0.10497499E+001 -0.11383832E+001
  0.72002172E-003  0.69609718E+001 -0.19101779E+001 -0.10308622E+001
  0.15338580E-002  0.67578140E+001 -0.19204570E+001 -0.86141929E-001
  0.15835166E-002  0.66940906E+001 -0.19574267E+001 -0.10711132E+001
  0.16073649E-002  0.66641946E+001 -0.97198419E+000 -0.19100965E+001
  0.16130408E-002  0.66175394E+001 -0.10123063E+001 -0.19093845E+001
  0.16977352E-002  0.64755850E+001 -0.98961258E+000 -0.11454682E+001
  0.17726899E-002  0.63495738E+001 -0.10933696E+001 -0.88514345E+000
  0.65527132E-003  0.60643160E+001 -0.19124890E+001  0.66694900E-001
  0.62036957E-003  0.61737836E+001 -0.93245296E+000 -0.19495236E+001
  0.63487706E-003  0.61275514E+001 -0.19292596E+001 -0.95311373E+000
  0.20035169E-002  0.60263198E+001 -0.10653838E+001 -0.19765332E+001
  0.20336986E-002  0.59964162E+001 -0.19993126E+001 -0.10654900E+001
  0.22015598E-002  0.58377958E+001 -0.19270506E+001  0.76614701E-001
  0.25088114E-002  0.55765112E+001 -0.18933349E+001 -0.69793810E-002
  0.26120415E-002  0.54537578E+001 -0.10053619E+001 -0.11350906E+001
  0.13259658E-002  0.54234448E+001 -0.10216699E+001 -0.19360620E+001
  0.13191005E-002  0.54338272E+001 -0.99841906E+000 -0.11352752E+001
  0.13191005E-002  0.54338272E+001 -0.99841906E+000 -0.11352752E+001
  0.14299924E-002  0.52293766E+001 -0.19988518E+001 -0.93989120E+000
  0.13261289E-002  0.53801864E+001 -0.19333197E+001  0.73629898E-001
  0.14547079E-002  0.51520930E+001 -0.11319156E+001 -0.10064564E+001
  0.14034986E-002  0.52237670E+001 -0.19249631E+001  0.63299177E-001
  0.15375805E-002  0.50412826E+001 -0.95063392E+000 -0.19643131E+001
  0.15082576E-002  0.50797930E+001 -0.86572562E+000 -0.94915929E+000
  0.10249872E-002  0.49123350E+001 -0.90286370E+000 -0.89760886E+000
  0.10083911E-002  0.49449828E+001 -0.10602892E+001 -0.11119149E+001
  0.10081703E-002  0.49454216E+001 -0.19649402E+001 -0.83095800E-001
  0.32008010E-002  0.48321180E+001 -0.19404071E+001  0.68896027E-001
  0.17393946E-002  0.46225388E+001 -0.10077049E+001 -0.19525764E+001
  0.16614241E-002  0.47142636E+001 -0.92797271E+000 -0.88063857E+000
  0.35394102E-002  0.45879876E+001 -0.94175568E+000 -0.87454449E+000
  0.35236878E-002  0.45529344E+001 -0.11238413E+001 -0.10185122E+001
  0.17679543E-002  0.45460086E+001 -0.86330715E+000 -0.98169454E+000
  0.17679154E-002  0.45460524E+001 -0.10484611E+001 -0.87527373E+000
  0.12452622E-002  0.43910874E+001 -0.86547681E+000 -0.10117960E+001
  0.12114756E-002  0.44461016E+001 -0.19191888E+001  0.35378018E-001
  0.11740204E-002  0.45089110E+001 -0.10060954E+001 -0.19561237E+001
  0.38154213E-002  0.43039560E+001 -0.10185168E+001 -0.11211321E+001
  0.82208712E-003  0.40660974E+001 -0.96732376E+000 -0.87125285E+000
  0.77123597E-003  0.41938012E+001 -0.11106259E+001 -0.10461820E+001
  0.74197265E-003  0.42711656E+001 -0.87623607E+000 -0.10436366E+001
  0.73916737E-003  0.42787408E+001 -0.19262059E+001  0.41664270E-001
  0.76049564E-003  0.42218496E+001 -0.99378323E+000 -0.19668294E+001
  0.14291946E-002  0.39817088E+001 -0.87997637E+000 -0.10442404E+001
  0.13729176E-002  0.40620544E+001 -0.19900000E+001 -0.72332249E-001
  0.13893987E-002  0.40381880E+001 -0.98774258E+000 -0.19938776E+001
  0.43180638E-002  0.39225954E+001 -0.90178990E+000 -0.10758888E+001
  0.15269833E-002  0.36724802E+001 -0.94293978E+000 -0.11040370E+001
  0.14580692E-002  0.37648432E+001 -0.10341734E+001 -0.11106004E+001
  0.14089829E-002  0.38333324E+001 -0.98179197E+000 -0.11175901E+001
  0.22992641E-002  0.36648208E+001 -0.10588861E+001 -0.10969925E+001
  0.22914369E-002  0.36716398E+001 -0.10701339E+001 -0.90043868E+000
  0.46471824E-002  0.36437702E+001 -0.87493267E+000 -0.97262220E+000
  0.47428162E-002  0.36030310E+001 -0.10086595E+001 -0.11149163E+001
  0.16910575E-002  0.33774352E+001 -0.19911087E+001 -0.58779452E-001
  0.16287178E-002  0.34525572E+001 -0.92656018E+000 -0.89799158E+000
  0.15445245E-002  0.35587118E+001 -0.91454667E+000 -0.10830834E+001
  0.50738206E-002  0.33771806E+001 -0.10310534E+001 -0.88194810E+000
  0.51449111E-002  0.33033726E+001 -0.92869049E+000 -0.10907356E+001
  0.50695198E-002  0.32869184E+001 -0.11074152E+001 -0.10266485E+001
  0.51525828E-002  0.32544148E+001 -0.19336147E+001 -0.71661263E-003
  0.17663462E-002  0.31983596E+001 -0.11012034E+001 -0.10403032E+001
  0.17175435E-002  0.32543966E+001 -0.10054521E+001 -0.87771975E+000
  0.17309633E-002  0.32388306E+001 -0.19705268E+001 -0.52141349E-001
  0.18507503E-002  0.30097474E+001 -0.97535460E+000 -0.11070360E+001
  0.16842361E-002  0.31983048E+001 -0.10745137E+001 -0.91149456E+000
  0.17904842E-002  0.30759576E+001 -0.94360324E+000 -0.89241504E+000
  0.56075960E-002  0.29899096E+001 -0.19679614E+001 -0.44439865E-001
  0.28086504E-002  0.29382556E+001 -0.94286306E+000 -0.89466629E+000
  0.27515960E-002  0.29793024E+001 -0.19458244E+001 -0.22331530E-001
  0.31763511E-002  0.26921996E+001 -0.19829109E+001 -0.40627747E-001
  0.29203226E-002  0.28602766E+001 -0.19916447E+001 -0.46107895E-001
  0.32735568E-002  0.26319102E+001 -0.19754161E+001  0.36541663E-001
  0.32654680E-002  0.26368594E+001 -0.19876763E+001 -0.39420959E-001
  0.33375236E-002  0.25932070E+001 -0.10991644E+001 -0.96445869E+000
  0.33326344E-002  0.25961386E+001 -0.10104339E+001 -0.88645013E+000
  0.67079011E-002  0.25833864E+001 -0.19839368E+001  0.37242833E-001
  0.67142431E-002  0.25814964E+001 -0.10633512E+001 -0.91118368E+000
  0.67527518E-002  0.25152602E+001 -0.10171749E+001 -0.11003602E+001
  0.34451040E-002  0.24749586E+001 -0.95151526E+000 -0.89660949E+000
  0.33989280E-002  0.25019476E+001 -0.19882400E+001 -0.34829836E-001
  0.65437873E-002  0.24136528E+001 -0.19919945E+001 -0.31423420E-001
  0.22446152E-002  0.23563924E+001 -0.10630011E+001 -0.91452865E+000
  0.22133033E-002  0.23844878E+001 -0.19886614E+001  0.30269659E-001
  0.22366945E-002  0.23634632E+001 -0.19747911E+001 -0.25215858E-001
  0.68099999E-002  0.23339004E+001 -0.19643795E+001 -0.11857573E-001
  0.17130443E-002  0.22652100E+001 -0.19977328E+001 -0.23545139E-001
  0.16775461E-002  0.23070898E+001 -0.10632375E+001 -0.91555357E+000
  0.17016734E-002  0.22785314E+001 -0.19952925E+001 -0.24907470E-001
  0.16878493E-002  0.22948448E+001 -0.19952898E+001  0.25723511E-001
  0.34672234E-002  0.22413414E+001 -0.10235382E+001 -0.89409041E+000
  0.34530162E-002  0.22495530E+001 -0.10538726E+001 -0.10803844E+001
  0.17407971E-002  0.20639542E+001 -0.19795373E+001 -0.19287071E-004
  0.17054382E-002  0.21049960E+001 -0.97733390E+000 -0.89322337E+000
  0.17343507E-002  0.20713742E+001 -0.19928929E+001 -0.10822011E-001
  0.17403793E-002  0.20644326E+001 -0.19918128E+001  0.10240909E-001
  0.34859517E-002  0.20614518E+001 -0.19897090E+001 -0.10046164E-001
  0.34853069E-002  0.20618218E+001 -0.96942671E+000 -0.10936075E+001
  0.71968476E-002  0.19979418E+001 -0.95655419E+000 -0.90105839E+000
  0.24277165E-002  0.19161262E+001 -0.92093696E+000 -0.10617406E+001
  0.23958596E-002  0.19425453E+001 -0.10127579E+001 -0.89546012E+000
  0.23807775E-002  0.19551754E+001 -0.92143394E+000 -0.10630209E+001
  0.25162460E-002  0.17301766E+001 -0.10049142E+001 -0.89719595E+000
  0.23793613E-002  0.18420487E+001 -0.98673288E+000 -0.10937553E+001
  0.25065545E-002  0.17378948E+001 -0.10905932E+001 -0.97523089E+000
  0.73536449E-002  0.16714038E+001 -0.10056940E+001 -0.89810410E+000
  0.74422268E-002  0.16474563E+001 -0.99759053E+000 -0.89783823E+000
  0.75488490E-002  0.16190069E+001 -0.92391568E+000 -0.10591273E+001
  0.10279084E-002  0.13335448E+001 -0.93547475E+000 -0.92482845E+000
  0.99500462E-003  0.13986125E+001 -0.96634495E+000 -0.10832889E+001
  0.96728616E-003  0.14551197E+001 -0.10636501E+001 -0.93164210E+000
  0.10136413E-002  0.13614982E+001 -0.96695734E+000 -0.90644550E+000
  0.99100183E-003  0.14066755E+001 -0.94039597E+000 -0.91959003E+000
  0.97173524E-003  0.14459403E+001 -0.98806348E+000 -0.10883950E+001
  0.93327171E-003  0.15267155E+001 -0.10292032E+001 -0.10830949E+001
  0.91980379E-003  0.15557862E+001 -0.10854508E+001 -0.10239762E+001
  0.20773522E-002  0.11482274E+001 -0.98551276E+000 -0.10838457E+001
  0.20147077E-002  0.12094678E+001 -0.10835976E+001 -0.10118610E+001
  0.19915059E-002  0.12326329E+001 -0.10255629E+001 -0.90936986E+000
  0.19287712E-002  0.12966486E+001 -0.98927475E+000 -0.10863462E+001
  0.85274818E-002  0.10964166E+001 -0.94124074E+000 -0.92455057E+000
  0.85407182E-002  0.10933128E+001 -0.93370908E+000 -0.10585255E+001
  0.41534740E-002  0.10376799E+001 -0.10745966E+001 -0.10311894E+001
  0.41481817E-002  0.10402292E+001 -0.98182591E+000 -0.90766377E+000
  0.28509638E-002  0.92452844E+000 -0.10047565E+001 -0.90898267E+000
  0.28492480E-002  0.92573064E+000 -0.92788229E+000 -0.94114017E+000
  0.27569337E-002  0.99160310E+000 -0.96176443E+000 -0.91424243E+000
  0.87561394E-002  0.87755694E+000 -0.91075357E+000 -0.97874424E+000
  0.85081123E-002  0.82388604E+000 -0.10245600E+001 -0.10739161E+001
  0.85846103E-002  0.80598464E+000 -0.10470448E+001 -0.10606419E+001
  0.86257861E-002  0.79641530E+000 -0.93397712E+000 -0.10524979E+001
  0.46451752E-002  0.64797342E+000 -0.91698602E+000 -0.96954696E+000
  0.44292581E-002  0.74316880E+000 -0.98317054E+000 -0.10773377E+001
  0.44292581E-002  0.74316880E+000 -0.98317054E+000 -0.10773377E+001
  0.17633579E-002  0.74316880E+000 -0.98317054E+000 -0.10773377E+001
  0.17405059E-002  0.74316880E+000 -0.98317054E+000 -0.10773377E+001
  0.17622879E-002  0.74316880E+000 -0.98317054E+000 -0.10773377E+001
  0.17236857E-002  0.74316880E+000 -0.98317054E+000 -0.10773377E+001
  0.15981436E-002  0.74316880E+000 -0.98317054E+000 -0.10773377E+001
  0.17473545E-002  0.74316880E+000 -0.98317054E+000 -0.10773377E+001
  0.54064895E-002  0.74316880E+000 -0.98317054E+000 -0.10773377E+001
  0.53112769E-002  0.74316880E+000 -0.98317054E+000 -0.10773377E+001
  0.10827849E-001  0.74316880E+000 -0.98317054E+000 -0.10773377E+001
  0.10849772E-001  0.74316880E+000 -0.98317054E+000 -0.10773377E+001
  0.10885332E-001  0.74316880E+000 -0.98317054E+000 -0.10773377E+001
  0.10888637E-001  0.74316880E+000 -0.98317054E+000 -0.10773377E+001
  0.55162447E-002  0.74316880E+000 -0.98317054E+000 -0.10773377E+001
  0.52844846E-002  0.74316880E+000 -0.98317054E+000 -0.10773377E+001
  0.55076135E-002  0.74316880E+000 -0.98317054E+000 -0.10773377E+001
  0.54693878E-002  0.74316880E+000 -0.98317054E+000 -0.10773377E+001
  0.29396033E-002  0.74316880E+000 -0.98317054E+000 -0.10773377E+001
  0.28295515E-002  0.74316880E+000 -0.98317054E+000 -0.10773377E+001
  0.28769111E-002  0.74316880E+000 -0.98317054E+000 -0.10773377E+001
  0.27863540E-002  0.74316880E+000 -0.98317054E+000 -0.10773377E+001
  0.11813129E-001  0.74316880E+000 -0.98317054E+000 -0.10773377E+001
  0.38851989E-002  0.74316880E+000 -0.98317054E+000 -0.10773377E+001
  0.38550761E-002  0.74316880E+000 -0.98317054E+000 -0.10773377E+001
  0.38487139E-002  0.74316880E+000 -0.98317054E+000 -0.10773377E+001
  0.11714256E-001  0.74316880E+000 -0.98317054E+000 -0.10773377E+001
  0.28023691E-002  0.74316880E+000 -0.98317054E+000 -0.10773377E+001
  0.27578989E-002  0.74316880E+000 -0.98317054E+000 -0.10773377E+001
  0.26914327E-002  0.74316880E+000 -0.98317054E+000 -0.10773377E+001
  0.27944521E-002  0.74316880E+000 -0.98317054E+000 -0.10773377E+001
  0.28608442E-002  0.74316880E+000 -0.98317054E+000 -0.10773377E+001
  0.28327320E-002  0.74316880E+000 -0.98317054E+000 -0.10773377E+001
  0.28514992E-002  0.74316880E+000 -0.98317054E+000 -0.10773377E+001
  0.28424012E-002  0.74316880E+000 -0.98317054E+000 -0.10773377E+001
  0.29628973E-002  0.74316880E+000 -0.98317054E+000 -0.10773377E+001
  0.29561878E-002  0.74316880E+000 -0.98317054E+000 -0.10773377E+001
  0.28774296E-002  0.74316880E+000 -0.98317054E+000 -0.10773377E+001
  0.29114028E-002  0.74316880E+000 -0.98317054E+000 -0.10773377E+001
  0.11994100E-001  0.74316880E+000 -0.98317054E+000 -0.10773377E+001
  0.12029581E-001  0.74316880E+000 -0.98317054E+000 -0.10773377E+001
  0.60402303E-002  0.74316880E+000 -0.98317054E+000 -0.10773377E+001
  0.60152209E-002  0.74316880E+000 -0.98317054E+000 -0.10773377E+001
  0.12045780E-001  0.74316880E+000 -0.98317054E+000 -0.10773377E+001
  0.25439408E-002  0.74316880E+000 -0.98317054E+000 -0.10773377E+001
  0.25162714E-002  0.74316880E+000 -0.98317054E+000 -0.10773377E+001
  0.24479543E-002  0.74316880E+000 -0.98317054E+000 -0.10773377E+001
  0.25309151E-002  0.74316880E+000 -0.98317054E+000 -0.10773377E+001
  0.24955241E-002  0.74316880E+000 -0.98317054E+000 -0.10773377E+001
  0.12223906E-001  0.74316880E+000 -0.98317054E+000 -0.10773377E+001
  0.42051408E-002  0.74316880E+000 -0.98317054E+000 -0.10773377E+001
  0.41018834E-002  0.74316880E+000 -0.98317054E+000 -0.10773377E+001
  0.41675867E-002  0.74316880E+000 -0.98317054E+000 -0.10773377E+001
  0.12942498E-001  0.74316880E+000 -0.98317054E+000 -0.10773377E+001
  0.12953555E-001  0.74316880E+000 -0.98317054E+000 -0.10773377E+001
  0.13026848E-001  0.74316880E+000 -0.98317054E+000 -0.10773377E+001
  0.46309527E-002  0.74316880E+000 -0.98317054E+000 -0.10773377E+001
  0.43441339E-002  0.74316880E+000 -0.98317054E+000 -0.10773377E+001
  0.44813258E-002  0.74316880E+000 -0.98317054E+000 -0.10773377E+001
  0.13905057E-001  0.74316880E+000 -0.98317054E+000 -0.10773377E+001
  0.47309383E-002  0.74316880E+000 -0.98317054E+000 -0.10773377E+001
  0.46572855E-002  0.74316880E+000 -0.98317054E+000 -0.10773377E+001
  0.46430293E-002  0.74316880E+000 -0.98317054E+000 -0.10773377E+001
  0.46882220E-002  0.74316880E+000 -0.98317054E+000 -0.10773377E+001
  0.43576278E-002  0.74316880E+000 -0.98317054E+000 -0.10773377E+001
  0.42645525E-002  0.74316880E+000 -0.98317054E+000 -0.10773377E+001
  0.34427331E-002  0.74316880E+000 -0.98317054E+000 -0.10773377E+001
  0.34128948E-002  0.74316880E+000 -0.98317054E+000 -0.10773377E+001
  0.33841246E-002  0.74316880E+000 -0.98317054E+000 -0.10773377E+001
  0.33361667E-002  0.74316880E+000 -0.98317054E+000 -0.10773377E+001
  0.13967399E-001  0.74316880E+000 -0.98317054E+000 -0.10773377E+001
  0.14013645E-001  0.74316880E+000 -0.98317054E+000 -0.10773377E+001
  0.36551044E-002  0.74316880E+000 -0.98317054E+000 -0.10773377E+001
  0.35275640E-002  0.74316880E+000 -0.98317054E+000 -0.10773377E+001
  0.35666132E-002  0.74316880E+000 -0.98317054E+000 -0.10773377E+001
  0.36070870E-002  0.74316880E+000 -0.98317054E+000 -0.10773377E+001
  0.15203571E-001  0.74316880E+000 -0.98317054E+000 -0.10773377E+001
  0.70967413E-002  0.74316880E+000 -0.98317054E+000 -0.10773377E+001
  0.70919275E-002  0.74316880E+000 -0.98317054E+000 -0.10773377E+001
  0.72335864E-002  0.74316880E+000 -0.98317054E+000 -0.10773377E+001
  0.72324019E-002  0.74316880E+000 -0.98317054E+000 -0.10773377E+001
  0.67787055E-002  0.74316880E+000 -0.98317054E+000 -0.10773377E+001
  0.67320562E-002  0.74316880E+000 -0.98317054E+000 -0.10773377E+001
  0.68440195E-002  0.74316880E+000 -0.98317054E+000 -0.10773377E+001
  0.68430555E-002  0.74316880E+000 -0.98317054E+000 -0.10773377E+001
  0.13710323E-001  0.74316880E+000 -0.98317054E+000 -0.10773377E+001
  0.68993470E-002  0.74316880E+000 -0.98317054E+000 -0.10773377E+001
  0.68714909E-002  0.74316880E+000 -0.98317054E+000 -0.10773377E+001
  0.13951297E-001  0.74316880E+000 -0.98317054E+000 -0.10773377E+001
  0.37571279E-002  0.74316880E+000 -0.98317054E+000 -0.10773377E+001
  0.35225049E-002  0.74316880E+000 -0.98317054E+000 -0.10773377E+001
  0.36540636E-002  0.74316880E+000 -0.98317054E+000 -0.10773377E+001
  0.36161734E-002  0.74316880E+000 -0.98317054E+000 -0.10773377E+001
  0.75576704E-002  0.74316880E+000 -0.98317054E+000 -0.10773377E+001
  0.75251238E-002  0.74316880E+000 -0.98317054E+000 -0.10773377E+001
  0.15135331E-001  0.74316880E+000 -0.98317054E+000 -0.10773377E+001
  0.15370622E-001  0.74316880E+000 -0.98317054E+000 -0.10773377E+001
  0.15388585E-001  0.74316880E+000 -0.98317054E+000 -0.10773377E+001
  0.15478721E-001  0.74316880E+000 -0.98317054E+000 -0.10773377E+001
  0.10371678E-001  0.74316880E+000 -0.98317054E+000 -0.10773377E+001
  0.21603291E-002  0.74316880E+000 -0.98317054E+000 -0.10773377E+001
  0.21438767E-002  0.74316880E+000 -0.98317054E+000 -0.10773377E+001
  0.21574367E-002  0.74316880E+000 -0.98317054E+000 -0.10773377E+001
  0.21491256E-002  0.74316880E+000 -0.98317054E+000 -0.10773377E+001
  0.21117320E-002  0.74316880E+000 -0.98317054E+000 -0.10773377E+001
