  0.41361193E-004  0.13418489E+002 -0.10761937E+001  0.20736264E+000
  0.44790590E-004  0.13259179E+002 -0.77627111E+000  0.57069921E-001
  0.24041466E-004  0.13069126E+002 -0.10986774E+001  0.19136641E+000
  0.22903027E-004  0.13166147E+002 -0.84641272E+000  0.15740983E+000
  0.57031690E-004  0.12586531E+002 -0.12144832E+001 -0.16455094E-002
  0.30563763E-004  0.12312939E+002 -0.91950702E+000 -0.20130118E+000
  0.26904918E-004  0.12567950E+002 -0.11860384E+001  0.95553830E-001
  0.33583977E-004  0.12080512E+002 -0.10810173E+001  0.19369123E+000
  0.30544697E-004  0.12270228E+002 -0.11430829E+001  0.14757621E+000
  0.69993059E-004  0.11998113E+002 -0.77735882E+000 -0.19383910E-001
  0.39095880E-004  0.11687673E+002 -0.11881070E+001  0.78327912E-001
  0.34191740E-004  0.11955739E+002 -0.84339963E+000  0.14260503E+000
  0.76539281E-004  0.11643423E+002 -0.11756157E+001 -0.99847468E-001
  0.44627760E-004  0.11209667E+002 -0.12028745E+001 -0.15060071E-001
  0.36867083E-004  0.11591742E+002 -0.11892826E+001  0.74235031E-001
  0.91283777E-004  0.11123489E+002 -0.99915970E+000  0.20959537E+000
  0.10479961E-003  0.10806096E+002 -0.98083331E+000  0.20640736E+000
  0.11322863E-003  0.10651378E+002 -0.86069384E+000 -0.14639385E+000
  0.59405100E-004  0.10555142E+002 -0.91708325E+000 -0.18527946E+000
  0.58415664E-004  0.10588734E+002 -0.10354496E+001 -0.19990819E+000
  0.13584494E-003  0.10244157E+002 -0.97039262E+000 -0.20045163E+000
  0.80435939E-004  0.98208486E+001 -0.82135819E+000 -0.89257361E-001
  0.74337020E-004  0.99785528E+001 -0.87298556E+000 -0.15063780E+000
  0.16160791E-003  0.97696114E+001 -0.11633975E+001 -0.93269305E-001
  0.16246345E-003  0.97590512E+001 -0.83150271E+000 -0.10364554E+000
  0.56298398E-004  0.88608318E+001 -0.11111866E+001  0.14359844E+000
  0.42773343E-004  0.94103340E+001 -0.84916491E+000 -0.12146846E+000
  0.53633940E-004  0.89578004E+001 -0.11725791E+001 -0.61787936E-001
  0.42286804E-004  0.94332152E+001 -0.11232541E+001 -0.13849255E+000
  0.22749905E-003  0.88404616E+001 -0.80442552E+000  0.21975410E-001
  0.13241515E-003  0.85365740E+001 -0.11049554E+001 -0.14555604E+000
  0.13175881E-003  0.85465136E+001 -0.11592281E+001 -0.81769747E-001
  0.29787743E-003  0.82609842E+001 -0.10541753E+001  0.17364528E+000
  0.87074413E-004  0.79482322E+001 -0.81507525E+000  0.35907300E-001
  0.80164925E-004  0.81135862E+001 -0.11175276E+001  0.13001675E+000
  0.86520215E-004  0.79610020E+001 -0.11455873E+001 -0.94969381E-001
  0.84433824E-004  0.80098228E+001 -0.90580633E+000  0.15594576E+000
  0.73905709E-004  0.77086418E+001 -0.11049474E+001 -0.13711862E+000
  0.71036802E-004  0.77878262E+001 -0.11062069E+001 -0.13686985E+000
  0.66963459E-004  0.79059276E+001 -0.11146345E+001 -0.13053180E+000
  0.70559483E-004  0.78013096E+001 -0.81298838E+000  0.17970490E-001
  0.66127856E-004  0.79310424E+001 -0.98921222E+000 -0.18275991E+000
  0.13038532E-003  0.75948852E+001 -0.11085718E+001  0.13276149E+000
  0.12388505E-003  0.76971658E+001 -0.82700055E+000  0.63331060E-001
  0.12910049E-003  0.76146928E+001 -0.82789095E+000  0.63605949E-001
  0.41945870E-003  0.74147638E+001 -0.83076612E+000  0.65766113E-001
  0.44802502E-003  0.72029850E+001 -0.11682639E+001 -0.24476181E-001
  0.44732530E-003  0.71665044E+001 -0.11365531E+001 -0.96732751E-001
  0.46422580E-003  0.69017144E+001 -0.11461227E+001  0.77878678E-001
  0.47705800E-003  0.68471812E+001 -0.11440825E+001 -0.80490954E-001
  0.13721706E-003  0.65667396E+001 -0.11619569E+001 -0.28114458E-001
  0.12841152E-003  0.66993886E+001 -0.10757375E+001 -0.14815177E+000
  0.13654853E-003  0.65765078E+001 -0.99039052E+000  0.17084578E+000
  0.11957802E-003  0.68419296E+001 -0.11521432E+001 -0.65173705E-001
  0.55364799E-003  0.65493992E+001 -0.10057815E+001 -0.17025751E+000
  0.56635556E-003  0.65040136E+001 -0.91819039E+000  0.14884582E+000
  0.12029151E-003  0.62672070E+001 -0.11222909E+001  0.10302442E+000
  0.11468441E-003  0.63626744E+001 -0.84267441E+000 -0.69369720E-001
  0.10738710E-003  0.64941624E+001 -0.85241115E+000 -0.87744770E-001
  0.11732420E-003  0.63171612E+001 -0.10008910E+001  0.16845082E+000
  0.10796295E-003  0.64834662E+001 -0.10114151E+001 -0.16911106E+000
  0.62706367E-003  0.61838230E+001 -0.11613272E+001  0.39834954E-003
  0.62010454E-003  0.61673072E+001 -0.82747013E+000  0.15185708E-001
  0.65076271E-003  0.59564764E+001 -0.11298780E+001  0.88720801E-001
  0.68429840E-003  0.58559788E+001 -0.10403870E+001  0.15673960E+000
  0.69497931E-003  0.58250028E+001 -0.85605977E+000 -0.82814208E-001
  0.69976606E-003  0.57343408E+001 -0.10825651E+001  0.13380476E+000
  0.26486628E-003  0.53319426E+001 -0.11433897E+001 -0.52233382E-001
  0.24056013E-003  0.55244520E+001 -0.11517764E+001 -0.31154978E-001
  0.25085951E-003  0.54406064E+001 -0.10778661E+001 -0.13392932E+000
  0.25085951E-003  0.54406064E+001 -0.10778661E+001 -0.13392932E+000
  0.46462893E-003  0.49474096E+001 -0.11499620E+001  0.10126865E-002
  0.39497208E-003  0.52722578E+001 -0.11412838E+001  0.55945520E-001
  0.34507993E-003  0.46960062E+001 -0.88450018E+000 -0.10253790E+000
  0.30436270E-003  0.49471166E+001 -0.11499594E+001  0.10011744E-002
  0.31298682E-003  0.48912350E+001 -0.11469070E+001 -0.25950556E-001
  0.10320270E-002  0.45978510E+001 -0.89339526E+000 -0.11005669E+000
  0.11283019E-002  0.44194736E+001 -0.11416033E+001 -0.29478202E-001
  0.16740283E-003  0.34947902E+001 -0.94764475E+000 -0.13238996E+000
  0.11997472E-003  0.41610336E+001 -0.11126306E+001 -0.85329738E-001
  0.13914563E-003  0.38645526E+001 -0.88757966E+000 -0.94511616E-001
  0.15509457E-003  0.36475256E+001 -0.10662974E+001 -0.12174823E+000
  0.16221994E-003  0.35576892E+001 -0.87474141E+000 -0.73123370E-001
  0.11994821E-003  0.41614746E+001 -0.87707264E+000  0.86338887E-001
  0.14184091E-003  0.38261834E+001 -0.10532649E+001 -0.13100870E+000
  0.12157424E-003  0.41345448E+001 -0.10672278E+001 -0.12664617E+000
  0.12296430E-003  0.41118072E+001 -0.11281181E+001 -0.59034880E-001
  0.13407791E-003  0.39387538E+001 -0.97532858E+000  0.14450635E+000
  0.16786616E-002  0.34892608E+001 -0.11262505E+001  0.48369195E-001
  0.18281340E-002  0.31874686E+001 -0.92776492E+000  0.11918831E+000
  0.94462033E-003  0.30582140E+001 -0.89670015E+000 -0.92795248E-001
  0.88600809E-003  0.31863270E+001 -0.10061742E+001 -0.13787332E+000
  0.19298973E-002  0.30156304E+001 -0.11273601E+001 -0.29438403E-001
  0.20222076E-002  0.29221832E+001 -0.11045704E+001 -0.76130761E-001
  0.10212678E-002  0.28696590E+001 -0.87911110E+000  0.67189202E-001
  0.99619506E-003  0.29193718E+001 -0.10734762E+001 -0.10806418E+000
  0.70453716E-003  0.27052270E+001 -0.11247038E+001 -0.26690525E-001
  0.65472289E-003  0.28518852E+001 -0.86845425E+000 -0.45906111E-001
  0.66937275E-003  0.28076270E+001 -0.99830502E+000  0.13437989E+000
  0.21452344E-002  0.26755254E+001 -0.10702859E+001 -0.10736669E+000
  0.21518583E-002  0.26693594E+001 -0.11052896E+001 -0.70588968E-001
  0.59662817E-003  0.23663392E+001 -0.10235087E+001  0.12614363E+000
  0.53942302E-003  0.25679268E+001 -0.95562096E+000 -0.12520295E+000
  0.52265996E-003  0.26310644E+001 -0.10633361E+001  0.11161841E+000
  0.52228848E-003  0.26324876E+001 -0.98865913E+000  0.13239553E+000
  0.24268978E-002  0.22397372E+001 -0.11207154E+001  0.21531906E-001
  0.25161949E-002  0.21068596E+001 -0.10784289E+001 -0.93054016E-001
  0.25360374E-002  0.20911498E+001 -0.96453575E+000 -0.12257719E+000
  0.12970699E-002  0.19852344E+001 -0.93416018E+000 -0.10846600E+000
  0.12497053E-002  0.20596336E+001 -0.11206975E+001 -0.36185154E-002
  0.26151195E-002  0.19691237E+001 -0.11157259E+001  0.30142473E-001
  0.26176810E-002  0.19671663E+001 -0.10262502E+001 -0.12090132E+000
  0.26509413E-002  0.19109054E+001 -0.11142447E+001  0.33013291E-001
  0.13312746E-002  0.19021666E+001 -0.10892192E+001  0.78673593E-001
  0.13311800E-002  0.19023102E+001 -0.10256430E+001 -0.12032589E+000
  0.27109518E-002  0.18346392E+001 -0.10855259E+001 -0.81798972E-001
  0.14003158E-002  0.17695480E+001 -0.10455809E+001  0.11114687E+000
  0.13772446E-002  0.18027755E+001 -0.11177028E+001  0.67308308E-002
  0.13744502E-002  0.17123299E+001 -0.11048946E+001  0.50923040E-001
  0.13720745E-002  0.17157918E+001 -0.10621518E+001  0.10070277E+000
  0.27791630E-002  0.16288895E+001 -0.98820552E+000  0.12126316E+000
  0.52579062E-003  0.12559372E+001 -0.91555320E+000 -0.84504755E-001
  0.48496081E-003  0.14176067E+001 -0.87903194E+000  0.27819339E-001
  0.48100472E-003  0.14339891E+001 -0.10410865E+001 -0.10910109E+000
  0.49049696E-003  0.13949049E+001 -0.96591178E+000 -0.11483205E+000
  0.51189938E-003  0.13094867E+001 -0.93747196E+000  0.10169265E+000
  0.48344042E-003  0.14238863E+001 -0.10152859E+001 -0.11718652E+000
  0.15946237E-002  0.12341817E+001 -0.96382231E+000  0.11229096E+000
  0.15849198E-002  0.12463891E+001 -0.89218429E+000 -0.54718851E-001
  0.10824996E-002  0.10820067E+001 -0.10694606E+001 -0.85904735E-001
  0.10370548E-002  0.11677828E+001 -0.90657034E+000 -0.73644378E-001
  0.10432562E-002  0.11558590E+001 -0.11090028E+001  0.17699876E-001
  0.32646051E-002  0.10714988E+001 -0.10873317E+001 -0.66100817E-001
  0.33776824E-002  0.10033979E+001 -0.89172248E+000 -0.47768499E-001
  0.33693936E-002  0.95033662E+000 -0.10336898E+001  0.10610823E+000
  0.17267099E-002  0.90107098E+000 -0.10433624E+001 -0.10113538E+000
  0.16997596E-002  0.93253390E+000 -0.89199359E+000  0.46399206E-001
  0.34573099E-002  0.86962238E+000 -0.93115568E+000  0.91496256E-001
  0.70850781E-003  0.82091584E+000 -0.92702524E+000 -0.87683729E-001
  0.69753457E-003  0.85213360E+000 -0.10896047E+001  0.58197237E-001
  0.70780461E-003  0.82290302E+000 -0.10658009E+001 -0.85071205E-001
  0.69234202E-003  0.86707858E+000 -0.10538472E+001  0.94631886E-001
  0.69207621E-003  0.86784706E+000 -0.11066025E+001 -0.95059002E-002
  0.74542392E-003  0.68970190E+000 -0.94994790E+000  0.10003508E+000
  0.73933200E-003  0.70611372E+000 -0.10040701E+001 -0.11009414E+000
  0.71720526E-003  0.76688332E+000 -0.88798635E+000 -0.30824910E-001
  0.72383979E-003  0.74846756E+000 -0.88477720E+000 -0.16255557E-001
  0.71137953E-003  0.78319538E+000 -0.88449220E+000 -0.17161534E-001
  0.37289318E-002  0.68873088E+000 -0.10882595E+001  0.56674143E-001
  0.19201913E-002  0.59975390E+000 -0.95334547E+000  0.10036903E+000
  0.18646620E-002  0.65844446E+000 -0.91687319E+000 -0.76000647E-001
  0.19021119E-002  0.55896818E+000 -0.94897982E+000  0.97791550E-001
  0.18908790E-002  0.57081442E+000 -0.10987166E+001 -0.30555574E-001
  0.18337202E-002  0.51622938E+000 -0.10832265E+001  0.60498532E-001
  0.18145015E-002  0.53730052E+000 -0.11007624E+001 -0.21078877E-001
  0.93464996E-003  0.44942616E+000 -0.93743964E+000  0.89632155E-001
  0.90470333E-003  0.51455644E+000 -0.10510589E+001  0.91369226E-001
  0.91724543E-003  0.48701990E+000 -0.10996411E+001 -0.23225896E-001
  0.92352335E-003  0.47337810E+000 -0.10799948E+001 -0.64035453E-001
  0.37473795E-002  0.44473490E+000 -0.10957171E+001  0.34579535E-001
  0.37473795E-002  0.44473490E+000 -0.10957171E+001  0.34579535E-001
  0.12852250E-002  0.38775698E+000 -0.10984293E+001 -0.22942440E-001
  0.12516627E-002  0.44067762E+000 -0.94174981E+000  0.92204559E-001
  0.12554911E-002  0.43456958E+000 -0.11015022E+001  0.61241816E-002
  0.38774852E-002  0.37647382E+000 -0.11003101E+001  0.11314612E-001
  0.39282334E-002  0.35046918E+000 -0.10858658E+001 -0.52644494E-001
  0.20200369E-002  0.26424606E+000 -0.10991306E+001  0.87890531E-002
  0.19414261E-002  0.34363278E+000 -0.91172355E+000  0.64352601E-001
  0.39914868E-002  0.25836976E+000 -0.93342290E+000 -0.83904283E-001
  0.20187768E-002  0.20534206E+000 -0.90792691E+000  0.56203733E-001
  0.20106073E-002  0.21345220E+000 -0.10719289E+001 -0.68732326E-001
  0.40377629E-002  0.17516332E+000 -0.10879825E+001 -0.44108196E-001
  0.40522845E-002  0.16798272E+000 -0.95242771E+000  0.93992017E-001
  0.84213984E-003  0.60752826E-001 -0.10959985E+001  0.13031459E-001
  0.83771846E-003  0.71280242E-001 -0.99500349E+000 -0.10239847E+000
  0.84036312E-003  0.64976128E-001 -0.92306554E+000 -0.71733834E-001
  0.80979901E-003  0.13907300E+000 -0.90999654E+000  0.57717717E-001
  0.82574093E-003  0.10008234E+000 -0.10964779E+001  0.13317250E-001
  0.41846698E-002  0.42620574E-001 -0.10115335E+001 -0.10056858E+000
  0.42334269E-002  0.19452464E-001 -0.95952429E+000 -0.94952249E-001
  0.86177833E-003 -0.10750506E+000 -0.94178909E+000  0.83973177E-001
  0.83028588E-003 -0.33048522E-001 -0.10182782E+001  0.98099408E-001
  0.84988503E-003 -0.79711710E-001 -0.90804667E+000 -0.49468085E-001
  0.83457122E-003 -0.43344318E-001 -0.10906178E+001  0.30202079E-001
  0.83869665E-003 -0.53207912E-001 -0.94855555E+000  0.88813462E-001
  0.43439792E-002 -0.12372616E+000 -0.10588834E+001 -0.75481069E-001
  0.43019431E-002 -0.13481134E+000 -0.96641075E+000 -0.95215946E-001
  0.22141593E-002 -0.19271918E+000 -0.10555695E+001  0.77052859E-001
  0.21530249E-002 -0.13671983E+000 -0.90171779E+000  0.34909560E-001
  0.22291153E-002 -0.20618362E+000 -0.10218461E+001  0.94706455E-001
  0.22172547E-002 -0.19551177E+000 -0.92525235E+000  0.69098586E-001
  0.15378215E-002 -0.30613410E+000 -0.10341431E+001  0.88588548E-001
  0.15136331E-002 -0.27442574E+000 -0.95314009E+000  0.87858830E-001
  0.14668787E-002 -0.21167360E+000 -0.94148342E+000 -0.82118396E-001
  0.22979830E-002 -0.33003028E+000 -0.10143680E+001  0.94893791E-001
  0.22775830E-002 -0.31219642E+000 -0.10493692E+001  0.79712308E-001
  0.22785535E-002 -0.34454496E+000 -0.91108168E+000 -0.47605556E-001
  0.22740555E-002 -0.34059252E+000 -0.10710263E+001 -0.58543429E-001
  0.91519676E-003 -0.41531758E+000 -0.93121813E+000 -0.70676221E-001
  0.89686207E-003 -0.37484426E+000 -0.90237121E+000 -0.26999263E-001
  0.89309243E-003 -0.36642014E+000 -0.97848296E+000  0.94972436E-001
  0.88426260E-003 -0.34654770E+000 -0.10883469E+001  0.23550730E-001
  0.88554660E-003 -0.34944964E+000 -0.10828921E+001 -0.38710246E-001
  0.46021326E-002 -0.42671352E+000 -0.10370821E+001 -0.85317466E-001
  0.46232726E-002 -0.43587918E+000 -0.10717695E+001 -0.55403211E-001
  0.23130125E-002 -0.46906992E+000 -0.10723571E+001  0.53802568E-001
  0.22934513E-002 -0.45208396E+000 -0.10890629E+001  0.12646043E-001
  0.45877091E-002 -0.48443756E+000 -0.10813337E+001 -0.37656399E-001
  0.23226826E-002 -0.50941498E+000 -0.92148729E+000  0.58570925E-001
  0.23115858E-002 -0.49983698E+000 -0.10883568E+001 -0.12869278E-001
  0.47808521E-002 -0.56691232E+000 -0.99851241E+000 -0.93582230E-001
  0.24696188E-002 -0.63209666E+000 -0.90221622E+000 -0.72125939E-002
  0.24512542E-002 -0.61717002E+000 -0.96559813E+000 -0.87929516E-001
  0.50212043E-002 -0.66501446E+000 -0.95481501E+000  0.82632424E-001
  0.50306782E-002 -0.66878566E+000 -0.10868751E+001 -0.12079089E-002
  0.50700760E-002 -0.68438706E+000 -0.10624164E+001 -0.61411125E-001
  0.52935273E-002 -0.77064430E+000 -0.95822587E+000 -0.82583937E-001
  0.53101697E-002 -0.77692328E+000 -0.90705178E+000  0.22526305E-001
  0.10914955E-002 -0.86834618E+000 -0.10031269E+001 -0.88869255E-001
  0.10649457E-002 -0.81909604E+000 -0.98037260E+000 -0.88741947E-001
  0.10626840E-002 -0.81484576E+000 -0.93300292E+000  0.64661276E-001
  0.10875330E-002 -0.86107348E+000 -0.10822274E+001 -0.17710561E-001
  0.10626883E-002 -0.81485240E+000 -0.96829199E+000 -0.85820811E-001
  0.18362525E-002 -0.95978640E+000 -0.97741462E+000 -0.86038367E-001
  0.18210801E-002 -0.94319302E+000 -0.92458934E+000  0.52455331E-001
  0.18357292E-002 -0.95921670E+000 -0.10635863E+001 -0.53893172E-001
  0.55111086E-002 -0.96064048E+000 -0.90704377E+000 -0.65004963E-002
  0.27910582E-002 -0.98624406E+000 -0.90890667E+000 -0.16833781E-001
  0.27857101E-002 -0.98240920E+000 -0.91446752E+000 -0.34263454E-001
  0.11569321E-002 -0.11316116E+001 -0.10704832E+001 -0.38503196E-001
  0.11149915E-002 -0.10577610E+001 -0.96906915E+000 -0.82257094E-001
  0.10869078E-002 -0.10067401E+001 -0.10265374E+001  0.80979079E-001
  0.11046227E-002 -0.10390740E+001 -0.91816286E+000 -0.39851776E-001
  0.11086785E-002 -0.10464047E+001 -0.10807871E+001 -0.92475423E-002
  0.90670131E-003 -0.14600454E+001 -0.10604706E+001 -0.45128162E-001
  0.89475781E-003 -0.14335259E+001 -0.10651176E+001  0.38490512E-001
  0.83784329E-003 -0.13020819E+001 -0.91960266E+000  0.33621272E-001
  0.86791786E-003 -0.13726132E+001 -0.91432461E+000 -0.12817250E-001
  0.86059592E-003 -0.13556696E+001 -0.91398294E+000  0.12431636E-001
  0.77337734E-003 -0.11419527E+001 -0.91472473E+000 -0.28439409E-001
  0.85386242E-003 -0.13399588E+001 -0.10533180E+001 -0.56819133E-001
  0.30766483E-002 -0.15006720E+001 -0.10471016E+001 -0.59212180E-001
  0.30303611E-002 -0.14703548E+001 -0.10745825E+001  0.24274303E-002
  0.30243276E-002 -0.15330409E+001 -0.10630939E+001  0.38779798E-001
  0.29977794E-002 -0.15154060E+001 -0.10186615E+001 -0.75331744E-001
  0.29999175E-002 -0.15498906E+001 -0.95689976E+000 -0.68400727E-001
  0.29936842E-002 -0.15457306E+001 -0.97608977E+000  0.76222409E-001
  0.20104042E-002 -0.16259038E+001 -0.92147959E+000  0.24049345E-001
  0.19987536E-002 -0.16142789E+001 -0.97155892E+000 -0.73708400E-001
  0.19440255E-002 -0.15587542E+001 -0.93892322E+000  0.54370412E-001
  0.59375352E-002 -0.16271163E+001 -0.10419151E+001  0.60827061E-001
  0.59611642E-002 -0.16350596E+001 -0.93962739E+000  0.53272656E-001
  0.29733159E-002 -0.17277592E+001 -0.94122296E+000 -0.52657361E-001
  0.29044057E-002 -0.16808596E+001 -0.95132335E+000  0.62272184E-001
  0.12184430E-002 -0.17761317E+001 -0.92264021E+000 -0.19005208E-001
  0.12063904E-002 -0.17562491E+001 -0.10502676E+001  0.50069855E-001
  0.12046159E-002 -0.17533061E+001 -0.91998179E+000  0.65942864E-002
  0.12055210E-002 -0.17548082E+001 -0.10409037E+001  0.58870067E-001
  0.12157581E-002 -0.17717197E+001 -0.10150390E+001 -0.71899361E-001
  0.59637370E-002 -0.17980246E+001 -0.10410498E+001  0.57798621E-001
  0.59738022E-002 -0.18013972E+001 -0.97072207E+000 -0.70028739E-001
  0.58477110E-002 -0.18232524E+001 -0.10525518E+001  0.45583706E-001
  0.58552383E-002 -0.18258254E+001 -0.98489890E+000  0.73081929E-001
  0.58215101E-002 -0.18467923E+001 -0.96320160E+000 -0.65997154E-001
  0.26551597E-002 -0.19382194E+001 -0.92562315E+000  0.18930625E-001
  0.26536148E-002 -0.19370557E+001 -0.10664838E+001 -0.41013356E-002
  0.53307173E-002 -0.19458867E+001 -0.10652356E+001 -0.12923262E-001
  0.52794863E-002 -0.19557714E+001 -0.96619457E+000 -0.65250667E-001
  0.17285412E-002 -0.20062380E+001 -0.10573458E+001  0.32269825E-001
  0.17158058E-002 -0.19914471E+001 -0.10573891E+001  0.32765013E-001
  0.16878049E-002 -0.19585398E+001 -0.92442642E+000 -0.12081013E-001
  0.26462269E-002 -0.20470216E+001 -0.97578113E+000  0.67013139E-001
  0.26408288E-002 -0.20429376E+001 -0.92769890E+000  0.19167777E-001
  0.26782532E-002 -0.20710808E+001 -0.98452311E+000  0.68513783E-001
  0.26707165E-002 -0.20654460E+001 -0.93295662E+000  0.31142403E-001
  0.53733621E-002 -0.20773654E+001 -0.10246170E+001  0.62339064E-001
  0.53975373E-002 -0.20863442E+001 -0.92788440E+000 -0.16788105E-001
  0.53975373E-002 -0.20863442E+001 -0.92788440E+000 -0.16788105E-001
  0.26690505E-002 -0.20942740E+001 -0.94475290E+000 -0.46884704E-001
  0.26686342E-002 -0.20939610E+001 -0.10253222E+001 -0.61644157E-001
  0.26936033E-002 -0.21125868E+001 -0.98954755E+000 -0.68324413E-001
  0.26704949E-002 -0.20953548E+001 -0.10427943E+001  0.49109731E-001
  0.53071279E-002 -0.21131694E+001 -0.95656541E+000  0.56532479E-001
  0.52532966E-002 -0.21233144E+001 -0.10629618E+001 -0.51386241E-002
  0.53468831E-002 -0.21586318E+001 -0.93332678E+000 -0.27896796E-001
  0.54153299E-002 -0.21840716E+001 -0.10619062E+001 -0.35207216E-002
  0.54304815E-002 -0.21896586E+001 -0.10109976E+001 -0.65065400E-001
  0.88981100E-003 -0.22501354E+001 -0.99771663E+000 -0.65828856E-001
  0.87582744E-003 -0.22184562E+001 -0.99512987E+000 -0.66508717E-001
  0.87753433E-003 -0.22223496E+001 -0.95449911E+000 -0.52455631E-001
  0.87860646E-003 -0.22247910E+001 -0.10594402E+001  0.15062177E-001
  0.88547930E-003 -0.22403748E+001 -0.94246161E+000 -0.39906129E-001
  0.87178522E-003 -0.22092038E+001 -0.98142655E+000  0.65263944E-001
  0.26436639E-002 -0.22617426E+001 -0.93044497E+000 -0.12835916E-001
  0.26358555E-002 -0.22558268E+001 -0.96038499E+000  0.55765154E-001
  0.52217041E-002 -0.22677726E+001 -0.97882727E+000 -0.63472251E-001
  0.53087043E-002 -0.23008208E+001 -0.10375042E+001 -0.48650548E-001
  0.26208503E-002 -0.23684586E+001 -0.10392381E+001 -0.45193813E-001
  0.25762164E-002 -0.23341044E+001 -0.10459132E+001 -0.38649903E-001
  0.54043101E-002 -0.24295584E+001 -0.10152707E+001  0.58772794E-001
  0.54110914E-002 -0.24320684E+001 -0.94125791E+000 -0.31296622E-001
  0.27157843E-002 -0.24711182E+001 -0.10561886E+001 -0.25451420E-002
  0.26882483E-002 -0.24507364E+001 -0.10348461E+001  0.46947706E-001
  0.53688557E-002 -0.24793888E+001 -0.10122342E+001 -0.58672082E-001
  0.53860744E-002 -0.24857938E+001 -0.93587596E+000  0.15823673E-001
  0.10603243E-002 -0.25176826E+001 -0.10455993E+001 -0.32542574E-001
  0.10559933E-002 -0.25094964E+001 -0.94979058E+000 -0.40190689E-001
  0.10543409E-002 -0.25063642E+001 -0.10554358E+001 -0.27487891E-002
  0.10457400E-002 -0.24899826E+001 -0.10289120E+001 -0.50458958E-001
  0.10471559E-002 -0.24926872E+001 -0.10112826E+001 -0.58658444E-001
  0.52815721E-002 -0.25416004E+001 -0.10524467E+001 -0.16293474E-001
  0.17329563E-002 -0.25725412E+001 -0.10540798E+001  0.22186645E-003
  0.17097049E-002 -0.25455250E+001 -0.95387272E+000 -0.43284870E-001
  0.17159722E-002 -0.25528436E+001 -0.93579218E+000 -0.84615458E-002
  0.52062447E-002 -0.26063850E+001 -0.99080703E+000 -0.58331701E-001
  0.52266566E-002 -0.26142106E+001 -0.93780745E+000  0.12033005E-001
  0.51665378E-002 -0.26225700E+001 -0.98181397E+000  0.56588576E-001
  0.51728087E-002 -0.26249948E+001 -0.93705458E+000 -0.57725554E-002
  0.52356594E-002 -0.26491498E+001 -0.95990268E+000  0.45472214E-001
  0.25408529E-002 -0.26854762E+001 -0.99559750E+000 -0.56710276E-001
  0.25347799E-002 -0.26806890E+001 -0.10191252E+001 -0.51321503E-001
  0.25574913E-002 -0.27300272E+001 -0.10011343E+001 -0.55343700E-001
  0.25102034E-002 -0.26927004E+001 -0.94675315E+000 -0.29485209E-001
  0.25307958E-002 -0.27405376E+001 -0.98774451E+000  0.54970605E-001
  0.25185209E-002 -0.27308128E+001 -0.10408506E+001 -0.31220102E-001
  0.50794795E-002 -0.27475928E+001 -0.96706921E+000  0.47633776E-001
  0.50286512E-002 -0.27594796E+001 -0.96249839E+000  0.44289306E-001
  0.12552450E-002 -0.27884278E+001 -0.10447688E+001  0.21356631E-001
  0.12523776E-002 -0.27838524E+001 -0.10179588E+001  0.49248161E-001
  0.12482054E-002 -0.27771792E+001 -0.98679898E+000  0.53970402E-001
  0.12376715E-002 -0.27602284E+001 -0.10192901E+001  0.49213481E-001
  0.25191582E-002 -0.27953200E+001 -0.98961781E+000  0.53897449E-001
  0.25114789E-002 -0.27892144E+001 -0.98793477E+000  0.53846419E-001
  0.25342147E-002 -0.28072378E+001 -0.94639264E+000 -0.23346123E-001
  0.25332493E-002 -0.28064776E+001 -0.10486470E+001  0.37043620E-002
  0.16959648E-002 -0.28149050E+001 -0.10361360E+001  0.34221414E-001
  0.16946374E-002 -0.28133380E+001 -0.10023529E+001 -0.53216495E-001
  0.16902641E-002 -0.28081700E+001 -0.10396131E+001 -0.29836520E-001
  0.10012986E-002 -0.28493210E+001 -0.10238539E+001 -0.44140456E-001
  0.99109469E-003 -0.28288344E+001 -0.97798640E+000  0.50551312E-001
  0.98604706E-003 -0.28186222E+001 -0.96436931E+000  0.43918580E-001
  0.99547706E-003 -0.28376582E+001 -0.10478651E+001 -0.41642076E-002
  0.98749268E-003 -0.28215522E+001 -0.10205586E+001 -0.46913568E-001
  0.16914240E-002 -0.28762160E+001 -0.94390568E+000 -0.11308082E-001
  0.16913919E-002 -0.28761786E+001 -0.10038814E+001  0.51433016E-001
  0.16844057E-002 -0.28679004E+001 -0.10455566E+001  0.13307489E-001
  0.12790592E-002 -0.28926888E+001 -0.95130538E+000 -0.27841517E-001
  0.12781207E-002 -0.28912206E+001 -0.10448016E+001 -0.13901800E-001
  0.12686430E-002 -0.28763334E+001 -0.10103153E+001 -0.49861208E-001
  0.12742003E-002 -0.28850768E+001 -0.10410882E+001 -0.23710416E-001
  0.51257600E-002 -0.28964064E+001 -0.10166409E+001 -0.46872909E-001
  0.25419330E-002 -0.29147776E+001 -0.96388374E+000 -0.40664957E-001
  0.25343110E-002 -0.29087712E+001 -0.94610255E+000 -0.16147035E-001
  0.50982829E-002 -0.29204414E+001 -0.10418513E+001 -0.20056853E-001
  0.17223572E-002 -0.29826440E+001 -0.10175222E+001 -0.44014677E-001
  0.16930130E-002 -0.29482760E+001 -0.97484225E+000 -0.46172140E-001
  0.17119427E-002 -0.29705150E+001 -0.96322703E+000 -0.38346670E-001
  0.12692254E-002 -0.30176174E+001 -0.94859461E+000  0.14795259E-001
  0.12490744E-002 -0.29856086E+001 -0.10326411E+001  0.31835480E-001
  0.12623358E-002 -0.30067306E+001 -0.10421102E+001  0.12659620E-001
  0.12537196E-002 -0.29930324E+001 -0.10118335E+001 -0.46237188E-001
  0.25488845E-002 -0.30606040E+001 -0.97162966E+000  0.41287489E-001
  0.25341665E-002 -0.30490222E+001 -0.99795693E+000 -0.47690825E-001
  0.25621706E-002 -0.30710024E+001 -0.99843134E+000  0.47064657E-001
  0.25567625E-002 -0.30667756E+001 -0.10338331E+001  0.26769001E-001
  0.25498099E-002 -0.30967286E+001 -0.10303096E+001 -0.30034517E-001
  0.25465660E-002 -0.30941828E+001 -0.95522881E+000  0.24257461E-001
  0.50242631E-002 -0.31023546E+001 -0.97097322E+000 -0.39586723E-001
  0.48852028E-002 -0.31164010E+001 -0.10164663E+001 -0.40536697E-001
  0.24627973E-002 -0.31328686E+001 -0.98358290E+000  0.44025901E-001
  0.24567561E-002 -0.31279566E+001 -0.10390236E+001 -0.11557375E-001
  0.47910270E-002 -0.31476522E+001 -0.96314640E+000 -0.31863288E-001
  0.22875235E-002 -0.31579818E+001 -0.10129000E+001  0.40979877E-001
  0.22785193E-002 -0.31500942E+001 -0.96363506E+000 -0.32246229E-001
  0.74358202E-003 -0.32069088E+001 -0.99593870E+000  0.43349443E-001
  0.73939189E-003 -0.31956076E+001 -0.95122713E+000 -0.17408278E-002
  0.73803635E-003 -0.31919368E+001 -0.98697799E+000 -0.43057500E-001
  0.72647210E-003 -0.31603506E+001 -0.10247427E+001  0.33228134E-001
  0.73859821E-003 -0.31934580E+001 -0.10116627E+001  0.40401330E-001
  0.74187004E-003 -0.32022986E+001 -0.10089994E+001  0.41139747E-001
  0.22050822E-002 -0.32162884E+001 -0.95600433E+000 -0.18440996E-001
  0.21960709E-002 -0.32080982E+001 -0.10027763E+001  0.42605896E-001
  0.42242292E-002 -0.32261548E+001 -0.96240653E+000  0.27728353E-001
  0.42395995E-002 -0.32334202E+001 -0.10088704E+001  0.40209834E-001
  0.41729149E-002 -0.32337128E+001 -0.96758808E+000  0.32544266E-001
  0.13609484E-002 -0.32535678E+001 -0.10102614E+001  0.39044686E-001
  0.13526002E-002 -0.32412614E+001 -0.99992883E+000  0.42042034E-001
  0.13478676E-002 -0.32342524E+001 -0.10285898E+001 -0.25929806E-001
  0.40871904E-002 -0.32556958E+001 -0.96356640E+000  0.27709311E-001
  0.40579414E-002 -0.32733324E+001 -0.99564314E+000  0.41355578E-001
  0.40744787E-002 -0.32814652E+001 -0.96864201E+000 -0.31535457E-001
  0.13635176E-002 -0.32893400E+001 -0.10054066E+001 -0.39492538E-001
  0.13621629E-002 -0.32873536E+001 -0.99234920E+000  0.40842945E-001
  0.13632462E-002 -0.32889426E+001 -0.96429212E+000  0.26989191E-001
  0.20348819E-002 -0.33122092E+001 -0.10090723E+001 -0.37557547E-001
  0.20286667E-002 -0.33060912E+001 -0.97702464E+000 -0.36103203E-001
  0.40430437E-002 -0.33320930E+001 -0.99896248E+000 -0.39304925E-001
  0.38789900E-002 -0.33468282E+001 -0.10335852E+001 -0.53090636E-002
  0.19537914E-002 -0.33615152E+001 -0.96051283E+000  0.17338368E-001
  0.19404828E-002 -0.33478456E+001 -0.10339033E+001 -0.10499009E-002
  0.38141079E-002 -0.33776142E+001 -0.97868181E+000  0.34331221E-001
  0.37574510E-002 -0.33796816E+001 -0.10109792E+001  0.34367795E-001
  0.94433321E-003 -0.33902366E+001 -0.97778372E+000  0.33413050E-001
  0.94361673E-003 -0.33887190E+001 -0.99403716E+000  0.37631076E-001
  0.94374035E-003 -0.33889818E+001 -0.97527332E+000 -0.32044581E-001
  0.94314882E-003 -0.33877266E+001 -0.98697827E+000 -0.36814258E-001
  0.38036183E-002 -0.34041066E+001 -0.98724440E+000 -0.36302216E-001
  0.38098918E-002 -0.34074022E+001 -0.97120688E+000  0.28345699E-001
  0.38098918E-002 -0.34074022E+001 -0.97120688E+000  0.28345699E-001
  0.12112748E-002 -0.34074022E+001 -0.97120688E+000  0.28345699E-001
  0.11987394E-002 -0.34074022E+001 -0.97120688E+000  0.28345699E-001
  0.12009853E-002 -0.34074022E+001 -0.97120688E+000  0.28345699E-001
  0.35850339E-002 -0.34074022E+001 -0.97120688E+000  0.28345699E-001
  0.18001995E-002 -0.34074022E+001 -0.97120688E+000  0.28345699E-001
  0.17965443E-002 -0.34074022E+001 -0.97120688E+000  0.28345699E-001
  0.35467103E-002 -0.34074022E+001 -0.97120688E+000  0.28345699E-001
  0.35505558E-002 -0.34074022E+001 -0.97120688E+000  0.28345699E-001
  0.35727633E-002 -0.34074022E+001 -0.97120688E+000  0.28345699E-001
  0.17584546E-002 -0.34074022E+001 -0.97120688E+000  0.28345699E-001
  0.17575349E-002 -0.34074022E+001 -0.97120688E+000  0.28345699E-001
  0.35178271E-002 -0.34074022E+001 -0.97120688E+000  0.28345699E-001
  0.11791135E-002 -0.34074022E+001 -0.97120688E+000  0.28345699E-001
  0.11738025E-002 -0.34074022E+001 -0.97120688E+000  0.28345699E-001
  0.11765086E-002 -0.34074022E+001 -0.97120688E+000  0.28345699E-001
  0.35538099E-002 -0.34074022E+001 -0.97120688E+000  0.28345699E-001
  0.11885504E-002 -0.34074022E+001 -0.97120688E+000  0.28345699E-001
  0.11880179E-002 -0.34074022E+001 -0.97120688E+000  0.28345699E-001
  0.11881978E-002 -0.34074022E+001 -0.97120688E+000  0.28345699E-001
  0.35673650E-002 -0.34074022E+001 -0.97120688E+000  0.28345699E-001
  0.35097275E-002 -0.34074022E+001 -0.97120688E+000  0.28345699E-001
  0.35100490E-002 -0.34074022E+001 -0.97120688E+000  0.28345699E-001
  0.69955906E-003 -0.34074022E+001 -0.97120688E+000  0.28345699E-001
  0.69232015E-003 -0.34074022E+001 -0.97120688E+000  0.28345699E-001
  0.69949782E-003 -0.34074022E+001 -0.97120688E+000  0.28345699E-001
  0.69550920E-003 -0.34074022E+001 -0.97120688E+000  0.28345699E-001
  0.69439500E-003 -0.34074022E+001 -0.97120688E+000  0.28345699E-001
  0.11277701E-002 -0.34074022E+001 -0.97120688E+000  0.28345699E-001
  0.11275970E-002 -0.34074022E+001 -0.97120688E+000  0.28345699E-001
  0.11276303E-002 -0.34074022E+001 -0.97120688E+000  0.28345699E-001
  0.10911381E-002 -0.34074022E+001 -0.97120688E+000  0.28345699E-001
  0.10885432E-002 -0.34074022E+001 -0.97120688E+000  0.28345699E-001
  0.10890527E-002 -0.34074022E+001 -0.97120688E+000  0.28345699E-001
  0.16382925E-002 -0.34074022E+001 -0.97120688E+000  0.28345699E-001
  0.16373381E-002 -0.34074022E+001 -0.97120688E+000  0.28345699E-001
  0.10768209E-002 -0.34074022E+001 -0.97120688E+000  0.28345699E-001
  0.10738155E-002 -0.34074022E+001 -0.97120688E+000  0.28345699E-001
  0.10730146E-002 -0.34074022E+001 -0.97120688E+000  0.28345699E-001
  0.32492143E-002 -0.34074022E+001 -0.97120688E+000  0.28345699E-001
  0.31986214E-002 -0.34074022E+001 -0.97120688E+000  0.28345699E-001
  0.16064017E-002 -0.34074022E+001 -0.97120688E+000  0.28345699E-001
  0.16013814E-002 -0.34074022E+001 -0.97120688E+000  0.28345699E-001
  0.32136716E-002 -0.34074022E+001 -0.97120688E+000  0.28345699E-001
  0.32148900E-002 -0.34074022E+001 -0.97120688E+000  0.28345699E-001
  0.32232139E-002 -0.34074022E+001 -0.97120688E+000  0.28345699E-001
  0.77918536E-003 -0.34074022E+001 -0.97120688E+000  0.28345699E-001
  0.77425293E-003 -0.34074022E+001 -0.97120688E+000  0.28345699E-001
  0.77722746E-003 -0.34074022E+001 -0.97120688E+000  0.28345699E-001
  0.77432324E-003 -0.34074022E+001 -0.97120688E+000  0.28345699E-001
  0.15618833E-002 -0.34074022E+001 -0.97120688E+000  0.28345699E-001
  0.15617743E-002 -0.34074022E+001 -0.97120688E+000  0.28345699E-001
  0.10259833E-002 -0.34074022E+001 -0.97120688E+000  0.28345699E-001
  0.10206911E-002 -0.34074022E+001 -0.97120688E+000  0.28345699E-001
  0.10221916E-002 -0.34074022E+001 -0.97120688E+000  0.28345699E-001
  0.77652355E-003 -0.34074022E+001 -0.97120688E+000  0.28345699E-001
  0.77236207E-003 -0.34074022E+001 -0.97120688E+000  0.28345699E-001
  0.77323228E-003 -0.34074022E+001 -0.97120688E+000  0.28345699E-001
  0.77648866E-003 -0.34074022E+001 -0.97120688E+000  0.28345699E-001
  0.30500427E-002 -0.34074022E+001 -0.97120688E+000  0.28345699E-001
  0.15257513E-002 -0.34074022E+001 -0.97120688E+000  0.28345699E-001
  0.15255691E-002 -0.34074022E+001 -0.97120688E+000  0.28345699E-001
  0.30519704E-002 -0.34074022E+001 -0.97120688E+000  0.28345699E-001
  0.30594897E-002 -0.34074022E+001 -0.97120688E+000  0.28345699E-001
  0.30625040E-002 -0.34074022E+001 -0.97120688E+000  0.28345699E-001
  0.15333022E-002 -0.34074022E+001 -0.97120688E+000  0.28345699E-001
  0.15315413E-002 -0.34074022E+001 -0.97120688E+000  0.28345699E-001
  0.76958155E-003 -0.34074022E+001 -0.97120688E+000  0.28345699E-001
  0.76856397E-003 -0.34074022E+001 -0.97120688E+000  0.28345699E-001
  0.76913645E-003 -0.34074022E+001 -0.97120688E+000  0.28345699E-001
  0.76949725E-003 -0.34074022E+001 -0.97120688E+000  0.28345699E-001
  0.96610873E-003 -0.34074022E+001 -0.97120688E+000  0.28345699E-001
  0.96024507E-003 -0.34074022E+001 -0.97120688E+000  0.28345699E-001
  0.95874425E-003 -0.34074022E+001 -0.97120688E+000  0.28345699E-001
  0.58318213E-003 -0.34074022E+001 -0.97120688E+000  0.28345699E-001
  0.58313312E-003 -0.34074022E+001 -0.97120688E+000  0.28345699E-001
  0.58287228E-003 -0.34074022E+001 -0.97120688E+000  0.28345699E-001
  0.58140103E-003 -0.34074022E+001 -0.97120688E+000  0.28345699E-001
  0.58300917E-003 -0.34074022E+001 -0.97120688E+000  0.28345699E-001
  0.29177245E-002 -0.34074022E+001 -0.97120688E+000  0.28345699E-001
  0.29205322E-002 -0.34074022E+001 -0.97120688E+000  0.28345699E-001
  0.29270785E-002 -0.34074022E+001 -0.97120688E+000  0.28345699E-001
  0.28599051E-002 -0.34074022E+001 -0.97120688E+000  0.28345699E-001
  0.93622840E-003 -0.34074022E+001 -0.97120688E+000  0.28345699E-001
  0.93598346E-003 -0.34074022E+001 -0.97120688E+000  0.28345699E-001
  0.93252858E-003 -0.34074022E+001 -0.97120688E+000  0.28345699E-001
  0.28096339E-002 -0.34074022E+001 -0.97120688E+000  0.28345699E-001
  0.93968624E-003 -0.34074022E+001 -0.97120688E+000  0.28345699E-001
  0.93743215E-003 -0.34074022E+001 -0.97120688E+000  0.28345699E-001
  0.93682698E-003 -0.34074022E+001 -0.97120688E+000  0.28345699E-001
  0.28235379E-002 -0.34074022E+001 -0.97120688E+000  0.28345699E-001
  0.27540841E-002 -0.34074022E+001 -0.97120688E+000  0.28345699E-001
  0.13810974E-002 -0.34074022E+001 -0.97120688E+000  0.28345699E-001
  0.13789927E-002 -0.34074022E+001 -0.97120688E+000  0.28345699E-001
  0.27645811E-002 -0.34074022E+001 -0.97120688E+000  0.28345699E-001
  0.13914318E-002 -0.34074022E+001 -0.97120688E+000  0.28345699E-001
  0.13858921E-002 -0.34074022E+001 -0.97120688E+000  0.28345699E-001
  0.46539467E-003 -0.34074022E+001 -0.97120688E+000  0.28345699E-001
  0.46525522E-003 -0.34074022E+001 -0.97120688E+000  0.28345699E-001
  0.46441932E-003 -0.34074022E+001 -0.97120688E+000  0.28345699E-001
  0.46528449E-003 -0.34074022E+001 -0.97120688E+000  0.28345699E-001
  0.46482508E-003 -0.34074022E+001 -0.97120688E+000  0.28345699E-001
  0.46504924E-003 -0.34074022E+001 -0.97120688E+000  0.28345699E-001
  0.27152101E-002 -0.34074022E+001 -0.97120688E+000  0.28345699E-001
  0.27176405E-002 -0.34074022E+001 -0.97120688E+000  0.28345699E-001
  0.13625972E-002 -0.34074022E+001 -0.97120688E+000  0.28345699E-001
  0.13589243E-002 -0.34074022E+001 -0.97120688E+000  0.28345699E-001
  0.13683051E-002 -0.34074022E+001 -0.97120688E+000  0.28345699E-001
  0.13651521E-002 -0.34074022E+001 -0.97120688E+000  0.28345699E-001
  0.27366126E-002 -0.34074022E+001 -0.97120688E+000  0.28345699E-001
  0.27368527E-002 -0.34074022E+001 -0.97120688E+000  0.28345699E-001
  0.55008182E-003 -0.34074022E+001 -0.97120688E+000  0.28345699E-001
  0.54907850E-003 -0.34074022E+001 -0.97120688E+000  0.28345699E-001
  0.54922073E-003 -0.34074022E+001 -0.97120688E+000  0.28345699E-001
  0.54921423E-003 -0.34074022E+001 -0.97120688E+000  0.28345699E-001
  0.54943842E-003 -0.34074022E+001 -0.97120688E+000  0.28345699E-001
  0.62262622E-003 -0.34074022E+001 -0.97120688E+000  0.28345699E-001
  0.62245786E-003 -0.34074022E+001 -0.97120688E+000  0.28345699E-001
  0.62105731E-003 -0.34074022E+001 -0.97120688E+000  0.28345699E-001
  0.62169155E-003 -0.34074022E+001 -0.97120688E+000  0.28345699E-001
  0.12053702E-002 -0.34074022E+001 -0.97120688E+000  0.28345699E-001
  0.12041812E-002 -0.34074022E+001 -0.97120688E+000  0.28345699E-001
  0.24159070E-002 -0.34074022E+001 -0.97120688E+000  0.28345699E-001
  0.24191449E-002 -0.34074022E+001 -0.97120688E+000  0.28345699E-001
  0.12120146E-002 -0.34074022E+001 -0.97120688E+000  0.28345699E-001
  0.12100587E-002 -0.34074022E+001 -0.97120688E+000  0.28345699E-001
  0.24246394E-002 -0.34074022E+001 -0.97120688E+000  0.28345699E-001
  0.23345935E-002 -0.34074022E+001 -0.97120688E+000  0.28345699E-001
  0.58745846E-003 -0.34074022E+001 -0.97120688E+000  0.28345699E-001
  0.58683360E-003 -0.34074022E+001 -0.97120688E+000  0.28345699E-001
  0.58679442E-003 -0.34074022E+001 -0.97120688E+000  0.28345699E-001
  0.58612354E-003 -0.34074022E+001 -0.97120688E+000  0.28345699E-001
  0.23508050E-002 -0.34074022E+001 -0.97120688E+000  0.28345699E-001
  0.23516409E-002 -0.34074022E+001 -0.97120688E+000  0.28345699E-001
  0.22529748E-002 -0.34074022E+001 -0.97120688E+000  0.28345699E-001
  0.10850861E-002 -0.34074022E+001 -0.97120688E+000  0.28345699E-001
  0.10808050E-002 -0.34074022E+001 -0.97120688E+000  0.28345699E-001
  0.72777756E-003 -0.34074022E+001 -0.97120688E+000  0.28345699E-001
  0.72551388E-003 -0.34074022E+001 -0.97120688E+000  0.28345699E-001
  0.72511948E-003 -0.34074022E+001 -0.97120688E+000  0.28345699E-001
  0.72838972E-003 -0.34074022E+001 -0.97120688E+000  0.28345699E-001
  0.72790218E-003 -0.34074022E+001 -0.97120688E+000  0.28345699E-001
  0.72827741E-003 -0.34074022E+001 -0.97120688E+000  0.28345699E-001
  0.21868604E-002 -0.34074022E+001 -0.97120688E+000  0.28345699E-001
  0.21868704E-002 -0.34074022E+001 -0.97120688E+000  0.28345699E-001
  0.73079914E-003 -0.34074022E+001 -0.97120688E+000  0.28345699E-001
  0.72950252E-003 -0.34074022E+001 -0.97120688E+000  0.28345699E-001
  0.73055819E-003 -0.34074022E+001 -0.97120688E+000  0.28345699E-001
  0.21930538E-002 -0.34074022E+001 -0.97120688E+000  0.28345699E-001
  0.10971151E-002 -0.34074022E+001 -0.97120688E+000  0.28345699E-001
  0.10965345E-002 -0.34074022E+001 -0.97120688E+000  0.28345699E-001
  0.10323425E-002 -0.34074022E+001 -0.97120688E+000  0.28345699E-001
  0.10309805E-002 -0.34074022E+001 -0.97120688E+000  0.28345699E-001
  0.41532895E-003 -0.34074022E+001 -0.97120688E+000  0.28345699E-001
  0.41426945E-003 -0.34074022E+001 -0.97120688E+000  0.28345699E-001
  0.41468101E-003 -0.34074022E+001 -0.97120688E+000  0.28345699E-001
  0.41515331E-003 -0.34074022E+001 -0.97120688E+000  0.28345699E-001
  0.41348036E-003 -0.34074022E+001 -0.97120688E+000  0.28345699E-001
  0.20783753E-002 -0.34074022E+001 -0.97120688E+000  0.28345699E-001
  0.20784385E-002 -0.34074022E+001 -0.97120688E+000  0.28345699E-001
  0.10401532E-002 -0.34074022E+001 -0.97120688E+000  0.28345699E-001
  0.10396066E-002 -0.34074022E+001 -0.97120688E+000  0.28345699E-001
  0.20804301E-002 -0.34074022E+001 -0.97120688E+000  0.28345699E-001
  0.20848140E-002 -0.34074022E+001 -0.97120688E+000  0.28345699E-001
  0.18981625E-003 -0.34074022E+001 -0.97120688E+000  0.28345699E-001
  0.18957687E-003 -0.34074022E+001 -0.97120688E+000  0.28345699E-001
  0.18964786E-003 -0.34074022E+001 -0.97120688E+000  0.28345699E-001
  0.18928140E-003 -0.34074022E+001 -0.97120688E+000  0.28345699E-001
  0.18859502E-003 -0.34074022E+001 -0.97120688E+000  0.28345699E-001
  0.18886809E-003 -0.34074022E+001 -0.97120688E+000  0.28345699E-001
  0.18829991E-003 -0.34074022E+001 -0.97120688E+000  0.28345699E-001
  0.18905252E-003 -0.34074022E+001 -0.97120688E+000  0.28345699E-001
  0.18823910E-003 -0.34074022E+001 -0.97120688E+000  0.28345699E-001
  0.18955589E-003 -0.34074022E+001 -0.97120688E+000  0.28345699E-001
  0.18988933E-002 -0.34074022E+001 -0.97120688E+000  0.28345699E-001
  0.18990523E-002 -0.34074022E+001 -0.97120688E+000  0.28345699E-001
  0.63512708E-003 -0.34074022E+001 -0.97120688E+000  0.28345699E-001
  0.63378787E-003 -0.34074022E+001 -0.97120688E+000  0.28345699E-001
  0.63362172E-003 -0.34074022E+001 -0.97120688E+000  0.28345699E-001
  0.95357122E-003 -0.34074022E+001 -0.97120688E+000  0.28345699E-001
  0.95327603E-003 -0.34074022E+001 -0.97120688E+000  0.28345699E-001
  0.19076455E-002 -0.34074022E+001 -0.97120688E+000  0.28345699E-001
  0.19086503E-002 -0.34074022E+001 -0.97120688E+000  0.28345699E-001
  0.95440613E-003 -0.34074022E+001 -0.97120688E+000  0.28345699E-001
  0.95439573E-003 -0.34074022E+001 -0.97120688E+000  0.28345699E-001
  0.63826689E-003 -0.34074022E+001 -0.97120688E+000  0.28345699E-001
  0.63732222E-003 -0.34074022E+001 -0.97120688E+000  0.28345699E-001
  0.63807929E-003 -0.34074022E+001 -0.97120688E+000  0.28345699E-001
