 -0.15438796E+002 -0.15186670E+002 -0.64434262E+001  0.84971906E+000 -0.15786917E+000
 -0.15494614E+002 -0.15186670E+002 -0.64992438E+001  0.10387569E+001 -0.21870760E+000
 -0.15708107E+002 -0.14283285E+002 -0.62501135E+001  0.78734826E+000  0.68795848E-001
 -0.15725734E+002 -0.14283285E+002 -0.62677405E+001  0.91900016E+000  0.20290235E+000
 -0.15711269E+002 -0.14283285E+002 -0.62532754E+001  0.78649444E+000  0.66970185E-001
 -0.14596572E+002 -0.13740000E+002 -0.62371909E+001  0.10706844E+001 -0.20232181E+000
 -0.15722289E+002 -0.13394650E+002 -0.59476257E+001  0.89891291E+000 -0.18664704E+000
 -0.15729439E+002 -0.13394650E+002 -0.59547754E+001  0.11251262E+001 -0.16104936E+000
 -0.15749077E+002 -0.13394650E+002 -0.59744138E+001  0.86174744E+000  0.15985110E+000
 -0.16007755E+002 -0.13394650E+002 -0.62330922E+001  0.12135464E+001 -0.45718943E-005
 -0.14214028E+002 -0.13073323E+002 -0.57966717E+001  0.10909454E+001 -0.18369144E+000
 -0.14176427E+002 -0.12802943E+002 -0.57300833E+001  0.10791760E+001  0.18944909E+000
 -0.14102898E+002 -0.12577224E+002 -0.56565542E+001  0.78334449E+000 -0.21534085E-001
 -0.14093263E+002 -0.12385713E+002 -0.56170657E+001  0.11591814E+001 -0.11812479E+000
 -0.15305128E+002 -0.12219090E+002 -0.52194932E+001  0.10265705E+001  0.20076262E+000
 -0.15624991E+002 -0.12219090E+002 -0.55393563E+001  0.10016875E+001  0.20914011E+000
 -0.15436634E+002 -0.12219090E+002 -0.53509992E+001  0.11029136E+001  0.16770859E+000
 -0.15659872E+002 -0.12219090E+002 -0.55742373E+001  0.88937373E+000  0.17396250E+000
 -0.15550467E+002 -0.12219090E+002 -0.54648324E+001  0.11576544E+001  0.11651878E+000
 -0.14538885E+002 -0.12047310E+002 -0.44785677E+001  0.11760766E+001 -0.52606005E-001
 -0.15107225E+002 -0.12047310E+002 -0.50469079E+001  0.11431253E+001  0.12469663E+000
 -0.14699322E+002 -0.12047310E+002 -0.46390045E+001  0.96140781E+000  0.19061900E+000
 -0.15276577E+002 -0.12047310E+002 -0.52162601E+001  0.99377868E+000  0.20397908E+000
 -0.12968850E+002 -0.11761291E+002 -0.42948274E+001  0.80782843E+000  0.28914748E-001
 -0.12967734E+002 -0.11499753E+002 -0.42937111E+001  0.10421473E+001 -0.18093489E+000
 -0.13511208E+002 -0.11306930E+002 -0.40639955E+001  0.11237767E+001  0.12389727E+000
 -0.13572041E+002 -0.11306930E+002 -0.41248285E+001  0.11790842E+001 -0.82522284E-002
 -0.12774033E+002 -0.11107538E+002 -0.40199675E+001  0.87200473E+000  0.12987020E+000
 -0.12759613E+002 -0.10938693E+002 -0.39788790E+001  0.91188890E+000 -0.15916316E+000
 -0.13231154E+002 -0.10799161E+002 -0.36793113E+001  0.86054070E+000 -0.11003284E+000
 -0.13295280E+002 -0.10799161E+002 -0.37434379E+001  0.81474889E+000 -0.53819549E-002
 -0.12470250E+002 -0.10644595E+002 -0.35615442E+001  0.83701623E+000  0.72648913E-001
 -0.13159323E+002 -0.10501846E+002 -0.35086803E+001  0.92658494E+000  0.15824663E+000
 -0.13178289E+002 -0.10501846E+002 -0.35276466E+001  0.86487455E+000 -0.11121132E+000
 -0.13083918E+002 -0.10373531E+002 -0.34091777E+001  0.99764926E+000  0.17306243E+000
 -0.13133638E+002 -0.10373531E+002 -0.34588976E+001  0.10153661E+001  0.17250053E+000
 -0.13073755E+002 -0.10261486E+002 -0.28784805E+001  0.86745288E+000  0.97363965E-001
 -0.13581358E+002 -0.10261486E+002 -0.33860835E+001  0.10663794E+001 -0.15418823E+000
 -0.13131730E+002 -0.10261486E+002 -0.29364552E+001  0.82983979E+000 -0.11376111E-001
 -0.12494657E+002 -0.10099123E+002 -0.26828687E+001  0.94151693E+000 -0.14908525E+000
 -0.12509941E+002 -0.10099123E+002 -0.26981523E+001  0.88624603E+000  0.11312997E+000
 -0.12509941E+002 -0.10099123E+002 -0.26981523E+001  0.88624603E+000  0.11312997E+000
 -0.11778276E+002 -0.99382863E+001 -0.26161496E+001  0.10974492E+001  0.11624155E+000
 -0.11642437E+002 -0.97966118E+001 -0.24377506E+001  0.11362353E+001  0.58463516E-001
 -0.13075881E+002 -0.96742224E+001 -0.20688536E+001  0.93456343E+000 -0.13343383E+000
 -0.13218542E+002 -0.96742224E+001 -0.22115142E+001  0.84366731E+000  0.10104968E-001
 -0.13230646E+002 -0.96742224E+001 -0.22236181E+001  0.11446912E+001 -0.11629171E-001
 -0.13401844E+002 -0.96742224E+001 -0.23948161E+001  0.95825412E+000 -0.14919699E+000
 -0.13244167E+002 -0.96742224E+001 -0.22371392E+001  0.93839603E+000 -0.13877444E+000
 -0.12038223E+002 -0.95226461E+001 -0.19297865E+001  0.11087964E+001 -0.85706327E-001
 -0.12105957E+002 -0.95226461E+001 -0.19975203E+001  0.10990281E+001 -0.99049998E-001
 -0.11969079E+002 -0.93728197E+001 -0.18606426E+001  0.88307602E+000 -0.87175717E-001
 -0.12027125E+002 -0.93728197E+001 -0.19186888E+001  0.88987074E+000  0.96612543E-001
 -0.11194443E+002 -0.92338373E+001 -0.17791531E+001  0.10671209E+001  0.12019943E+000
 -0.12520874E+002 -0.91126439E+001 -0.16307369E+001  0.10190274E+001 -0.13678367E+000
 -0.12574971E+002 -0.91126439E+001 -0.16848342E+001  0.91056829E+000  0.10950790E+000
 -0.12599130E+002 -0.91126439E+001 -0.17089932E+001  0.10770526E+001  0.11152794E+000
 -0.12645716E+002 -0.91126439E+001 -0.17555784E+001  0.92308573E+000  0.12006298E+000
 -0.12133532E+002 -0.89922105E+001 -0.14971754E+001  0.10994643E+001  0.83986433E-001
 -0.12156109E+002 -0.89922105E+001 -0.15197522E+001  0.10260791E+001  0.13281345E+000
 -0.12248186E+002 -0.89922105E+001 -0.16118296E+001  0.10927091E+001  0.94988141E-001
 -0.11037274E+002 -0.88740496E+001 -0.14661934E+001  0.93504133E+000  0.12034374E+000
 -0.12025558E+002 -0.87669282E+001 -0.13393359E+001  0.86509584E+000  0.29973104E-001
 -0.12127606E+002 -0.87669282E+001 -0.14413831E+001  0.10672063E+001  0.11212411E+000
 -0.12136073E+002 -0.87669282E+001 -0.14498510E+001  0.11085997E+001  0.69786705E-001
 -0.10915829E+002 -0.86594806E+001 -0.13116899E+001  0.10295716E+001  0.12731377E+000
 -0.10926917E+002 -0.85629405E+001 -0.12899873E+001  0.11185072E+001 -0.42822806E-001
 -0.12038370E+002 -0.84757908E+001 -0.12705672E+001  0.87721310E+000  0.57051939E-001
 -0.12052340E+002 -0.84757908E+001 -0.12845377E+001  0.87307722E+000 -0.49204568E-001
 -0.12053202E+002 -0.84757908E+001 -0.12853993E+001  0.86340400E+000 -0.15336746E-001
 -0.10923615E+002 -0.83941217E+001 -0.12544249E+001  0.10421908E+001  0.12145786E+000
 -0.10924132E+002 -0.83186303E+001 -0.12386811E+001  0.11228485E+001  0.23891527E-001
 -0.10880755E+002 -0.82484751E+001 -0.11790437E+001  0.87177336E+000 -0.39916166E-001
 -0.10819151E+002 -0.81801116E+001 -0.11011795E+001  0.11165869E+001  0.36163284E-001
 -0.11457461E+002 -0.81132362E+001 -0.10140813E+001  0.10657677E+001  0.10228816E+000
 -0.11539943E+002 -0.81132362E+001 -0.10965635E+001  0.11155990E+001 -0.38806761E-001
 -0.11431417E+002 -0.80450402E+001 -0.98803768E+000  0.91288051E+000 -0.92851276E-001
 -0.11449123E+002 -0.80450402E+001 -0.10057432E+001  0.90766187E+000 -0.88507432E-001
 -0.11432056E+002 -0.79815829E+001 -0.95641534E+000  0.10737636E+001  0.94418919E-001
 -0.11458064E+002 -0.79815829E+001 -0.98242330E+000  0.11082225E+001  0.50372863E-001
 -0.11437721E+002 -0.79236772E+001 -0.89956050E+000  0.10034793E+001  0.12308081E+000
 -0.11478849E+002 -0.79236772E+001 -0.94068800E+000  0.11170590E+001  0.19703841E-001
 -0.10706319E+002 -0.78658305E+001 -0.86130492E+000  0.11157112E+001  0.16974441E-001
 -0.11789330E+002 -0.78090749E+001 -0.84570422E+000  0.95219096E+000  0.11375599E+000
 -0.11803284E+002 -0.78090749E+001 -0.85965819E+000  0.11150856E+001  0.20458921E-001
 -0.11796568E+002 -0.78090749E+001 -0.85294183E+000  0.87562390E+000  0.27904494E-001
 -0.10675967E+002 -0.77553759E+001 -0.81520490E+000  0.89200717E+000  0.62848802E-001
 -0.10691912E+002 -0.77044515E+001 -0.79989702E+000  0.10064001E+001 -0.12053976E+000
 -0.11746375E+002 -0.76552659E+001 -0.75574787E+000  0.11134958E+001  0.15606214E-001
 -0.11748287E+002 -0.76552659E+001 -0.75765972E+000  0.10439602E+001  0.10877571E+000
 -0.11784558E+002 -0.76552659E+001 -0.79393077E+000  0.11144701E+001 -0.14915415E-001
 -0.11686111E+002 -0.76077922E+001 -0.66423161E+000  0.90071103E+000 -0.69320141E-001
 -0.11699683E+002 -0.76077922E+001 -0.67780317E+000  0.11110679E+001  0.19409842E-001
 -0.11733431E+002 -0.76077922E+001 -0.71155187E+000  0.99303505E+000  0.11907869E+000
 -0.11656457E+002 -0.75582331E+001 -0.63457736E+000  0.89563527E+000 -0.60924872E-001
 -0.11682566E+002 -0.75582331E+001 -0.66068681E+000  0.88554855E+000 -0.43287810E-001
 -0.11671649E+002 -0.75582331E+001 -0.64976914E+000  0.94327923E+000  0.10477466E+000
 -0.10496324E+002 -0.75103689E+001 -0.55730806E+000  0.10880055E+001  0.66019676E-001
 -0.10497922E+002 -0.74618622E+001 -0.54315788E+000  0.10081883E+001 -0.11429210E+000
 -0.11191304E+002 -0.74156722E+001 -0.52764408E+000  0.88151040E+000 -0.19329493E-001
 -0.11194597E+002 -0.74156722E+001 -0.53093713E+000  0.87976953E+000  0.54250251E-002
 -0.11584736E+002 -0.73721965E+001 -0.48435907E+000  0.11024997E+001 -0.34472359E-001
 -0.11616382E+002 -0.73721965E+001 -0.51600454E+000  0.11039416E+001  0.32480851E-001
 -0.11622172E+002 -0.73721965E+001 -0.52179523E+000  0.10809673E+001  0.73610569E-001
 -0.11143850E+002 -0.73323816E+001 -0.35932562E+000  0.89983112E+000 -0.55394574E-001
 -0.11210552E+002 -0.73323816E+001 -0.42602762E+000  0.93630425E+000 -0.94719572E-001
 -0.10441426E+002 -0.72902944E+001 -0.32147604E+000  0.11030829E+001 -0.15660776E-001
 -0.10442533E+002 -0.72489598E+001 -0.30839749E+000  0.91112661E+000 -0.68941776E-001
 -0.11806355E+002 -0.72113846E+001 -0.21693285E+000  0.10661738E+001  0.78475255E-001
 -0.11895938E+002 -0.72113846E+001 -0.30651595E+000  0.10810282E+001  0.65480913E-001
 -0.11811044E+002 -0.72113846E+001 -0.22162211E+000  0.89047571E+000  0.24818537E-001
 -0.11868730E+002 -0.72113846E+001 -0.27930791E+000  0.91193959E+000  0.68805180E-001
 -0.11868730E+002 -0.72113846E+001 -0.27930791E+000  0.91193959E+000  0.68805180E-001
 -0.10411875E+002 -0.71722877E+001 -0.19532438E+000  0.10698641E+001  0.74165326E-001
 -0.11071977E+002 -0.71343585E+001 -0.14885633E+000  0.10998440E+001 -0.46316234E-002
 -0.11095243E+002 -0.71343585E+001 -0.17212234E+000  0.10682511E+001  0.74966617E-001
 -0.11951676E+002 -0.70980365E+001 -0.59620506E-001  0.90590613E+000 -0.50955638E-001
 -0.11990680E+002 -0.70980365E+001 -0.98624654E-001  0.90740359E+000  0.55228677E-001
 -0.11982879E+002 -0.70980365E+001 -0.90823290E-001  0.89115588E+000 -0.92626037E-002
 -0.11958528E+002 -0.70980365E+001 -0.66472407E-001  0.94175136E+000  0.87656271E-001
 -0.12021835E+002 -0.70980365E+001 -0.12977927E+000  0.10636898E+001  0.77805741E-001
 -0.10342101E+002 -0.70597781E+001 -0.59482897E-001  0.10811150E+001  0.54751076E-001
 -0.10335100E+002 -0.70238529E+001 -0.26507059E-001  0.99154036E+000 -0.10209599E+000
 -0.10331405E+002 -0.69880315E+001 -0.22811393E-001  0.10259086E+001 -0.96926857E-001
 -0.11045136E+002 -0.69541983E+001 -0.17419846E-001  0.91842687E+000  0.66240043E-001
 -0.11050153E+002 -0.69541983E+001 -0.22436824E-001  0.10314242E+001 -0.94865362E-001
 -0.12124054E+002 -0.69239991E+001  0.89285778E-001  0.90090107E+000  0.31121127E-001
 -0.12167755E+002 -0.69239991E+001  0.45584189E-001  0.92795835E+000  0.73585283E-001
 -0.12129665E+002 -0.69239991E+001  0.83674045E-001  0.10738979E+001  0.58593049E-001
 -0.12145025E+002 -0.69239991E+001  0.68314241E-001  0.10582559E+001  0.75794585E-001
 -0.12186585E+002 -0.69239991E+001  0.26754461E-001  0.90400179E+000  0.42758089E-001
 -0.12145978E+002 -0.69239991E+001  0.67361922E-001  0.97284340E+000 -0.97006513E-001
 -0.10328768E+002 -0.68914375E+001  0.92812397E-001  0.97936375E+000 -0.97643402E-001
 -0.10328698E+002 -0.68597931E+001  0.92882182E-001  0.92761029E+000 -0.71563308E-001
 -0.10331880E+002 -0.68294858E+001  0.10197022E+000  0.10227655E+001  0.94456844E-001
 -0.11026571E+002 -0.68001621E+001  0.11269620E+000  0.10582074E+001  0.74289256E-001
 -0.11029925E+002 -0.68001621E+001  0.10934261E+000  0.89633622E+000 -0.67721616E-002
 -0.11400858E+002 -0.67727076E+001  0.19207637E+000  0.90854349E+000  0.41850677E-001
 -0.11420159E+002 -0.67727076E+001  0.17277583E+000  0.10500993E+001  0.78640323E-001
 -0.11401252E+002 -0.67727076E+001  0.19168250E+000  0.10563924E+001  0.73049184E-001
 -0.11003744E+002 -0.67454122E+001  0.24154459E+000  0.90071920E+000  0.12888683E-001
 -0.11044878E+002 -0.67454122E+001  0.20041120E+000  0.10904361E+001 -0.64418082E-002
 -0.11011296E+002 -0.67181248E+001  0.25646549E+000  0.90053553E+000  0.76479643E-002
 -0.11013073E+002 -0.67181248E+001  0.25468887E+000  0.10843318E+001 -0.29086629E-001
 -0.10294050E+002 -0.66914639E+001  0.29173793E+000  0.90754633E+000  0.32856840E-001
 -0.11374796E+002 -0.66651588E+001  0.33182709E+000  0.10864383E+001 -0.95319970E-002
 -0.11396194E+002 -0.66651588E+001  0.31042969E+000  0.10537405E+001 -0.70998141E-001
 -0.11412538E+002 -0.66651588E+001  0.29408582E+000  0.99595043E+000 -0.93344520E-001
 -0.10260828E+002 -0.66384934E+001  0.34718335E+000  0.10786161E+001  0.36500012E-001
 -0.10942730E+002 -0.66121239E+001  0.35842872E+000  0.99718377E+000 -0.91464833E-001
 -0.10950961E+002 -0.66121239E+001  0.35019707E+000  0.10787914E+001  0.35894764E-001
 -0.11624648E+002 -0.65861451E+001  0.36965744E+000  0.10824329E+001 -0.24226071E-001
 -0.11633134E+002 -0.65861451E+001  0.36117172E+000  0.97221696E+000  0.88390291E-001
 -0.11634453E+002 -0.65861451E+001  0.35985252E+000  0.10851257E+001 -0.13319627E-001
 -0.11635005E+002 -0.65861451E+001  0.35930036E+000  0.94939541E+000 -0.78805559E-001
 -0.10931660E+002 -0.65613849E+001  0.40339964E+000  0.90899171E+000  0.27404527E-001
 -0.10963416E+002 -0.65613849E+001  0.37164386E+000  0.92917438E+000 -0.62295768E-001
 -0.10239689E+002 -0.65369464E+001  0.42444639E+000  0.10545297E+001  0.65979669E-001
 -0.10244363E+002 -0.65128541E+001  0.43082296E+000  0.93138041E+000 -0.62109329E-001
 -0.10248994E+002 -0.64894370E+001  0.43724190E+000  0.91197555E+000  0.32538870E-001
 -0.10243614E+002 -0.64664101E+001  0.44262129E+000  0.10834461E+001  0.68705544E-002
 -0.10935463E+002 -0.64437815E+001  0.44391938E+000  0.91561371E+000 -0.39877476E-001
 -0.10936613E+002 -0.64437815E+001  0.44277001E+000  0.10009163E+001  0.88797441E-001
 -0.10918097E+002 -0.64216252E+001  0.46128601E+000  0.91126732E+000  0.28712359E-001
 -0.10921694E+002 -0.64216252E+001  0.45768851E+000  0.10081911E+001 -0.87515043E-001
 -0.10908233E+002 -0.63998215E+001  0.48257876E+000  0.93220443E+000 -0.60773126E-001
 -0.10912969E+002 -0.63998215E+001  0.47784196E+000  0.10140372E+001  0.85754030E-001
 -0.10882109E+002 -0.63780288E+001  0.50870282E+000  0.99571769E+000  0.87017020E-001
 -0.10906286E+002 -0.63780288E+001  0.48452569E+000  0.91244801E+000  0.29890753E-001
 -0.10881196E+002 -0.63563914E+001  0.52117625E+000  0.91843381E+000  0.40247558E-001
 -0.10892890E+002 -0.63563914E+001  0.50948251E+000  0.10117858E+001 -0.85270992E-001
 -0.10184642E+002 -0.63349492E+001  0.52458294E+000  0.91848659E+000 -0.40128542E-001
 -0.10875506E+002 -0.63138863E+001  0.52686661E+000  0.10736189E+001  0.34757782E-001
 -0.10877769E+002 -0.63138863E+001  0.52460331E+000  0.10802825E+001 -0.12706985E-001
 -0.11563740E+002 -0.62939172E+001  0.56687067E+000  0.91654908E+000 -0.33266194E-001
 -0.11568023E+002 -0.62939172E+001  0.56258747E+000  0.99242700E+000 -0.85326230E-001
 -0.11582905E+002 -0.62939172E+001  0.54770603E+000  0.10791552E+001 -0.15126790E-001
 -0.11582326E+002 -0.62939172E+001  0.54828476E+000  0.10002736E+001  0.85634740E-001
 -0.10855207E+002 -0.62735479E+001  0.58225678E+000  0.97280664E+000 -0.81678803E-001
 -0.10862330E+002 -0.62735479E+001  0.57513331E+000  0.91334546E+000 -0.23976296E-001
 -0.11525591E+002 -0.62532790E+001  0.60501945E+000  0.10040794E+001  0.83521841E-001
 -0.11547842E+002 -0.62532790E+001  0.58276836E+000  0.99059786E+000  0.84620684E-001
 -0.11530558E+002 -0.62532790E+001  0.60005307E+000  0.10007112E+001 -0.83991577E-001
 -0.11537498E+002 -0.62532790E+001  0.59311236E+000  0.10685797E+001 -0.40272466E-001
 -0.10137073E+002 -0.62329599E+001  0.60724307E+000  0.91146141E+000 -0.10827292E-001
 -0.10129986E+002 -0.62130015E+001  0.61433083E+000  0.10625889E+001  0.48461725E-001
 -0.10122196E+002 -0.61932960E+001  0.62212086E+000  0.91151862E+000  0.71582542E-002
 -0.11209906E+002 -0.61738215E+001  0.63302256E+000  0.91158046E+000 -0.24590793E-002
 -0.11219950E+002 -0.61738215E+001  0.62297820E+000  0.10384151E+001  0.70789069E-001
 -0.11217984E+002 -0.61738215E+001  0.62494461E+000  0.10696768E+001  0.36059745E-001
 -0.10120537E+002 -0.61547479E+001  0.63620184E+000  0.10308313E+001  0.74570137E-001
 -0.10116231E+002 -0.61359722E+001  0.64050762E+000  0.96001515E+000  0.74912821E-001
 -0.10109452E+002 -0.61174637E+001  0.64728713E+000  0.98861363E+000 -0.82449299E-001
 -0.11725741E+002 -0.60998407E+001  0.67817573E+000  0.94892581E+000  0.67093420E-001
 -0.11739350E+002 -0.60998407E+001  0.66456750E+000  0.10245007E+001  0.76422331E-001
 -0.11750383E+002 -0.60998407E+001  0.65353389E+000  0.91792833E+000  0.29539643E-001
 -0.11731017E+002 -0.60998407E+001  0.67290023E+000  0.10753259E+001  0.14319749E-001
 -0.11756282E+002 -0.60998407E+001  0.64763533E+000  0.10625909E+001 -0.46667836E-001
 -0.10107463E+002 -0.60819845E+001  0.68701640E+000  0.91464643E+000 -0.14489954E-001
 -0.10807074E+002 -0.60645065E+001  0.69313117E+000  0.10759815E+001 -0.90000610E-003
 -0.10811481E+002 -0.60645065E+001  0.68872385E+000  0.92070888E+000  0.33142633E-001
 -0.10112208E+002 -0.60472242E+001  0.69484974E+000  0.92154619E+000  0.34446209E-001
 -0.10130272E+002 -0.60306285E+001  0.70210350E+000  0.10740417E+001 -0.15992605E-001
 -0.10818752E+002 -0.60141858E+001  0.70677103E+000  0.10289243E+001  0.73002401E-001
 -0.10822398E+002 -0.60141858E+001  0.70312465E+000  0.97627816E+000  0.78631402E-001
 -0.11239727E+002 -0.59987208E+001  0.74127160E+000  0.92891882E+000  0.44141688E-001
 -0.11245222E+002 -0.59987208E+001  0.73577691E+000  0.10735868E+001 -0.12460737E-001
 -0.11256895E+002 -0.59987208E+001  0.72410354E+000  0.10641735E+001  0.39669986E-001
 -0.10867839E+002 -0.59842054E+001  0.79058227E+000  0.10389680E+001  0.63962307E-001
 -0.10900413E+002 -0.59842054E+001  0.75800792E+000  0.92432552E+000  0.35392169E-001
 -0.10172323E+002 -0.59691799E+001  0.79295109E+000  0.10723138E+001 -0.76928529E-002
 -0.11940106E+002 -0.59549969E+001  0.86238959E+000  0.92224527E+000  0.20878667E-001
 -0.11994191E+002 -0.59549969E+001  0.80830462E+000  0.92524366E+000  0.33494368E-001
 -0.11955661E+002 -0.59549969E+001  0.84683477E+000  0.91889352E+000 -0.60631318E-002
 -0.11958838E+002 -0.59549969E+001  0.84365729E+000  0.96655206E+000 -0.70540816E-001
 -0.11958874E+002 -0.59549969E+001  0.84362158E+000  0.10671010E+001 -0.23688731E-001
 -0.11961619E+002 -0.59549969E+001  0.84087691E+000  0.92057514E+000 -0.17574327E-001
 -0.11280356E+002 -0.59406539E+001  0.87295601E+000  0.10069887E+001 -0.74192080E-001
 -0.11288250E+002 -0.59406539E+001  0.86506136E+000  0.91946620E+000 -0.52702279E-002
 -0.11280745E+002 -0.59406539E+001  0.87256707E+000  0.91979020E+000 -0.60485502E-002
 -0.11294266E+002 -0.59266664E+001  0.88055225E+000  0.10083941E+001  0.73672777E-001
 -0.11301030E+002 -0.59266664E+001  0.87378802E+000  0.10119807E+001 -0.73142844E-001
 -0.11301191E+002 -0.59266664E+001  0.87362698E+000  0.10659736E+001 -0.23812193E-001
 -0.10201277E+002 -0.59129144E+001  0.88562410E+000  0.93035500E+000 -0.37362953E-001
 -0.11810697E+002 -0.58995655E+001  0.90691937E+000  0.10261875E+001  0.66864746E-001
 -0.11823910E+002 -0.58995655E+001  0.89370617E+000  0.10607317E+001 -0.34189242E-001
 -0.11824587E+002 -0.58995655E+001  0.89302935E+000  0.10690141E+001  0.62633931E-002
 -0.11812495E+002 -0.58995655E+001  0.90512098E+000  0.92748528E+000  0.30471366E-001
 -0.11823688E+002 -0.58995655E+001  0.89392777E+000  0.10302212E+001 -0.65295421E-001
 -0.10197328E+002 -0.58861108E+001  0.91085013E+000  0.10307595E+001 -0.64317084E-001
 -0.10207305E+002 -0.58729237E+001  0.91156900E+000  0.92312683E+000  0.17603316E-001
 -0.11296831E+002 -0.58598989E+001  0.92065505E+000  0.92144261E+000 -0.54031674E-002
 -0.11300832E+002 -0.58598989E+001  0.91665428E+000  0.10007590E+001  0.73425250E-001
 -0.11299778E+002 -0.58598989E+001  0.91770814E+000  0.10667590E+001 -0.15322242E-001
 -0.10187884E+002 -0.58469249E+001  0.93098952E+000  0.97460107E+000 -0.70170662E-001
 -0.10878094E+002 -0.58339850E+001  0.93392684E+000  0.93621031E+000  0.43093812E-001
 -0.10878342E+002 -0.58339850E+001  0.93367911E+000  0.10274023E+001 -0.65213457E-001
 -0.11283230E+002 -0.58211730E+001  0.93425545E+000  0.93012645E+000 -0.33466684E-001
 -0.11283372E+002 -0.58211730E+001  0.93411337E+000  0.10202032E+001  0.68387777E-001
 -0.11283387E+002 -0.58211730E+001  0.93409884E+000  0.96127993E+000  0.64592588E-001
 -0.10182811E+002 -0.58085190E+001  0.93606222E+000  0.10042371E+001 -0.72357764E-001
 -0.11284301E+002 -0.57961404E+001  0.94448454E+000  0.10203971E+001  0.67918176E-001
 -0.11289139E+002 -0.57961404E+001  0.93964664E+000  0.10415727E+001 -0.55520094E-001
 -0.11292398E+002 -0.57961404E+001  0.93638698E+000  0.10109845E+001 -0.71115279E-001
 -0.10870257E+002 -0.57838104E+001  0.95306314E+000  0.10525275E+001 -0.43232761E-001
 -0.10873839E+002 -0.57838104E+001  0.94948094E+000  0.10349280E+001  0.60124219E-001
 -0.10173263E+002 -0.57715263E+001  0.95691009E+000  0.93744925E+000  0.43376356E-001
 -0.10181467E+002 -0.57594839E+001  0.96026729E+000  0.92281038E+000 -0.45173882E-002
 -0.10180851E+002 -0.57475451E+001  0.96088286E+000  0.94899318E+000 -0.55199147E-001
 -0.11606229E+002 -0.57363921E+001  0.97895742E+000  0.10473259E+001  0.48040653E-001
 -0.11615403E+002 -0.57363921E+001  0.96978420E+000  0.10467732E+001  0.49118071E-001
 -0.11619445E+002 -0.57363921E+001  0.96574149E+000  0.10401191E+001 -0.55525355E-001
 -0.11621956E+002 -0.57363921E+001  0.96323076E+000  0.10531060E+001  0.41840081E-001
 -0.10902119E+002 -0.57251620E+001  0.98992044E+000  0.93148360E+000 -0.31732569E-001
 -0.10906014E+002 -0.57251620E+001  0.98602517E+000  0.94992957E+000 -0.54799488E-001
 -0.11300712E+002 -0.57139350E+001  0.99679223E+000  0.10624152E+001 -0.20645455E-001
 -0.11305749E+002 -0.57139350E+001  0.99175554E+000  0.10193543E+001  0.66489372E-001
 -0.11303027E+002 -0.57139350E+001  0.99447733E+000  0.10644041E+001  0.13103982E-001
 -0.10229490E+002 -0.57031270E+001  0.10033038E+001  0.93011261E+000  0.27714161E-001
 -0.10229290E+002 -0.56924841E+001  0.10146767E+001  0.10200141E+001 -0.65333332E-001
 -0.11619113E+002 -0.56820664E+001  0.10333717E+001  0.10182267E+001  0.65270114E-001
 -0.11625883E+002 -0.56820664E+001  0.10266016E+001  0.93959142E+000 -0.42001952E-001
 -0.11623794E+002 -0.56820664E+001  0.10286904E+001  0.93776258E+000  0.39382079E-001
 -0.11632695E+002 -0.56820664E+001  0.10197897E+001  0.98207385E+000 -0.68682345E-001
 -0.10926246E+002 -0.56716773E+001  0.10441410E+001  0.98457262E+000 -0.68194520E-001
 -0.10929704E+002 -0.56716773E+001  0.10406838E+001  0.10103614E+001  0.67342403E-001
 -0.10929704E+002 -0.56716773E+001  0.10406838E+001  0.10103614E+001  0.67342403E-001
 -0.10241290E+002 -0.56613979E+001  0.10469999E+001  0.93766029E+000 -0.38029529E-001
 -0.10945980E+002 -0.56514149E+001  0.10574358E+001  0.10427128E+001  0.48678894E-001
 -0.10951819E+002 -0.56514149E+001  0.10515973E+001  0.99489889E+000 -0.68722685E-001
 -0.11364672E+002 -0.56417446E+001  0.10766445E+001  0.10131410E+001  0.65210340E-001
 -0.11368431E+002 -0.56417446E+001  0.10728851E+001  0.97408466E+000  0.64537912E-001
 -0.11374391E+002 -0.56417446E+001  0.10669258E+001  0.92822187E+000 -0.14335865E-001
 -0.10265625E+002 -0.56319820E+001  0.10770789E+001  0.94003262E+000  0.39431938E-001
 -0.10981790E+002 -0.56226136E+001  0.10861501E+001  0.10125726E+001  0.64992494E-001
 -0.10989655E+002 -0.56226136E+001  0.10782846E+001  0.93178107E+000 -0.24409899E-001
 -0.11908828E+002 -0.56134423E+001  0.10964562E+001  0.93466844E+000  0.29168359E-001
 -0.11908949E+002 -0.56134423E+001  0.10963351E+001  0.10586562E+001 -0.20164182E-001
 -0.11917793E+002 -0.56134423E+001  0.10874912E+001  0.10058357E+001  0.66441379E-001
 -0.11918573E+002 -0.56134423E+001  0.10867105E+001  0.10157404E+001  0.64001895E-001
 -0.11908856E+002 -0.56134423E+001  0.10964283E+001  0.10067629E+001  0.65927612E-001
 -0.10984210E+002 -0.56042606E+001  0.11047826E+001  0.93222571E+000  0.22719186E-001
 -0.10988273E+002 -0.56042606E+001  0.11007202E+001  0.98823211E+000 -0.66491040E-001
 -0.10978592E+002 -0.55951828E+001  0.11209836E+001  0.94256204E+000 -0.39985486E-001
 -0.10994307E+002 -0.55951828E+001  0.11052681E+001  0.93099123E+000 -0.19025867E-001
 -0.10285074E+002 -0.55860405E+001  0.11213542E+001  0.97108068E+000 -0.61458916E-001
 -0.10290997E+002 -0.55770736E+001  0.11261265E+001  0.10510696E+001 -0.33952558E-001
 -0.10993996E+002 -0.55682386E+001  0.11269701E+001  0.10084487E+001  0.64376271E-001
 -0.10994029E+002 -0.55682386E+001  0.11269364E+001  0.10605952E+001  0.25244960E-002
 -0.10988771E+002 -0.55595665E+001  0.11428902E+001  0.98772989E+000  0.64770249E-001
 -0.10997558E+002 -0.55595665E+001  0.11341031E+001  0.10131321E+001  0.62890157E-001
 -0.10969948E+002 -0.55508316E+001  0.11617133E+001  0.98614414E+000 -0.63809035E-001
 -0.10974625E+002 -0.55508316E+001  0.11570358E+001  0.96291915E+000  0.55949289E-001
 -0.11370303E+002 -0.55420085E+001  0.11668233E+001  0.99222682E+000 -0.64165273E-001
 -0.11372880E+002 -0.55420085E+001  0.11642460E+001  0.94063764E+000  0.34301066E-001
 -0.11373528E+002 -0.55420085E+001  0.11635978E+001  0.93071825E+000  0.58068331E-002
 -0.10267086E+002 -0.55332180E+001  0.11714278E+001  0.10143668E+001  0.60948226E-001
 -0.11360785E+002 -0.55244640E+001  0.11763410E+001  0.93898771E+000 -0.30604628E-001
 -0.11361221E+002 -0.55244640E+001  0.11759052E+001  0.95949367E+000 -0.52917058E-001
 -0.11361230E+002 -0.55244640E+001  0.11758957E+001  0.10382501E+001  0.46605066E-001
 -0.10953462E+002 -0.55157435E+001  0.11781986E+001  0.94764895E+000  0.42532475E-001
 -0.10953839E+002 -0.55157435E+001  0.11778223E+001  0.93892530E+000 -0.30369110E-001
 -0.10256754E+002 -0.55070823E+001  0.11817599E+001  0.95884551E+000 -0.52187222E-001
 -0.10256141E+002 -0.54984650E+001  0.11823726E+001  0.10574972E+001 -0.10759848E-001
 -0.10265624E+002 -0.54900140E+001  0.11844507E+001  0.98979294E+000  0.63294558E-001
 -0.10272291E+002 -0.54817125E+001  0.11893446E+001  0.10557133E+001 -0.17221943E-001
 -0.10269694E+002 -0.54734392E+001  0.11919413E+001  0.10165606E+001 -0.59302417E-001
 -0.11367736E+002 -0.54653077E+001  0.12042079E+001  0.99562388E+000 -0.62696815E-001
 -0.11373345E+002 -0.54653077E+001  0.11985990E+001  0.10286782E+001 -0.52916138E-001
 -0.11377185E+002 -0.54653077E+001  0.11947587E+001  0.95443608E+000 -0.48146670E-001
 -0.10968880E+002 -0.54572373E+001  0.12092952E+001  0.10443000E+001  0.37950368E-001
 -0.10972425E+002 -0.54572373E+001  0.12057494E+001  0.97132487E+000  0.57909491E-001
 -0.10283569E+002 -0.54492840E+001  0.12131544E+001  0.10465052E+001 -0.34625497E-001
 -0.10986034E+002 -0.54414549E+001  0.12155326E+001  0.10111594E+001  0.60032114E-001
 -0.10986871E+002 -0.54414549E+001  0.12146963E+001  0.10115145E+001  0.59968891E-001
 -0.10982887E+002 -0.54336681E+001  0.12186799E+001  0.10069347E+001  0.60905587E-001
 -0.10984247E+002 -0.54336681E+001  0.12173203E+001  0.96211375E+000  0.52609825E-001
 -0.10296487E+002 -0.54260081E+001  0.12237675E+001  0.97194716E+000  0.57359930E-001
 -0.11397137E+002 -0.54184572E+001  0.12335640E+001  0.10055108E+001 -0.60543235E-001
 -0.11397150E+002 -0.54184572E+001  0.12335511E+001  0.10556908E+001 -0.87284252E-002
 -0.11404167E+002 -0.54184572E+001  0.12265340E+001  0.10275169E+001  0.52294916E-001
 -0.10326478E+002 -0.54111494E+001  0.12407020E+001  0.10047392E+001  0.60371315E-001
 -0.10338886E+002 -0.54040083E+001  0.12512838E+001  0.10410891E+001 -0.39150607E-001
 -0.11031539E+002 -0.53968427E+001  0.12517777E+001  0.93428420E+000 -0.45221702E-002
 -0.11031774E+002 -0.53968427E+001  0.12515422E+001  0.10017411E+001  0.60328985E-001
 -0.10337800E+002 -0.53897246E+001  0.12523694E+001  0.10301061E+001  0.49242698E-001
 -0.11026139E+002 -0.53827345E+001  0.12688735E+001  0.10542264E+001  0.84086200E-002
 -0.11039079E+002 -0.53827345E+001  0.12559337E+001  0.93430516E+000 -0.14021810E-002
 -0.10332695E+002 -0.53756779E+001  0.12691709E+001  0.99088518E+000 -0.59822348E-001
 -0.10344104E+002 -0.53687508E+001  0.12695960E+001  0.10510059E+001  0.20806628E-001
 -0.11032769E+002 -0.53618685E+001  0.12740783E+001  0.10239238E+001  0.52105747E-001
 -0.11033096E+002 -0.53618685E+001  0.12737507E+001  0.10240054E+001  0.52075781E-001
 -0.10346339E+002 -0.53550840E+001  0.12793370E+001  0.10186833E+001 -0.54485214E-001
 -0.10344995E+002 -0.53483099E+001  0.12806807E+001  0.10008566E+001 -0.59166749E-001
 -0.11051060E+002 -0.53417322E+001  0.12918609E+001  0.10518671E+001  0.14983054E-001
 -0.11057194E+002 -0.53417322E+001  0.12857274E+001  0.93860146E+000  0.18454084E-001
 -0.11049877E+002 -0.53351243E+001  0.12930440E+001  0.95063387E+000 -0.38667226E-001
 -0.11051023E+002 -0.53351243E+001  0.12918983E+001  0.95168268E+000 -0.39902289E-001
 -0.12694384E+002 -0.53289988E+001  0.13285926E+001  0.10501662E+001  0.15069734E-001
 -0.12705100E+002 -0.53289988E+001  0.13178759E+001  0.10281999E+001 -0.47130821E-001
 -0.12697661E+002 -0.53289988E+001  0.13253149E+001  0.97970069E+000  0.55398567E-001
 -0.12724785E+002 -0.53289988E+001  0.12981918E+001  0.94371833E+000  0.28574760E-001
 -0.12697074E+002 -0.53289988E+001  0.13259021E+001  0.93807543E+000 -0.89290137E-002
 -0.12716050E+002 -0.53289988E+001  0.13069263E+001  0.94653189E+000 -0.32377024E-001
 -0.12701449E+002 -0.53289988E+001  0.13215274E+001  0.96661591E+000  0.50109207E-001
 -0.12697312E+002 -0.53289988E+001  0.13256640E+001  0.10431462E+001  0.31003050E-001
 -0.12729423E+002 -0.53289988E+001  0.12935538E+001  0.97287086E+000  0.54528459E-001
 -0.12729877E+002 -0.53289988E+001  0.12930997E+001  0.10248617E+001  0.50610919E-001
 -0.11771437E+002 -0.53227623E+001  0.13466775E+001  0.95012488E+000  0.34314290E-001
 -0.11779532E+002 -0.53227623E+001  0.13385826E+001  0.10397718E+001  0.34763447E-001
 -0.11785234E+002 -0.53227623E+001  0.13328798E+001  0.95106328E+000 -0.36469955E-001
 -0.11789086E+002 -0.53227623E+001  0.13290282E+001  0.10191079E+001  0.51892148E-001
 -0.11466468E+002 -0.53164518E+001  0.13639645E+001  0.10305660E+001  0.42680432E-001
 -0.11475287E+002 -0.53164518E+001  0.13551452E+001  0.10130502E+001  0.53093748E-001
 -0.11475801E+002 -0.53164518E+001  0.13546317E+001  0.93919990E+000 -0.76283939E-002
 -0.11756673E+002 -0.53101450E+001  0.13730025E+001  0.99196094E+000  0.55241124E-001
 -0.11760774E+002 -0.53101450E+001  0.13689011E+001  0.10230912E+001 -0.47721439E-001
 -0.11762753E+002 -0.53101450E+001  0.13669217E+001  0.10259405E+001  0.46012405E-001
 -0.11760596E+002 -0.53101450E+001  0.13690791E+001  0.10415194E+001 -0.29907647E-001
 -0.10367847E+002 -0.53038209E+001  0.13755339E+001  0.94138786E+000 -0.13641560E-001
 -0.10378791E+002 -0.52975938E+001  0.13762854E+001  0.10474092E+001 -0.16715915E-001
 -0.11070085E+002 -0.52914005E+001  0.13781390E+001  0.10418593E+001  0.28581816E-001
 -0.11070898E+002 -0.52914005E+001  0.13773262E+001  0.94435077E+000  0.21890214E-001
 -0.10370148E+002 -0.52852340E+001  0.13849292E+001  0.10085898E+001 -0.53010077E-001
 -0.11059348E+002 -0.52790637E+001  0.13888760E+001  0.10461445E+001 -0.18586840E-001
 -0.11063132E+002 -0.52790637E+001  0.13850916E+001  0.10049199E+001  0.53827799E-001
 -0.12003933E+002 -0.52731925E+001  0.14082094E+001  0.94144528E+000 -0.52229083E-002
 -0.12009705E+002 -0.52731925E+001  0.14024382E+001  0.10370818E+001  0.33433471E-001
 -0.12007242E+002 -0.52731925E+001  0.14049009E+001  0.94164098E+000  0.80227611E-002
 -0.12022006E+002 -0.52731925E+001  0.13901364E+001  0.95840021E+000  0.40319578E-001
 -0.12016937E+002 -0.52731925E+001  0.13952060E+001  0.96405700E+000 -0.44515086E-001
 -0.10391096E+002 -0.52672420E+001  0.14116087E+001  0.97622773E+000  0.50062597E-001
 -0.10398247E+002 -0.52613762E+001  0.14162921E+001  0.10065052E+001  0.51985790E-001
 -0.11095994E+002 -0.52555861E+001  0.14235270E+001  0.95470864E+000  0.34258402E-001
 -0.11100565E+002 -0.52555861E+001  0.14189563E+001  0.10317265E+001 -0.38170722E-001
 -0.10398893E+002 -0.52497877E+001  0.14274806E+001  0.95635370E+000  0.35810875E-001
 -0.10394330E+002 -0.52439998E+001  0.14320433E+001  0.10441612E+001  0.18015313E-001
 -0.11481931E+002 -0.52382885E+001  0.14551768E+001  0.10200086E+001  0.44745385E-001
 -0.11498866E+002 -0.52382885E+001  0.14382410E+001  0.10048903E+001  0.51236946E-001
 -0.11490756E+002 -0.52382885E+001  0.14463517E+001  0.94318862E+000  0.37701264E-002
 -0.11969823E+002 -0.52324772E+001  0.14781099E+001  0.10340453E+001  0.31308718E-001
 -0.11975246E+002 -0.52324772E+001  0.14726870E+001  0.99332518E+000  0.50460126E-001
 -0.11988629E+002 -0.52324772E+001  0.14593042E+001  0.10460404E+001 -0.77342412E-003
 -0.11984416E+002 -0.52324772E+001  0.14635167E+001  0.10263709E+001 -0.39964932E-001
 -0.11974879E+002 -0.52324772E+001  0.14730541E+001  0.10421249E+001 -0.17660924E-001
 -0.10363916E+002 -0.52266376E+001  0.14868496E+001  0.96512574E+000 -0.39740158E-001
 -0.10372224E+002 -0.52208523E+001  0.14908117E+001  0.10423003E+001 -0.14346378E-001
 -0.11059093E+002 -0.52150776E+001  0.14970896E+001  0.99162454E+000  0.49118462E-001
 -0.11062459E+002 -0.52150776E+001  0.14937234E+001  0.10353209E+001 -0.28281436E-001
 -0.11063149E+002 -0.52093711E+001  0.15054561E+001  0.95566901E+000  0.28873962E-001
 -0.11065481E+002 -0.52093711E+001  0.15031243E+001  0.10235782E+001  0.39551150E-001
 -0.10366837E+002 -0.52036494E+001  0.15086211E+001  0.97750186E+000 -0.45348504E-001
 -0.10377833E+002 -0.51980134E+001  0.15102032E+001  0.10086477E+001 -0.46546839E-001
 -0.11780960E+002 -0.51925384E+001  0.15183720E+001  0.10246207E+001  0.37756010E-001
 -0.11784069E+002 -0.51925384E+001  0.15152632E+001  0.94925263E+000 -0.15679599E-001
 -0.11782931E+002 -0.51925384E+001  0.15164012E+001  0.98571135E+000  0.47311265E-001
 -0.11784925E+002 -0.51925384E+001  0.15144073E+001  0.96177625E+000 -0.35046014E-001
 -0.10385071E+002 -0.51870487E+001  0.15279670E+001  0.10227447E+001  0.38537756E-001
 -0.11070743E+002 -0.51815364E+001  0.15354418E+001  0.10279573E+001 -0.33596497E-001
 -0.11074569E+002 -0.51815364E+001  0.15316165E+001  0.99874409E+000  0.47250901E-001
 -0.11080976E+002 -0.51760830E+001  0.15379485E+001  0.10411696E+001  0.85328122E-002
 -0.11083389E+002 -0.51760830E+001  0.15355355E+001  0.10403834E+001 -0.12505382E-001
 -0.10418071E+002 -0.51708466E+001  0.15454468E+001  0.95430761E+000  0.22881034E-001
 -0.10417178E+002 -0.51655983E+001  0.15463391E+001  0.10382462E+001 -0.17029966E-001
 -0.11806731E+002 -0.51604379E+001  0.15556596E+001  0.10128206E+001 -0.42440256E-001
 -0.11814038E+002 -0.51604379E+001  0.15483526E+001  0.98659045E+000 -0.45723924E-001
 -0.11807284E+002 -0.51604379E+001  0.15551061E+001  0.10125167E+001 -0.42601422E-001
 -0.11810787E+002 -0.51604379E+001  0.15516030E+001  0.98445835E+000  0.45092958E-001
 -0.10419885E+002 -0.51552560E+001  0.15562112E+001  0.94981778E+000 -0.94697175E-002
 -0.11118344E+002 -0.51501631E+001  0.15636383E+001  0.98361140E+000 -0.44195121E-001
 -0.11121540E+002 -0.51501631E+001  0.15604419E+001  0.10383303E+001 -0.14545736E-001
 -0.11530134E+002 -0.51451228E+001  0.15700520E+001  0.10090866E+001 -0.42995013E-001
 -0.11531904E+002 -0.51451228E+001  0.15682828E+001  0.96406100E+000  0.33174988E-001
 -0.11531632E+002 -0.51451228E+001  0.15685542E+001  0.95136827E+000  0.12753927E-001
 -0.10429131E+002 -0.51400757E+001  0.15724430E+001  0.95000847E+000  0.49700203E-002
 -0.11823118E+002 -0.51351062E+001  0.15776535E+001  0.97942437E+000  0.42048876E-001
 -0.11826151E+002 -0.51351062E+001  0.15746210E+001  0.95078744E+000 -0.90514230E-002
 -0.11824046E+002 -0.51351062E+001  0.15767262E+001  0.95625660E+000 -0.22765020E-001
 -0.11824749E+002 -0.51351062E+001  0.15760226E+001  0.10395198E+001 -0.54054352E-002
 -0.10431475E+002 -0.51301355E+001  0.15830022E+001  0.96986126E+000  0.36748165E-001
 -0.11553448E+002 -0.51252902E+001  0.15856177E+001  0.10252383E+001 -0.32351316E-001
 -0.11554776E+002 -0.51252902E+001  0.15842891E+001  0.10357707E+001  0.17473049E-001
 -0.11554332E+002 -0.51252902E+001  0.15847333E+001  0.10334899E+001  0.21982956E-001
 -0.10449974E+002 -0.51204556E+001  0.15904794E+001  0.10354073E+001  0.17418707E-001
 -0.10462995E+002 -0.51156836E+001  0.15905302E+001  0.95079497E+000 -0.15394032E-002
 -0.10461510E+002 -0.51109339E+001  0.15920153E+001  0.95140388E+000  0.68831364E-002
 -0.12271768E+002 -0.51063814E+001  0.16127371E+001  0.10068708E+001 -0.41100610E-001
 -0.12290520E+002 -0.51063814E+001  0.15939849E+001  0.10356135E+001 -0.16403603E-001
 -0.12272141E+002 -0.51063814E+001  0.16123647E+001  0.10171369E+001 -0.36578469E-001
 -0.12277217E+002 -0.51063814E+001  0.16072879E+001  0.10066681E+001 -0.41495511E-001
 -0.12276849E+002 -0.51063814E+001  0.16076560E+001  0.10271587E+001  0.28540923E-001
 -0.12289407E+002 -0.51063814E+001  0.15950978E+001  0.10317746E+001  0.23658566E-001
 -0.11589369E+002 -0.51018140E+001  0.16148920E+001  0.97795222E+000 -0.39116808E-001
 -0.11589565E+002 -0.51018140E+001  0.16146968E+001  0.98318738E+000  0.41022715E-001
 -0.11589598E+002 -0.51018140E+001  0.16146633E+001  0.10213246E+001  0.33492848E-001
 -0.10489569E+002 -0.50972576E+001  0.16160800E+001  0.96611539E+000 -0.31311850E-001
 -0.10489220E+002 -0.50927165E+001  0.16164294E+001  0.10207055E+001  0.33841286E-001
 -0.11926391E+002 -0.50884764E+001  0.16300909E+001  0.10092877E+001  0.39201789E-001
 -0.11938249E+002 -0.50884764E+001  0.16182328E+001  0.97301998E+000  0.36334525E-001
 -0.11933337E+002 -0.50884764E+001  0.16231449E+001  0.96478906E+000 -0.29437667E-001
 -0.11932215E+002 -0.50884764E+001  0.16242669E+001  0.10300582E+001  0.23138362E-001
 -0.10539013E+002 -0.50841962E+001  0.16311748E+001  0.96031475E+000 -0.23187650E-001
 -0.10559749E+002 -0.50800361E+001  0.16357563E+001  0.98178892E+000  0.39248327E-001
 -0.11246973E+002 -0.50758743E+001  0.16416798E+001  0.95519893E+000 -0.10402649E-001
 -0.11247092E+002 -0.50758743E+001  0.16415610E+001  0.97987851E+000 -0.38164860E-001
 -0.11242310E+002 -0.50717051E+001  0.16463428E+001  0.10265641E+001 -0.25624424E-001
 -0.11244684E+002 -0.50717051E+001  0.16439691E+001  0.10144093E+001 -0.35939987E-001
 -0.10549026E+002 -0.50675339E+001  0.16464794E+001  0.10219789E+001  0.30417878E-001
 -0.10548689E+002 -0.50633794E+001  0.16468161E+001  0.95606873E+000  0.12238501E-001
 -0.11645624E+002 -0.50592407E+001  0.16484940E+001  0.10340099E+001  0.11002870E-001
 -0.11646713E+002 -0.50592407E+001  0.16474052E+001  0.96437177E+000  0.26803210E-001
 -0.11647284E+002 -0.50592407E+001  0.16468335E+001  0.10329300E+001 -0.14566273E-001
 -0.11639736E+002 -0.50551122E+001  0.16543819E+001  0.96153957E+000  0.22427349E-001
 -0.11642630E+002 -0.50551122E+001  0.16514878E+001  0.95454233E+000  0.26233823E-002
 -0.11644075E+002 -0.50551122E+001  0.16500425E+001  0.98408421E+000  0.39029377E-001
 -0.10560739E+002 -0.50510865E+001  0.16617948E+001  0.95855597E+000 -0.16098934E-001
 -0.11249820E+002 -0.50470471E+001  0.16658612E+001  0.10313289E+001  0.15317851E-001
 -0.11252431E+002 -0.50470471E+001  0.16632501E+001  0.98478400E+000  0.38352362E-001
 -0.11648938E+002 -0.50430077E+001  0.16722082E+001  0.95814595E+000  0.13301702E-001
 -0.11652437E+002 -0.50430077E+001  0.16687097E+001  0.10208049E+001 -0.29577173E-001
 -0.11649998E+002 -0.50430077E+001  0.16711486E+001  0.10105845E+001  0.35898648E-001
 -0.10546618E+002 -0.50389589E+001  0.16759162E+001  0.10284374E+001 -0.19626664E-001
 -0.10556935E+002 -0.50349676E+001  0.16795854E+001  0.99721121E+000  0.38561840E-001
 -0.11242573E+002 -0.50309776E+001  0.16870947E+001  0.10308135E+001 -0.12827144E-001
 -0.11242664E+002 -0.50309776E+001  0.16870033E+001  0.10308250E+001 -0.12813142E-001
 -0.10548048E+002 -0.50269736E+001  0.16884720E+001  0.10023496E+001 -0.37306618E-001
 -0.10542903E+002 -0.50229800E+001  0.16936179E+001  0.98216038E+000  0.35437255E-001
 -0.10540594E+002 -0.50189819E+001  0.16959262E+001  0.98809283E+000 -0.36898059E-001
 -0.10539075E+002 -0.50149905E+001  0.16974452E+001  0.10228337E+001  0.24900068E-001
 -0.11228420E+002 -0.50110089E+001  0.17012479E+001  0.10085278E+001 -0.34587065E-001
 -0.11230292E+002 -0.50110089E+001  0.16993752E+001  0.10139720E+001  0.32050075E-001
 -0.11252816E+002 -0.50071466E+001  0.17071571E+001  0.10073479E+001  0.34599220E-001
 -0.11255264E+002 -0.50071466E+001  0.17047089E+001  0.10226358E+001  0.24377436E-001
 -0.11246239E+002 -0.50032764E+001  0.17137338E+001  0.95987443E+000 -0.95010093E-002
 -0.11252503E+002 -0.50032764E+001  0.17074697E+001  0.96484982E+000  0.21055898E-001
 -0.11252503E+002 -0.50032764E+001  0.17074697E+001  0.96484982E+000  0.21055898E-001
 -0.11647696E+002 -0.49993958E+001  0.17177421E+001  0.10078227E+001  0.33634267E-001
 -0.11651047E+002 -0.49993958E+001  0.17143914E+001  0.98332200E+000  0.34333435E-001
 -0.11650119E+002 -0.49993958E+001  0.17153186E+001  0.97506181E+000  0.30212902E-001
 -0.10548394E+002 -0.49955147E+001  0.17184319E+001  0.96872216E+000 -0.24596425E-001
 -0.10563369E+002 -0.49917062E+001  0.17192056E+001  0.10209513E+001  0.24727167E-001
 -0.11256203E+002 -0.49879093E+001  0.17195182E+001  0.96032658E+000 -0.96053396E-002
 -0.11256429E+002 -0.49879093E+001  0.17192922E+001  0.96753391E+000 -0.23176126E-001
 -0.11242625E+002 -0.49841255E+001  0.17330964E+001  0.10155636E+001 -0.28157671E-001
 -0.11251107E+002 -0.49841255E+001  0.17246144E+001  0.97893314E+000  0.31701648E-001
 -0.11240795E+002 -0.49803046E+001  0.17349261E+001  0.96503828E+000  0.17772068E-001
 -0.11242122E+002 -0.49803046E+001  0.17335997E+001  0.10036166E+001 -0.33792287E-001
 -0.10547444E+002 -0.49764913E+001  0.17351305E+001  0.98973554E+000  0.34383136E-001
 -0.10562476E+002 -0.49727549E+001  0.17369057E+001  0.98175871E+000  0.32023069E-001
 -0.10576744E+002 -0.49690878E+001  0.17394448E+001  0.96419063E+000  0.15555758E-001
 -0.11268483E+002 -0.49654249E+001  0.17408528E+001  0.99778651E+000 -0.34242418E-001
 -0.11269608E+002 -0.49654249E+001  0.17397276E+001  0.97339454E+000  0.26832840E-001
 -0.11320100E+002 -0.49620055E+001  0.17559265E+001  0.10060104E+001  0.31322349E-001
 -0.11324092E+002 -0.49620055E+001  0.17519347E+001  0.98353604E+000 -0.31514336E-001
 -0.10656969E+002 -0.49586558E+001  0.17581718E+001  0.99297586E+000 -0.32995339E-001
 -0.10670912E+002 -0.49553628E+001  0.17602292E+001  0.98014157E+000  0.29355429E-001
 -0.12045916E+002 -0.49520739E+001  0.17715196E+001  0.96534253E+000  0.12210236E-001
 -0.12050830E+002 -0.49520739E+001  0.17666055E+001  0.96556218E+000  0.13665466E-001
 -0.12056321E+002 -0.49520739E+001  0.17611140E+001  0.97978016E+000 -0.29092822E-001
 -0.12046801E+002 -0.49520739E+001  0.17706346E+001  0.97352983E+000  0.23861319E-001
 -0.10657947E+002 -0.49487586E+001  0.17731936E+001  0.10268079E+001 -0.62765677E-003
 -0.10673958E+002 -0.49455029E+001  0.17737125E+001  0.10103475E+001 -0.27850048E-001
 -0.10673664E+002 -0.49422561E+001  0.17740064E+001  0.10025233E+001  0.30898206E-001
 -0.10673523E+002 -0.49390188E+001  0.17741471E+001  0.96395597E+000  0.72476081E-002
 -0.10673141E+002 -0.49357915E+001  0.17745291E+001  0.96665494E+000 -0.14468341E-001
 -0.11357828E+002 -0.49325734E+001  0.17829898E+001  0.98659118E+000  0.29939169E-001
 -0.11361489E+002 -0.49325734E+001  0.17793282E+001  0.96784187E+000  0.15825360E-001
 -0.11352665E+002 -0.49293384E+001  0.17881527E+001  0.10021362E+001 -0.29811117E-001
 -0.11354059E+002 -0.49293384E+001  0.17867580E+001  0.98776813E+000  0.29927180E-001
 -0.10658169E+002 -0.49260972E+001  0.17895017E+001  0.10179681E+001 -0.20057464E-001
 -0.11397933E+002 -0.49230321E+001  0.17969519E+001  0.97618602E+000  0.23299058E-001
 -0.11404248E+002 -0.49230321E+001  0.17906365E+001  0.99510570E+000 -0.30461476E-001
 -0.11411682E+002 -0.49200074E+001  0.18009022E+001  0.98886091E+000  0.28957185E-001
 -0.11415047E+002 -0.49200074E+001  0.17975373E+001  0.10049495E+001 -0.28152780E-001
 -0.11427270E+002 -0.49170330E+001  0.18030141E+001  0.10240795E+001  0.39799526E-002
 -0.11429229E+002 -0.49170330E+001  0.18010553E+001  0.97165838E+000 -0.18224146E-001
 -0.10733079E+002 -0.49140612E+001  0.18040580E+001  0.98684827E+000  0.28174840E-001
 -0.11825263E+002 -0.49110951E+001  0.18104857E+001  0.96694832E+000  0.66586801E-002
 -0.11828902E+002 -0.49110951E+001  0.18068469E+001  0.10024503E+001  0.28094862E-001
 -0.11827574E+002 -0.49110951E+001  0.18081745E+001  0.97456154E+000  0.20556832E-001
 -0.11431419E+002 -0.49081727E+001  0.18172144E+001  0.10064812E+001  0.25686952E-001
 -0.11432150E+002 -0.49081727E+001  0.18164826E+001  0.10060639E+001  0.25942360E-001
 -0.11428724E+002 -0.49052393E+001  0.18199092E+001  0.97751342E+000 -0.21789109E-001
 -0.11430496E+002 -0.49052393E+001  0.18181370E+001  0.10074738E+001 -0.25123571E-001
 -0.11849776E+002 -0.49023607E+001  0.18230143E+001  0.10191273E+001  0.13355327E-001
 -0.11851479E+002 -0.49023607E+001  0.18213114E+001  0.99514912E+000  0.27792184E-001
 -0.11852369E+002 -0.49023607E+001  0.18204215E+001  0.10137991E+001  0.20511933E-001
 -0.10750265E+002 -0.48994815E+001  0.18239130E+001  0.10212377E+001 -0.82165592E-002
 -0.11455515E+002 -0.48966621E+001  0.18308584E+001  0.99676686E+000  0.26847706E-001
 -0.11458633E+002 -0.48966621E+001  0.18277403E+001  0.98033551E+000  0.22926321E-001
 -0.11860490E+002 -0.48938311E+001  0.18313482E+001  0.96838758E+000  0.41349150E-002
 -0.11860664E+002 -0.48938311E+001  0.18311744E+001  0.10208956E+001  0.69801045E-002
 -0.11860581E+002 -0.48938311E+001  0.18312579E+001  0.97363415E+000 -0.16352312E-001
 -0.12145321E+002 -0.48910067E+001  0.18341992E+001  0.10144882E+001  0.18017937E-001
 -0.12147043E+002 -0.48910067E+001  0.18324777E+001  0.97359273E+000 -0.16108305E-001
 -0.12147080E+002 -0.48910067E+001  0.18324407E+001  0.97691141E+000  0.19750592E-001
 -0.12146361E+002 -0.48910067E+001  0.18331594E+001  0.10214903E+001 -0.27533689E-002
 -0.11876257E+002 -0.48882376E+001  0.18353843E+001  0.10098851E+001 -0.21853084E-001
 -0.11876286E+002 -0.48882376E+001  0.18353549E+001  0.99032392E+000  0.26072082E-001
 -0.11877300E+002 -0.48882376E+001  0.18343409E+001  0.10204868E+001  0.73318493E-002
 -0.12158795E+002 -0.48854728E+001  0.18405281E+001  0.97114337E+000 -0.10427147E-001
 -0.12162405E+002 -0.48854728E+001  0.18369177E+001  0.96877014E+000 -0.30088846E-002
 -0.12159163E+002 -0.48854728E+001  0.18401597E+001  0.98714785E+000  0.24815144E-001
 -0.12162150E+002 -0.48854728E+001  0.18371735E+001  0.97061609E+000  0.10020252E-001
 -0.10769699E+002 -0.48827014E+001  0.18433302E+001  0.96959974E+000 -0.43794672E-002
 -0.10767279E+002 -0.48799299E+001  0.18457499E+001  0.10197152E+001 -0.59126767E-002
 -0.10786418E+002 -0.48772171E+001  0.18476639E+001  0.98196973E+000  0.21679327E-001
 -0.11942231E+002 -0.48746689E+001  0.18523392E+001  0.97237394E+000 -0.10292091E-001
 -0.11944926E+002 -0.48746689E+001  0.18496439E+001  0.10118100E+001  0.18552361E-001
 -0.11944855E+002 -0.48746689E+001  0.18497152E+001  0.10077702E+001  0.21538787E-001
 -0.10842616E+002 -0.48721152E+001  0.18533420E+001  0.98167785E+000 -0.20823546E-001
 -0.11534863E+002 -0.48695655E+001  0.18542414E+001  0.10080616E+001  0.20819838E-001
 -0.11535136E+002 -0.48695655E+001  0.18539686E+001  0.98273817E+000 -0.21389113E-001
 -0.11532492E+002 -0.48670200E+001  0.18566128E+001  0.97648794E+000  0.15892182E-001
 -0.11534375E+002 -0.48670200E+001  0.18547298E+001  0.98069920E+000 -0.19991586E-001
 -0.11531354E+002 -0.48644749E+001  0.18577506E+001  0.10170903E+001  0.98668144E-002
 -0.11531814E+002 -0.48644749E+001  0.18572909E+001  0.98547845E+000 -0.22365307E-001
 -0.11530437E+002 -0.48619334E+001  0.18586681E+001  0.98390803E+000  0.21470235E-001
 -0.11531239E+002 -0.48619334E+001  0.18578659E+001  0.10092423E+001  0.19563704E-001
 -0.11931258E+002 -0.48593960E+001  0.18633119E+001  0.10091046E+001  0.18951106E-001
 -0.11934705E+002 -0.48593960E+001  0.18598649E+001  0.10178837E+001 -0.71403115E-002
 -0.11932921E+002 -0.48593960E+001  0.18616492E+001  0.10038562E+001  0.22108707E-001
 -0.10854656E+002 -0.48569110E+001  0.18642908E+001  0.98059007E+000  0.18660955E-001
 -0.12637313E+002 -0.48544298E+001  0.18733940E+001  0.97429322E+000  0.90731232E-002
 -0.12641132E+002 -0.48544298E+001  0.18695747E+001  0.10028540E+001 -0.21577822E-001
 -0.12640546E+002 -0.48544298E+001  0.18701610E+001  0.10172785E+001  0.51394630E-002
 -0.12638823E+002 -0.48544298E+001  0.18718838E+001  0.10082886E+001  0.18392995E-001
 -0.12644150E+002 -0.48544298E+001  0.18665563E+001  0.10162460E+001 -0.94640195E-002
 -0.12645513E+002 -0.48544298E+001  0.18651938E+001  0.98228427E+000  0.19734638E-001
 -0.12223399E+002 -0.48519320E+001  0.18818426E+001  0.10045016E+001 -0.19359447E-001
 -0.12229700E+002 -0.48519320E+001  0.18755412E+001  0.10132140E+001 -0.12810283E-001
 -0.12224881E+002 -0.48519320E+001  0.18803602E+001  0.97480708E+000  0.82501692E-002
 -0.12224119E+002 -0.48519320E+001  0.18811224E+001  0.98901916E+000  0.20841963E-001
 -0.11551508E+002 -0.48494792E+001  0.18846834E+001  0.10161947E+001  0.59332716E-003
 -0.11554079E+002 -0.48494792E+001  0.18821124E+001  0.97338035E+000 -0.57871320E-004
 -0.12931006E+002 -0.48470254E+001  0.18914801E+001  0.99413291E+000  0.20412994E-001
 -0.12936477E+002 -0.48470254E+001  0.18860094E+001  0.99625395E+000  0.21055749E-001
 -0.12932210E+002 -0.48470254E+001  0.18902758E+001  0.99197649E+000 -0.20360482E-001
 -0.12934336E+002 -0.48470254E+001  0.18881501E+001  0.10058569E+001 -0.17752784E-001
 -0.12931113E+002 -0.48470254E+001  0.18913733E+001  0.10051628E+001  0.17707538E-001
 -0.12932218E+002 -0.48470254E+001  0.18902681E+001  0.98966625E+000 -0.19885711E-001
 -0.12937788E+002 -0.48470254E+001  0.18846980E+001  0.98056025E+000 -0.15630477E-001
 -0.12936041E+002 -0.48470254E+001  0.18864456E+001  0.98167360E+000 -0.16317615E-001
 -0.11946507E+002 -0.48445609E+001  0.18951498E+001  0.97816707E+000 -0.10821633E-001
 -0.11948660E+002 -0.48445609E+001  0.18929973E+001  0.10146983E+001 -0.44370124E-002
 -0.11949505E+002 -0.48445609E+001  0.18921515E+001  0.98233798E+000  0.15957618E-001
 -0.10846811E+002 -0.48420934E+001  0.18962341E+001  0.10086961E+001  0.14293321E-001
 -0.11537512E+002 -0.48396294E+001  0.18986796E+001  0.97622920E+000  0.55440519E-002
 -0.11537810E+002 -0.48396294E+001  0.18983820E+001  0.97698834E+000 -0.77446554E-002
 -0.11941477E+002 -0.48371654E+001  0.19001798E+001  0.10108844E+001  0.10928924E-001
 -0.11942669E+002 -0.48371654E+001  0.18989877E+001  0.10139308E+001  0.43784849E-002
 -0.11942049E+002 -0.48371654E+001  0.18996079E+001  0.99845314E+000  0.19080383E-001
 -0.11534834E+002 -0.48347037E+001  0.19013581E+001  0.99127507E+000 -0.18811301E-001
 -0.11535297E+002 -0.48347037E+001  0.19008945E+001  0.98071277E+000  0.12919872E-001
 -0.10841368E+002 -0.48322452E+001  0.19016766E+001  0.97770933E+000 -0.82862109E-002
 -0.10869810E+002 -0.48298620E+001  0.19022224E+001  0.10024166E+001 -0.17531565E-001
 -0.11966787E+002 -0.48274832E+001  0.19038572E+001  0.10137643E+001 -0.95514615E-003
 -0.11967671E+002 -0.48274832E+001  0.19029736E+001  0.99735384E+000 -0.18802776E-001
 -0.11966886E+002 -0.48274832E+001  0.19037584E+001  0.10086498E+001  0.12945949E-001
 -0.11561051E+002 -0.48251061E+001  0.19041279E+001  0.97737961E+000  0.66978538E-002
 -0.11561072E+002 -0.48251061E+001  0.19041076E+001  0.10099049E+001  0.11396216E-001
 -0.12471839E+002 -0.48227340E+001  0.19096313E+001  0.97702357E+000 -0.21272206E-002
 -0.12473869E+002 -0.48227340E+001  0.19076016E+001  0.10125222E+001  0.52129105E-002
 -0.12473827E+002 -0.48227340E+001  0.19076432E+001  0.10131629E+001 -0.20157565E-002
 -0.12477191E+002 -0.48227340E+001  0.19042789E+001  0.97899377E+000  0.99022111E-002
 -0.12472963E+002 -0.48227340E+001  0.19085076E+001  0.97787764E+000  0.63224723E-002
 -0.11551381E+002 -0.48203545E+001  0.19137982E+001  0.10120642E+001  0.34358259E-002
 -0.11553607E+002 -0.48203545E+001  0.19115723E+001  0.99237039E+000  0.17582564E-001
 -0.10857356E+002 -0.48179707E+001  0.19146761E+001  0.10044386E+001 -0.14497340E-001
 -0.11549656E+002 -0.48155905E+001  0.19155230E+001  0.97937547E+000  0.73042860E-002
 -0.11550305E+002 -0.48155905E+001  0.19148748E+001  0.98683305E+000 -0.15268190E-001
 -0.10856491E+002 -0.48132140E+001  0.19155408E+001  0.98966274E+000  0.16362752E-001
 -0.10853567E+002 -0.48108430E+001  0.19184648E+001  0.10017429E+001  0.15328087E-001
 -0.12238170E+002 -0.48084708E+001  0.19201564E+001  0.97887285E+000 -0.37591304E-002
 -0.12238323E+002 -0.48084708E+001  0.19200039E+001  0.10089529E+001  0.87892697E-002
 -0.12239250E+002 -0.48084708E+001  0.19190768E+001  0.99940931E+000 -0.16066006E-001
 -0.12238260E+002 -0.48084708E+001  0.19200666E+001  0.98074093E+000 -0.84267564E-002
 -0.11543133E+002 -0.48061001E+001  0.19220465E+001  0.10078506E+001 -0.98281234E-002
 -0.11543621E+002 -0.48061001E+001  0.19215580E+001  0.10025302E+001  0.14422881E-001
 -0.11539459E+002 -0.48037306E+001  0.19257207E+001  0.10030623E+001 -0.13366384E-001
 -0.11539952E+002 -0.48037306E+001  0.19252271E+001  0.99110620E+000  0.15233114E-001
 -0.11981547E+002 -0.48014567E+001  0.19316575E+001  0.98040637E+000 -0.17250159E-002
 -0.11984457E+002 -0.48014567E+001  0.19287469E+001  0.10092877E+001 -0.48668435E-002
 -0.11983025E+002 -0.48014567E+001  0.19301794E+001  0.98078936E+000 -0.46251379E-002
 -0.12308555E+002 -0.47992695E+001  0.19348905E+001  0.10080127E+001 -0.52554950E-002
 -0.12309106E+002 -0.47992695E+001  0.19343393E+001  0.99668668E+000 -0.14068191E-001
 -0.12309834E+002 -0.47992695E+001  0.19336114E+001  0.10065166E+001  0.84197429E-002
 -0.12310137E+002 -0.47992695E+001  0.19333091E+001  0.10075738E+001  0.68453788E-002
 -0.11613992E+002 -0.47970800E+001  0.19363063E+001  0.98887001E+000  0.12405658E-001
 -0.11614727E+002 -0.47970800E+001  0.19355714E+001  0.10033304E+001 -0.11159626E-001
 -0.10920728E+002 -0.47948922E+001  0.19364229E+001  0.99497168E+000 -0.13798074E-001
 -0.10918893E+002 -0.47927090E+001  0.19382582E+001  0.98418636E+000  0.80730476E-002
 -0.10918717E+002 -0.47905264E+001  0.19384341E+001  0.10065112E+001  0.68336068E-002
 -0.10917794E+002 -0.47883483E+001  0.19393578E+001  0.98384921E+000 -0.72295676E-002
 -0.10971820E+002 -0.47862873E+001  0.19393985E+001  0.98200306E+000 -0.27824905E-002
 -0.10971155E+002 -0.47842304E+001  0.19400637E+001  0.99611197E+000  0.13064562E-001
 -0.12066085E+002 -0.47821763E+001  0.19437457E+001  0.98301648E+000  0.33155505E-002
 -0.12069298E+002 -0.47821763E+001  0.19405334E+001  0.98208346E+000 -0.20230760E-002
 -0.12068238E+002 -0.47821763E+001  0.19415932E+001  0.99473154E+000  0.12815775E-001
 -0.10967123E+002 -0.47801190E+001  0.19440954E+001  0.99086643E+000 -0.11615592E-001
 -0.12351453E+002 -0.47780651E+001  0.19460605E+001  0.99482310E+000 -0.11905354E-001
 -0.12352142E+002 -0.47780651E+001  0.19453705E+001  0.98299983E+000 -0.15510551E-002
 -0.12351675E+002 -0.47780651E+001  0.19458382E+001  0.98842841E+000 -0.10012252E-001
 -0.12352040E+002 -0.47780651E+001  0.19454728E+001  0.99090121E+000 -0.11325043E-001
 -0.10964365E+002 -0.47760114E+001  0.19468532E+001  0.98322362E+000  0.47023953E-003
 -0.12055349E+002 -0.47739603E+001  0.19544824E+001  0.98521697E+000  0.21159065E-002
 -0.12056525E+002 -0.47739603E+001  0.19533062E+001  0.98509061E+000  0.28165215E-002
 -0.12057391E+002 -0.47739603E+001  0.19524398E+001  0.98569934E+000 -0.48909610E-002
 -0.11648560E+002 -0.47718978E+001  0.19558060E+001  0.99533652E+000 -0.96152411E-002
 -0.11648587E+002 -0.47718978E+001  0.19557788E+001  0.98885029E+000  0.74458782E-002
 -0.10955377E+002 -0.47698367E+001  0.19558414E+001  0.99509667E+000  0.96123905E-002
 -0.10955118E+002 -0.47677798E+001  0.19561008E+001  0.10031445E+001 -0.49079570E-002
 -0.11751922E+002 -0.47659318E+001  0.19578040E+001  0.98787151E+000  0.56858889E-002
 -0.11753146E+002 -0.47659318E+001  0.19565798E+001  0.10025385E+001 -0.55880809E-002
 -0.11747706E+002 -0.47640840E+001  0.19620201E+001  0.10005203E+001  0.55066604E-002
 -0.11751171E+002 -0.47640840E+001  0.19585553E+001  0.99646161E+000 -0.87447461E-002
 -0.12145995E+002 -0.47622318E+001  0.19691962E+001  0.99796751E+000  0.40030545E-002
 -0.12146508E+002 -0.47622318E+001  0.19686834E+001  0.98970093E+000  0.20211908E-003
 -0.12149846E+002 -0.47622318E+001  0.19653453E+001  0.98850661E+000  0.17029141E-002
 -0.11739729E+002 -0.47603698E+001  0.19699974E+001  0.99657050E+000  0.42941101E-002
 -0.11739916E+002 -0.47603698E+001  0.19698107E+001  0.99714788E+000 -0.41456774E-002
 -0.11046214E+002 -0.47585097E+001  0.19703656E+001  0.99427309E+000 -0.43256272E-002
 -0.11045902E+002 -0.47566524E+001  0.19706767E+001  0.99842278E+000  0.23696152E-002
 -0.11738208E+002 -0.47547980E+001  0.19715182E+001  0.99160276E+000 -0.14547345E-002
 -0.11738791E+002 -0.47547980E+001  0.19709351E+001  0.99535803E+000 -0.40187230E-002
 -0.11043797E+002 -0.47529455E+001  0.19727820E+001  0.99621382E+000 -0.23291583E-002
 -0.11043080E+002 -0.47510940E+001  0.19734987E+001  0.99313479E+000 -0.25006756E-003
