  0.22823907E-004  0.12886852E+002  0.84971906E+000 -0.15786917E+000
  0.21584825E-004  0.12998488E+002  0.10387569E+001 -0.21870760E+000
  0.17435311E-004  0.12500227E+002  0.78734826E+000  0.68795848E-001
  0.17130672E-004  0.12535481E+002  0.91900016E+000  0.20290235E+000
  0.17380268E-004  0.12506551E+002  0.78649444E+000  0.66970185E-001
  0.52986255E-004  0.12474382E+002  0.10706844E+001 -0.20232181E+000
  0.17189789E-004  0.11895251E+002  0.89891291E+000 -0.18664704E+000
  0.17067320E-004  0.11909551E+002  0.11251262E+001 -0.16104936E+000
  0.16735422E-004  0.11948828E+002  0.86174744E+000  0.15985110E+000
  0.12920944E-004  0.12466184E+002  0.12135464E+001 -0.45718943E-005
  0.77678347E-004  0.11593343E+002  0.10909454E+001 -0.18369144E+000
  0.80654737E-004  0.11460167E+002  0.10791760E+001  0.18944909E+000
  0.86808674E-004  0.11313108E+002  0.78334449E+000 -0.21534085E-001
  0.87649118E-004  0.11234131E+002  0.11591814E+001 -0.11812479E+000
  0.26088029E-004  0.10438986E+002  0.10265705E+001  0.20076262E+000
  0.18946392E-004  0.11078713E+002  0.10016875E+001  0.20914011E+000
  0.22873306E-004  0.10701998E+002  0.11029136E+001  0.16770859E+000
  0.18296916E-004  0.11148475E+002  0.88937373E+000  0.17396250E+000
  0.20412298E-004  0.10929665E+002  0.11576544E+001  0.11651878E+000
  0.56132757E-004  0.89571354E+001  0.11760766E+001 -0.52606005E-001
  0.31797242E-004  0.10093816E+002  0.11431253E+001  0.12469663E+000
  0.47812282E-004  0.92780090E+001  0.96140781E+000  0.19061900E+000
  0.26843603E-004  0.10432520E+002  0.99377868E+000  0.20397908E+000
  0.26981986E-003  0.85896548E+001  0.80782843E+000  0.28914748E-001
  0.27012114E-003  0.85874222E+001  0.10421473E+001 -0.18093489E+000
  0.15686672E-003  0.81279910E+001  0.11237767E+001  0.12389727E+000
  0.14760851E-003  0.82496570E+001  0.11790842E+001 -0.82522284E-002
  0.32785503E-003  0.80399350E+001  0.87200473E+000  0.12987020E+000
  0.33261696E-003  0.79577580E+001  0.91188890E+000 -0.15916316E+000
  0.20756625E-003  0.73586226E+001  0.86054070E+000 -0.11003284E+000
  0.19467365E-003  0.74868758E+001  0.81474889E+000 -0.53819549E-002
  0.44423537E-003  0.71230884E+001  0.83701623E+000  0.72648913E-001
  0.22302448E-003  0.70173606E+001  0.92658494E+000  0.15824663E+000
  0.21883446E-003  0.70552932E+001  0.86487455E+000 -0.11121132E+000
  0.24049193E-003  0.68183554E+001  0.99764926E+000  0.17306243E+000
  0.22882706E-003  0.69177952E+001  0.10153661E+001  0.17250053E+000
  0.24294851E-003  0.57569610E+001  0.86745288E+000  0.97363965E-001
  0.14623962E-003  0.67721670E+001  0.10663794E+001 -0.15418823E+000
  0.22926408E-003  0.58729104E+001  0.82983979E+000 -0.11376111E-001
  0.43352417E-003  0.53657374E+001  0.94151693E+000 -0.14908525E+000
  0.42694856E-003  0.53963046E+001  0.88624603E+000  0.11312997E+000
  0.42694856E-003  0.53963046E+001  0.88624603E+000  0.11312997E+000
  0.88742902E-003  0.52322992E+001  0.10974492E+001  0.11624155E+000
  0.10165477E-002  0.48755012E+001  0.11362353E+001  0.58463516E-001
  0.24243255E-003  0.41377072E+001  0.93456343E+000 -0.13343383E+000
  0.21020065E-003  0.44230284E+001  0.84366731E+000  0.10104968E-001
  0.20767172E-003  0.44472362E+001  0.11446912E+001 -0.11629171E-001
  0.17499555E-003  0.47896322E+001  0.95825412E+000 -0.14919699E+000
  0.20488268E-003  0.44742784E+001  0.93839603E+000 -0.13877444E+000
  0.68428982E-003  0.38595730E+001  0.11087964E+001 -0.85706327E-001
  0.63947501E-003  0.39950406E+001  0.10990281E+001 -0.99049998E-001
  0.73327848E-003  0.37212852E+001  0.88307602E+000 -0.87175717E-001
  0.69192637E-003  0.38373776E+001  0.88987074E+000  0.96612543E-001
  0.15910692E-002  0.35583062E+001  0.10671209E+001  0.12019943E+000
  0.42230616E-003  0.32614738E+001  0.10190274E+001 -0.13678367E+000
  0.40006760E-003  0.33696684E+001  0.91056829E+000  0.10950790E+000
  0.39051819E-003  0.34179864E+001  0.10770526E+001  0.11152794E+000
  0.37274276E-003  0.35111568E+001  0.92308573E+000  0.12006298E+000
  0.62208239E-003  0.29943508E+001  0.10994643E+001  0.83986433E-001
  0.60819499E-003  0.30395044E+001  0.10260791E+001  0.13281345E+000
  0.55469507E-003  0.32236592E+001  0.10927091E+001  0.94988141E-001
  0.18618587E-002  0.29323868E+001  0.93504133E+000  0.12034374E+000
  0.69301146E-003  0.26786718E+001  0.86509584E+000  0.29973104E-001
  0.62577979E-003  0.28827662E+001  0.10672063E+001  0.11212411E+000
  0.62050368E-003  0.28997020E+001  0.11085997E+001  0.69786705E-001
  0.21022754E-002  0.26233798E+001  0.10295716E+001  0.12731377E+000
  0.20790941E-002  0.25799746E+001  0.11185072E+001 -0.42822806E-001
  0.68418924E-003  0.25411344E+001  0.87721310E+000  0.57051939E-001
  0.67469757E-003  0.25690754E+001  0.87307722E+000 -0.49204568E-001
  0.67411623E-003  0.25707986E+001  0.86340400E+000 -0.15336746E-001
  0.20859706E-002  0.25088498E+001  0.10421908E+001  0.12145786E+000
  0.20848924E-002  0.24773622E+001  0.11228485E+001  0.23891527E-001
  0.21773189E-002  0.23580874E+001  0.87177336E+000 -0.39916166E-001
  0.23156682E-002  0.22023590E+001  0.11165869E+001  0.36163284E-001
  0.12230996E-002  0.20281626E+001  0.10657677E+001  0.10228816E+000
  0.11262643E-002  0.21931270E+001  0.11155990E+001 -0.38806761E-001
  0.12553724E-002  0.19760754E+001  0.91288051E+000 -0.92851276E-001
  0.12333404E-002  0.20114864E+001  0.90766187E+000 -0.88507432E-001
  0.12545705E-002  0.19128307E+001  0.10737636E+001  0.94418919E-001
  0.12223623E-002  0.19648466E+001  0.11082225E+001  0.50372863E-001
  0.12474834E-002  0.17991210E+001  0.10034793E+001  0.12308081E+000
  0.11972177E-002  0.18813760E+001  0.11170590E+001  0.19703841E-001
  0.25922605E-002  0.17226098E+001  0.11157112E+001  0.16974441E-001
  0.87767340E-003  0.16914084E+001  0.95219096E+000  0.11375599E+000
  0.86551140E-003  0.17193164E+001  0.11150856E+001  0.20458921E-001
  0.87134373E-003  0.17058837E+001  0.87562390E+000  0.27904494E-001
  0.26721470E-002  0.16304098E+001  0.89200717E+000  0.62848802E-001
  0.26298775E-002  0.15997940E+001  0.10064001E+001 -0.12053976E+000
  0.91619529E-003  0.15114957E+001  0.11134958E+001  0.15606214E-001
  0.91444520E-003  0.15153194E+001  0.10439602E+001  0.10877571E+000
  0.88187167E-003  0.15878615E+001  0.11144701E+001 -0.14915415E-001
  0.97310651E-003  0.13284632E+001  0.90071103E+000 -0.69320141E-001
  0.95998873E-003  0.13556063E+001  0.11110679E+001  0.19409842E-001
  0.92813161E-003  0.14231037E+001  0.99303505E+000  0.11907869E+000
  0.10023951E-002  0.12691547E+001  0.89563527E+000 -0.60924872E-001
  0.97656230E-003  0.13213736E+001  0.88554855E+000 -0.43287810E-001
  0.98728183E-003  0.12995383E+001  0.94327923E+000  0.10477466E+000
  0.31979989E-002  0.11146161E+001  0.10880055E+001  0.66019676E-001
  0.31928926E-002  0.10863158E+001  0.10081883E+001 -0.11429210E+000
  0.15960714E-002  0.10552882E+001  0.88151040E+000 -0.19329493E-001
  0.15908242E-002  0.10618743E+001  0.87976953E+000  0.54250251E-002
  0.10769288E-002  0.96871814E+000  0.11024997E+001 -0.34472359E-001
  0.10433819E-002  0.10320091E+001  0.11039416E+001  0.32480851E-001
  0.10373582E-002  0.10435905E+001  0.10809673E+001  0.73610569E-001
  0.16736373E-002  0.71865124E+000  0.89983112E+000 -0.55394574E-001
  0.15656440E-002  0.85205524E+000  0.93630425E+000 -0.94719572E-001
  0.33784711E-002  0.64295208E+000  0.11030829E+001 -0.15660776E-001
  0.33747332E-002  0.61679498E+000  0.91112661E+000 -0.68941776E-001
  0.86285749E-003  0.43386570E+000  0.10661738E+001  0.78475255E-001
  0.78892128E-003  0.61303190E+000  0.10810282E+001  0.65480913E-001
  0.85882102E-003  0.44324422E+000  0.89047571E+000  0.24818537E-001
  0.81068093E-003  0.55861582E+000  0.91193959E+000  0.68805180E-001
  0.81068093E-003  0.55861582E+000  0.91193959E+000  0.68805180E-001
  0.34797981E-002  0.39064876E+000  0.10698641E+001  0.74165326E-001
  0.17983548E-002  0.29771266E+000  0.10998440E+001 -0.46316234E-002
  0.17569973E-002  0.34424468E+000  0.10682511E+001  0.74966617E-001
  0.74615141E-003  0.11924101E+000  0.90590613E+000 -0.50955638E-001
  0.71760878E-003  0.19724931E+000  0.90740359E+000  0.55228677E-001
  0.72322874E-003  0.18164658E+000  0.89115588E+000 -0.92626037E-002
  0.74105626E-003  0.13294481E+000  0.94175136E+000  0.87656271E-001
  0.69559636E-003  0.25955854E+000  0.10636898E+001  0.77805741E-001
  0.37312685E-002  0.11896579E+000  0.10811150E+001  0.54751076E-001
  0.37574828E-002  0.53014118E-001  0.99154036E+000 -0.10209599E+000
  0.37713924E-002  0.45622786E-001  0.10259086E+001 -0.96926857E-001
  0.18472781E-002  0.34839692E-001  0.91842687E+000  0.66240043E-001
  0.18380335E-002  0.44873648E-001  0.10314242E+001 -0.94865362E-001
  0.62800652E-003 -0.17857156E+000  0.90090107E+000  0.31121127E-001
  0.60115304E-003 -0.91168378E-001  0.92795835E+000  0.73585283E-001
  0.62449264E-003 -0.16734809E+000  0.10738979E+001  0.58593049E-001
  0.61497372E-003 -0.13662848E+000  0.10582559E+001  0.75794585E-001
  0.58993924E-003 -0.53508922E-001  0.90400179E+000  0.42758089E-001
  0.61438793E-003 -0.13472384E+000  0.97284340E+000 -0.97006513E-001
  0.37813507E-002 -0.18562479E+000  0.97936375E+000 -0.97643402E-001
  0.37816154E-002 -0.18576436E+000  0.92761029E+000 -0.71563308E-001
  0.37696014E-002 -0.20394044E+000  0.10227655E+001  0.94456844E-001
  0.18818931E-002 -0.22539240E+000  0.10582074E+001  0.74289256E-001
  0.18755919E-002 -0.21868522E+000  0.89633622E+000 -0.67721616E-002
  0.12943275E-002 -0.38415274E+000  0.90854349E+000  0.41850677E-001
  0.12695852E-002 -0.34555166E+000  0.10500993E+001  0.78640323E-001
  0.12938176E-002 -0.38336500E+000  0.10563924E+001  0.73049184E-001
  0.19253452E-002 -0.48308918E+000  0.90071920E+000  0.12888683E-001
  0.18477548E-002 -0.40082240E+000  0.10904361E+001 -0.64418082E-002
  0.19108597E-002 -0.51293098E+000  0.90053553E+000  0.76479643E-002
  0.19074672E-002 -0.50937774E+000  0.10843318E+001 -0.29086629E-001
  0.39149371E-002 -0.58347586E+000  0.90754633E+000  0.32856840E-001
  0.13285037E-002 -0.66365418E+000  0.10864383E+001 -0.95319970E-002
  0.13003784E-002 -0.62085938E+000  0.10537405E+001 -0.70998141E-001
  0.12792977E-002 -0.58817164E+000  0.99595043E+000 -0.93344520E-001
  0.40471837E-002 -0.69436670E+000  0.10786161E+001  0.36500012E-001
  0.20464759E-002 -0.71685744E+000  0.99718377E+000 -0.91464833E-001
  0.20297005E-002 -0.70039414E+000  0.10787914E+001  0.35894764E-001
  0.10347929E-002 -0.73931488E+000  0.10824329E+001 -0.24226071E-001
  0.10260488E-002 -0.72234344E+000  0.97221696E+000  0.88390291E-001
  0.10246963E-002 -0.71970504E+000  0.10851257E+001 -0.13319627E-001
  0.10241308E-002 -0.71860072E+000  0.94939541E+000 -0.78805559E-001
  0.20692563E-002 -0.80679928E+000  0.90899171E+000  0.27404527E-001
  0.20045774E-002 -0.74328772E+000  0.92917438E+000 -0.62295768E-001
  0.41336478E-002 -0.84889278E+000  0.10545297E+001  0.65979669E-001
  0.41143722E-002 -0.86164592E+000  0.93138041E+000 -0.62109329E-001
  0.40953626E-002 -0.87448380E+000  0.91197555E+000  0.32538870E-001
  0.41174550E-002 -0.88524258E+000  0.10834461E+001  0.68705544E-002
  0.20614019E-002 -0.88783876E+000  0.91561371E+000 -0.39877476E-001
  0.20590326E-002 -0.88554002E+000  0.10009163E+001  0.88797441E-001
  0.20975128E-002 -0.92257202E+000  0.91126732E+000  0.28712359E-001
  0.20899816E-002 -0.91537702E+000  0.10081911E+001 -0.87515043E-001
  0.21183050E-002 -0.96515752E+000  0.93220443E+000 -0.60773126E-001
  0.21082965E-002 -0.95568392E+000  0.10140372E+001  0.85754030E-001
  0.21743728E-002 -0.10174056E+001  0.99571769E+000  0.87017020E-001
  0.21224334E-002 -0.96905138E+000  0.91244801E+000  0.29890753E-001
  0.21763589E-002 -0.10423525E+001  0.91843381E+000  0.40247558E-001
  0.21510568E-002 -0.10189650E+001  0.10117858E+001 -0.85270992E-001
  0.43675721E-002 -0.10491659E+001  0.91848659E+000 -0.40128542E-001
  0.21887777E-002 -0.10537332E+001  0.10736189E+001  0.34757782E-001
  0.21838301E-002 -0.10492066E+001  0.10802825E+001 -0.12706985E-001
  0.10997790E-002 -0.11337413E+001  0.91654908E+000 -0.33266194E-001
  0.10950787E-002 -0.11251749E+001  0.99242700E+000 -0.85326230E-001
  0.10789024E-002 -0.10954121E+001  0.10791552E+001 -0.15126790E-001
  0.10795273E-002 -0.10965695E+001  0.10002736E+001  0.85634740E-001
  0.22336617E-002 -0.11645136E+001  0.97280664E+000 -0.81678803E-001
  0.22178079E-002 -0.11502666E+001  0.91334546E+000 -0.23976296E-001
  0.11425450E-002 -0.12100389E+001  0.10040794E+001  0.83521841E-001
  0.11174030E-002 -0.11655367E+001  0.99059786E+000  0.84620684E-001
  0.11368841E-002 -0.12001061E+001  0.10007112E+001 -0.83991577E-001
  0.11290214E-002 -0.11862247E+001  0.10685797E+001 -0.40272466E-001
  0.45803539E-002 -0.12144861E+001  0.91146141E+000 -0.10827292E-001
  0.46129302E-002 -0.12286617E+001  0.10625889E+001  0.48461725E-001
  0.46490052E-002 -0.12442417E+001  0.91151862E+000  0.71582542E-002
  0.15666558E-002 -0.12660451E+001  0.91158046E+000 -0.24590793E-002
  0.15509990E-002 -0.12459564E+001  0.10384151E+001  0.70789069E-001
  0.15540513E-002 -0.12498892E+001  0.10696768E+001  0.36059745E-001
  0.46567243E-002 -0.12724037E+001  0.10308313E+001  0.74570137E-001
  0.46768194E-002 -0.12810152E+001  0.96001515E+000  0.74912821E-001
  0.47086313E-002 -0.12945743E+001  0.98861363E+000 -0.82449299E-001
  0.93529645E-003 -0.13563515E+001  0.94892581E+000  0.67093420E-001
  0.92265422E-003 -0.13291350E+001  0.10245007E+001  0.76422331E-001
  0.91253053E-003 -0.13070678E+001  0.91792833E+000  0.29539643E-001
  0.93037483E-003 -0.13458005E+001  0.10753259E+001  0.14319749E-001
  0.90716336E-003 -0.12952707E+001  0.10625909E+001 -0.46667836E-001
  0.47180061E-002 -0.13740328E+001  0.91464643E+000 -0.14489954E-001
  0.23438040E-002 -0.13862623E+001  0.10759815E+001 -0.90000610E-003
  0.23334976E-002 -0.13774477E+001  0.92070888E+000  0.33142633E-001
  0.46956721E-002 -0.13896995E+001  0.92154619E+000  0.34446209E-001
  0.46116110E-002 -0.14042070E+001  0.10740417E+001 -0.15992605E-001
  0.23165923E-002 -0.14135421E+001  0.10289243E+001  0.73002401E-001
  0.23081614E-002 -0.14062493E+001  0.97627816E+000  0.78631402E-001
  0.15206263E-002 -0.14825432E+001  0.92891882E+000  0.44141688E-001
  0.15122933E-002 -0.14715538E+001  0.10735868E+001 -0.12460737E-001
  0.14947430E-002 -0.14482071E+001  0.10641735E+001  0.39669986E-001
  0.22056236E-002 -0.15811645E+001  0.10389680E+001  0.63962307E-001
  0.21349351E-002 -0.15160158E+001  0.92432552E+000  0.35392169E-001
  0.44217090E-002 -0.15859022E+001  0.10723138E+001 -0.76928529E-002
  0.75483452E-003 -0.17247792E+001  0.92224527E+000  0.20878667E-001
  0.71509367E-003 -0.16166092E+001  0.92524366E+000  0.33494368E-001
  0.74318391E-003 -0.16936695E+001  0.91889352E+000 -0.60631318E-002
  0.74082657E-003 -0.16873146E+001  0.96655206E+000 -0.70540816E-001
  0.74079990E-003 -0.16872432E+001  0.10671010E+001 -0.23688731E-001
  0.73876919E-003 -0.16817538E+001  0.92057514E+000 -0.17574327E-001
  0.14600830E-002 -0.17459120E+001  0.10069887E+001 -0.74192080E-001
  0.14486024E-002 -0.17301227E+001  0.91946620E+000 -0.52702279E-002
  0.14595151E-002 -0.17451341E+001  0.91979020E+000 -0.60485502E-002
  0.14399138E-002 -0.17611045E+001  0.10083941E+001  0.73672777E-001
  0.14302071E-002 -0.17475760E+001  0.10119807E+001 -0.73142844E-001
  0.14299769E-002 -0.17472540E+001  0.10659736E+001 -0.23812193E-001
  0.42955185E-002 -0.17712482E+001  0.93035500E+000 -0.37362953E-001
  0.85911908E-003 -0.18138387E+001  0.10261875E+001  0.66864746E-001
  0.84784221E-003 -0.17874123E+001  0.10607317E+001 -0.34189242E-001
  0.84726841E-003 -0.17860587E+001  0.10690141E+001  0.62633931E-002
  0.85757578E-003 -0.18102420E+001  0.92748528E+000  0.30471366E-001
  0.84803045E-003 -0.17878555E+001  0.10302212E+001 -0.65295421E-001
  0.43125150E-002 -0.18217003E+001  0.10307595E+001 -0.64317084E-001
  0.42697030E-002 -0.18231380E+001  0.92312683E+000  0.17603316E-001
  0.14362252E-002 -0.18413101E+001  0.92144261E+000 -0.54031674E-002
  0.14304903E-002 -0.18333086E+001  0.10007590E+001  0.73425250E-001
  0.14319988E-002 -0.18354163E+001  0.10667590E+001 -0.15322242E-001
  0.43534353E-002 -0.18619790E+001  0.97460107E+000 -0.70170662E-001
  0.21831205E-002 -0.18678537E+001  0.93621031E+000  0.43093812E-001
  0.21825791E-002 -0.18673582E+001  0.10274023E+001 -0.65213457E-001
  0.14558927E-002 -0.18685109E+001  0.93012645E+000 -0.33466684E-001
  0.14556860E-002 -0.18682267E+001  0.10202032E+001  0.68387777E-001
  0.14556642E-002 -0.18681977E+001  0.96127993E+000  0.64592588E-001
  0.43755764E-002 -0.18721244E+001  0.10042371E+001 -0.72357764E-001
  0.14543343E-002 -0.18889691E+001  0.10203971E+001  0.67918176E-001
  0.14473152E-002 -0.18792933E+001  0.10415727E+001 -0.55520094E-001
  0.14426061E-002 -0.18727740E+001  0.10109845E+001 -0.71115279E-001
  0.22002968E-002 -0.19061263E+001  0.10525275E+001 -0.43232761E-001
  0.21924294E-002 -0.18989619E+001  0.10349280E+001  0.60124219E-001
  0.44175545E-002 -0.19138202E+001  0.93744925E+000  0.43376356E-001
  0.43814611E-002 -0.19205346E+001  0.92281038E+000 -0.45173882E-002
  0.43841610E-002 -0.19217657E+001  0.94899318E+000 -0.55199147E-001
  0.10540293E-002 -0.19579148E+001  0.10473259E+001  0.48040653E-001
  0.10444039E-002 -0.19395684E+001  0.10467732E+001  0.49118071E-001
  0.10401909E-002 -0.19314830E+001  0.10401191E+001 -0.55525355E-001
  0.10375823E-002 -0.19264615E+001  0.10531060E+001  0.41840081E-001
  0.21312960E-002 -0.19798409E+001  0.93148360E+000 -0.31732569E-001
  0.21230108E-002 -0.19720503E+001  0.94992957E+000 -0.54799488E-001
  0.14306620E-002 -0.19935845E+001  0.10624152E+001 -0.20645455E-001
  0.14234739E-002 -0.19835111E+001  0.10193543E+001  0.66489372E-001
  0.14273538E-002 -0.19889547E+001  0.10644041E+001  0.13103982E-001
  0.41760226E-002 -0.20066076E+001  0.93011261E+000  0.27714161E-001
  0.41768579E-002 -0.20293534E+001  0.10200141E+001 -0.65333332E-001
  0.10405363E-002 -0.20667434E+001  0.10182267E+001  0.65270114E-001
  0.10335157E-002 -0.20532032E+001  0.93959142E+000 -0.42001952E-001
  0.10356769E-002 -0.20573808E+001  0.93776258E+000  0.39382079E-001
  0.10264993E-002 -0.20395794E+001  0.98207385E+000 -0.68682345E-001
  0.20804896E-002 -0.20882820E+001  0.98457262E+000 -0.68194520E-001
  0.20733077E-002 -0.20813676E+001  0.10103614E+001  0.67342403E-001
  0.20733077E-002 -0.20813676E+001  0.10103614E+001  0.67342403E-001
  0.41270351E-002 -0.20939998E+001  0.93766029E+000 -0.38029529E-001
  0.20398357E-002 -0.21148716E+001  0.10427128E+001  0.48678894E-001
  0.20279598E-002 -0.21031946E+001  0.99489889E+000 -0.68722685E-001
  0.13420218E-002 -0.21532890E+001  0.10131410E+001  0.65210340E-001
  0.13369866E-002 -0.21457702E+001  0.97408466E+000  0.64537912E-001
  0.13290418E-002 -0.21338516E+001  0.92822187E+000 -0.14335865E-001
  0.40278159E-002 -0.21541578E+001  0.94003262E+000  0.39431938E-001
  0.19680816E-002 -0.21723002E+001  0.10125726E+001  0.64992494E-001
  0.19526634E-002 -0.21565692E+001  0.93178107E+000 -0.24409899E-001
  0.77881734E-003 -0.21929124E+001  0.93466844E+000  0.29168359E-001
  0.77872311E-003 -0.21926702E+001  0.10586562E+001 -0.20164182E-001
  0.77186645E-003 -0.21749824E+001  0.10058357E+001  0.66441379E-001
  0.77126463E-003 -0.21734210E+001  0.10157404E+001  0.64001895E-001
  0.77879554E-003 -0.21928566E+001  0.10067629E+001  0.65927612E-001
  0.19633246E-002 -0.22095652E+001  0.93222571E+000  0.22719186E-001
  0.19553638E-002 -0.22014404E+001  0.98823211E+000 -0.66491040E-001
  0.19743856E-002 -0.22419672E+001  0.94256204E+000 -0.39985486E-001
  0.19436007E-002 -0.22105362E+001  0.93099123E+000 -0.19025867E-001
  0.39502358E-002 -0.22427084E+001  0.97108068E+000 -0.61458916E-001
  0.39269077E-002 -0.22522530E+001  0.10510696E+001 -0.33952558E-001
  0.19442052E-002 -0.22539402E+001  0.10084487E+001  0.64376271E-001
  0.19441411E-002 -0.22538728E+001  0.10605952E+001  0.25244960E-002
  0.19543903E-002 -0.22857804E+001  0.98772989E+000  0.64770249E-001
  0.19372923E-002 -0.22682062E+001  0.10131321E+001  0.62890157E-001
  0.19915262E-002 -0.23234266E+001  0.98614414E+000 -0.63809035E-001
  0.19822335E-002 -0.23140716E+001  0.96291915E+000  0.55949289E-001
  0.13344861E-002 -0.23336466E+001  0.99222682E+000 -0.64165273E-001
  0.13310515E-002 -0.23284920E+001  0.94063764E+000  0.34301066E-001
  0.13301893E-002 -0.23271956E+001  0.93071825E+000  0.58068331E-002
  0.40219355E-002 -0.23428556E+001  0.10143668E+001  0.60948226E-001
  0.13472484E-002 -0.23526820E+001  0.93898771E+000 -0.30604628E-001
  0.13466611E-002 -0.23518104E+001  0.95949367E+000 -0.52917058E-001
  0.13466490E-002 -0.23517914E+001  0.10382501E+001  0.46605066E-001
  0.20246306E-002 -0.23563972E+001  0.94764895E+000  0.42532475E-001
  0.20238675E-002 -0.23556446E+001  0.93892530E+000 -0.30369110E-001
  0.40637056E-002 -0.23635198E+001  0.95884551E+000 -0.52187222E-001
  0.40661974E-002 -0.23647452E+001  0.10574972E+001 -0.10759848E-001
  0.40278199E-002 -0.23689014E+001  0.98979294E+000  0.63294558E-001
  0.40010558E-002 -0.23786892E+001  0.10557133E+001 -0.17221943E-001
  0.40114600E-002 -0.23838826E+001  0.10165606E+001 -0.59302417E-001
  0.13379161E-002 -0.24084158E+001  0.99562388E+000 -0.62696815E-001
  0.13304327E-002 -0.23971980E+001  0.10286782E+001 -0.52916138E-001
  0.13253337E-002 -0.23895174E+001  0.95443608E+000 -0.48146670E-001
  0.19936543E-002 -0.24185904E+001  0.10443000E+001  0.37950368E-001
  0.19865993E-002 -0.24114988E+001  0.97132487E+000  0.57909491E-001
  0.39561853E-002 -0.24263088E+001  0.10465052E+001 -0.34625497E-001
  0.19597468E-002 -0.24310652E+001  0.10111594E+001  0.60032114E-001
  0.19581071E-002 -0.24293926E+001  0.10115145E+001  0.59968891E-001
  0.19659238E-002 -0.24373598E+001  0.10069347E+001  0.60905587E-001
  0.19632520E-002 -0.24346406E+001  0.96211375E+000  0.52609825E-001
  0.39054080E-002 -0.24475350E+001  0.97194716E+000  0.57359930E-001
  0.12991527E-002 -0.24671280E+001  0.10055108E+001 -0.60543235E-001
  0.12991358E-002 -0.24671022E+001  0.10556908E+001 -0.87284252E-002
  0.12900517E-002 -0.24530680E+001  0.10275169E+001  0.52294916E-001
  0.37900199E-002 -0.24814040E+001  0.10047392E+001  0.60371315E-001
  0.37432839E-002 -0.25025676E+001  0.10410891E+001 -0.39150607E-001
  0.18725671E-002 -0.25035554E+001  0.93428420E+000 -0.45221702E-002
  0.18721271E-002 -0.25030844E+001  0.10017411E+001  0.60328985E-001
  0.37473513E-002 -0.25047388E+001  0.10301061E+001  0.49242698E-001
  0.18827063E-002 -0.25377470E+001  0.10542264E+001  0.84086200E-002
  0.18585010E-002 -0.25118674E+001  0.93430516E+000 -0.14021810E-002
  0.37665304E-002 -0.25383418E+001  0.99088518E+000 -0.59822348E-001
  0.37238023E-002 -0.25391920E+001  0.10510059E+001  0.20806628E-001
  0.18702652E-002 -0.25481566E+001  0.10239238E+001  0.52105747E-001
  0.18696538E-002 -0.25475014E+001  0.10240054E+001  0.52075781E-001
  0.37154889E-002 -0.25586740E+001  0.10186833E+001 -0.54485214E-001
  0.37204858E-002 -0.25613614E+001  0.10008566E+001 -0.59166749E-001
  0.18363672E-002 -0.25837218E+001  0.10518671E+001  0.14983054E-001
  0.18251374E-002 -0.25714548E+001  0.93860146E+000  0.18454084E-001
  0.18385409E-002 -0.25860880E+001  0.95063387E+000 -0.38667226E-001
  0.18364351E-002 -0.25837966E+001  0.95168268E+000 -0.39902289E-001
  0.35503648E-003 -0.26571852E+001  0.10501662E+001  0.15069734E-001
  0.35125222E-003 -0.26357518E+001  0.10281999E+001 -0.47130821E-001
  0.35387493E-003 -0.26506298E+001  0.97970069E+000  0.55398567E-001
  0.34440543E-003 -0.25963836E+001  0.94371833E+000  0.28574760E-001
  0.35408271E-003 -0.26518042E+001  0.93807543E+000 -0.89290137E-002
  0.34742699E-003 -0.26138526E+001  0.94653189E+000 -0.32377024E-001
  0.35253699E-003 -0.26430548E+001  0.96661591E+000  0.50109207E-001
  0.35399845E-003 -0.26513280E+001  0.10431462E+001  0.31003050E-001
  0.34281178E-003 -0.25871076E+001  0.97287086E+000  0.54528459E-001
  0.34265618E-003 -0.25861994E+001  0.10248617E+001  0.50610919E-001
  0.89351895E-003 -0.26933550E+001  0.95012488E+000  0.34314290E-001
  0.88631511E-003 -0.26771652E+001  0.10397718E+001  0.34763447E-001
  0.88127572E-003 -0.26657596E+001  0.95106328E+000 -0.36469955E-001
  0.87788758E-003 -0.26580564E+001  0.10191079E+001  0.51892148E-001
  0.12121326E-002 -0.27279290E+001  0.10305660E+001  0.42680432E-001
  0.12014898E-002 -0.27102904E+001  0.10130502E+001  0.53093748E-001
  0.12008724E-002 -0.27092634E+001  0.93919990E+000 -0.76283939E-002
  0.90680873E-003 -0.27460050E+001  0.99196094E+000  0.55241124E-001
  0.90309752E-003 -0.27378022E+001  0.10230912E+001 -0.47721439E-001
  0.90131206E-003 -0.27338434E+001  0.10259405E+001  0.46012405E-001
  0.90325829E-003 -0.27381582E+001  0.10415194E+001 -0.29907647E-001
  0.36364294E-002 -0.27510678E+001  0.94138786E+000 -0.13641560E-001
  0.35968493E-002 -0.27525708E+001  0.10474092E+001 -0.16715915E-001
  0.18017605E-002 -0.27562780E+001  0.10418593E+001  0.28581816E-001
  0.18002963E-002 -0.27546524E+001  0.94435077E+000  0.21890214E-001
  0.36280716E-002 -0.27698584E+001  0.10085898E+001 -0.53010077E-001
  0.18212103E-002 -0.27777520E+001  0.10461445E+001 -0.18586840E-001
  0.18143318E-002 -0.27701832E+001  0.10049199E+001  0.53827799E-001
  0.70816105E-003 -0.28164188E+001  0.94144528E+000 -0.52229083E-002
  0.70408532E-003 -0.28048764E+001  0.10370818E+001  0.33433471E-001
  0.70582162E-003 -0.28098018E+001  0.94164098E+000  0.80227611E-002
  0.69547742E-003 -0.27802728E+001  0.95840021E+000  0.40319578E-001
  0.69901174E-003 -0.27904120E+001  0.96405700E+000 -0.44515086E-001
  0.35528612E-002 -0.28232174E+001  0.97622773E+000  0.50062597E-001
  0.35275454E-002 -0.28325842E+001  0.10065052E+001  0.51985790E-001
  0.17556783E-002 -0.28470540E+001  0.95470864E+000  0.34258402E-001
  0.17476714E-002 -0.28379126E+001  0.10317265E+001 -0.38170722E-001
  0.35252673E-002 -0.28549612E+001  0.95635370E+000  0.35810875E-001
  0.35413899E-002 -0.28640866E+001  0.10441612E+001  0.18015313E-001
  0.11935335E-002 -0.29103536E+001  0.10200086E+001  0.44745385E-001
  0.11734912E-002 -0.28764820E+001  0.10048903E+001  0.51236946E-001
  0.11830469E-002 -0.28927034E+001  0.94318862E+000  0.37701264E-002
  0.73273312E-003 -0.29562198E+001  0.10340453E+001  0.31308718E-001
  0.72877026E-003 -0.29453740E+001  0.99332518E+000  0.50460126E-001
  0.71908210E-003 -0.29186084E+001  0.10460404E+001 -0.77342412E-003
  0.72211799E-003 -0.29270334E+001  0.10263709E+001 -0.39964932E-001
  0.72903777E-003 -0.29461082E+001  0.10421249E+001 -0.17660924E-001
  0.36507523E-002 -0.29736992E+001  0.96512574E+000 -0.39740158E-001
  0.36205475E-002 -0.29816234E+001  0.10423003E+001 -0.14346378E-001
  0.18216747E-002 -0.29941792E+001  0.99162454E+000  0.49118462E-001
  0.18155533E-002 -0.29874468E+001  0.10353209E+001 -0.28281436E-001
  0.18143010E-002 -0.30109122E+001  0.95566901E+000  0.28873962E-001
  0.18100750E-002 -0.30062486E+001  0.10235782E+001  0.39551150E-001
  0.36401040E-002 -0.30172422E+001  0.97750186E+000 -0.45348504E-001
  0.36002967E-002 -0.30204064E+001  0.10086477E+001 -0.46546839E-001
  0.88505036E-003 -0.30367440E+001  0.10246207E+001  0.37756010E-001
  0.88230301E-003 -0.30305264E+001  0.94925263E+000 -0.15679599E-001
  0.88330764E-003 -0.30328024E+001  0.98571135E+000  0.47311265E-001
  0.88154808E-003 -0.30288146E+001  0.96177625E+000 -0.35046014E-001
  0.35743319E-002 -0.30559340E+001  0.10227447E+001  0.38537756E-001
  0.18005754E-002 -0.30708836E+001  0.10279573E+001 -0.33596497E-001
  0.17936995E-002 -0.30632330E+001  0.99874409E+000  0.47250901E-001
  0.17822440E-002 -0.30758970E+001  0.10411696E+001  0.85328122E-002
  0.17779487E-002 -0.30710710E+001  0.10403834E+001 -0.12505382E-001
  0.34583039E-002 -0.30908936E+001  0.95430761E+000  0.22881034E-001
  0.34613935E-002 -0.30926782E+001  0.10382462E+001 -0.17029966E-001
  0.86253312E-003 -0.31113192E+001  0.10128206E+001 -0.42440256E-001
  0.85625356E-003 -0.30967052E+001  0.98659045E+000 -0.45723924E-001
  0.86205627E-003 -0.31102122E+001  0.10125167E+001 -0.42601422E-001
  0.85904177E-003 -0.31032060E+001  0.98445835E+000  0.45092958E-001
  0.34520362E-002 -0.31124224E+001  0.94981778E+000 -0.94697175E-002
  0.17168741E-002 -0.31272766E+001  0.98361140E+000 -0.44195121E-001
  0.17113957E-002 -0.31208838E+001  0.10383303E+001 -0.14545736E-001
  0.11373662E-002 -0.31401040E+001  0.10090866E+001 -0.42995013E-001
  0.11353549E-002 -0.31365656E+001  0.96406100E+000  0.33174988E-001
  0.11356637E-002 -0.31371084E+001  0.95136827E+000  0.12753927E-001
  0.34202658E-002 -0.31448860E+001  0.95000847E+000  0.49700203E-002
  0.84851397E-003 -0.31553070E+001  0.97942437E+000  0.42048876E-001
  0.84594432E-003 -0.31492420E+001  0.95078744E+000 -0.90514230E-002
  0.84772691E-003 -0.31534524E+001  0.95625660E+000 -0.22765020E-001
  0.84713117E-003 -0.31520452E+001  0.10395198E+001 -0.54054352E-002
  0.34122581E-002 -0.31660044E+001  0.96986126E+000  0.36748165E-001
  0.11111564E-002 -0.31712354E+001  0.10252383E+001 -0.32351316E-001
  0.11096818E-002 -0.31685782E+001  0.10357707E+001  0.17473049E-001
  0.11101746E-002 -0.31694666E+001  0.10334899E+001  0.21982956E-001
  0.33497150E-002 -0.31809588E+001  0.10354073E+001  0.17418707E-001
  0.33063811E-002 -0.31810604E+001  0.95079497E+000 -0.15394032E-002
  0.33112947E-002 -0.31840306E+001  0.95140388E+000  0.68831364E-002
  0.54176728E-003 -0.32254742E+001  0.10068708E+001 -0.41100610E-001
  0.53170272E-003 -0.31879698E+001  0.10356135E+001 -0.16403603E-001
  0.54156524E-003 -0.32247294E+001  0.10171369E+001 -0.36578469E-001
  0.53882322E-003 -0.32145758E+001  0.10066681E+001 -0.41495511E-001
  0.53902155E-003 -0.32153120E+001  0.10271587E+001  0.28540923E-001
  0.53229484E-003 -0.31901956E+001  0.10317746E+001  0.23658566E-001
  0.10719509E-002 -0.32297840E+001  0.97795222E+000 -0.39116808E-001
  0.10717408E-002 -0.32293936E+001  0.98318738E+000  0.41022715E-001
  0.10717055E-002 -0.32293266E+001  0.10213246E+001  0.33492848E-001
  0.32196745E-002 -0.32321600E+001  0.96611539E+000 -0.31311850E-001
  0.32207984E-002 -0.32328588E+001  0.10207055E+001  0.33841286E-001
  0.76525839E-003 -0.32601818E+001  0.10092877E+001  0.39201789E-001
  0.75623755E-003 -0.32364656E+001  0.97301998E+000  0.36334525E-001
  0.75996132E-003 -0.32462898E+001  0.96478906E+000 -0.29437667E-001
  0.76081448E-003 -0.32485338E+001  0.10300582E+001  0.23138362E-001
  0.30643524E-002 -0.32623496E+001  0.96031475E+000 -0.23187650E-001
  0.30014643E-002 -0.32715126E+001  0.98178892E+000  0.39248327E-001
  0.15096476E-002 -0.32833596E+001  0.95519893E+000 -0.10402649E-001
  0.15094680E-002 -0.32831220E+001  0.97987851E+000 -0.38164860E-001
  0.15167036E-002 -0.32926856E+001  0.10265641E+001 -0.25624424E-001
  0.15131072E-002 -0.32879382E+001  0.10144093E+001 -0.35939987E-001
  0.30338222E-002 -0.32929588E+001  0.10219789E+001  0.30417878E-001
  0.30348447E-002 -0.32936322E+001  0.95606873E+000  0.12238501E-001
  0.10133131E-002 -0.32969880E+001  0.10340099E+001  0.11002870E-001
  0.10122102E-002 -0.32948104E+001  0.96437177E+000  0.26803210E-001
  0.10116324E-002 -0.32936670E+001  0.10329300E+001 -0.14566273E-001
  0.10192971E-002 -0.33087638E+001  0.96153957E+000  0.22427349E-001
  0.10163515E-002 -0.33029756E+001  0.95454233E+000  0.26233823E-002
  0.10148839E-002 -0.33000850E+001  0.98408421E+000  0.39029377E-001
  0.29984943E-002 -0.33235896E+001  0.95855597E+000 -0.16098934E-001
  0.15053558E-002 -0.33317224E+001  0.10313289E+001  0.15317851E-001
  0.15014304E-002 -0.33265002E+001  0.98478400E+000  0.38352362E-001
  0.10099605E-002 -0.33444164E+001  0.95814595E+000  0.13301702E-001
  0.10064329E-002 -0.33374194E+001  0.10208049E+001 -0.29577173E-001
  0.10088906E-002 -0.33422972E+001  0.10105845E+001  0.35898648E-001
  0.30411364E-002 -0.33518324E+001  0.10284374E+001 -0.19626664E-001
  0.30099223E-002 -0.33591708E+001  0.99721121E+000  0.38561840E-001
  0.15163047E-002 -0.33741894E+001  0.10308135E+001 -0.12827144E-001
  0.15161667E-002 -0.33740066E+001  0.10308250E+001 -0.12813142E-001
  0.30367907E-002 -0.33769440E+001  0.10023496E+001 -0.37306618E-001
  0.30524552E-002 -0.33872358E+001  0.98216038E+000  0.35437255E-001
  0.30595115E-002 -0.33918524E+001  0.98809283E+000 -0.36898059E-001
  0.30641624E-002 -0.33948904E+001  0.10228337E+001  0.24900068E-001
  0.15379176E-002 -0.34024958E+001  0.10085278E+001 -0.34587065E-001
  0.15350413E-002 -0.33987504E+001  0.10139720E+001  0.32050075E-001
  0.15008525E-002 -0.34143142E+001  0.10073479E+001  0.34599220E-001
  0.14971829E-002 -0.34094178E+001  0.10226358E+001  0.24377436E-001
  0.15107561E-002 -0.34274676E+001  0.95987443E+000 -0.95010093E-002
  0.15013223E-002 -0.34149394E+001  0.96484982E+000  0.21055898E-001
  0.15013223E-002 -0.34149394E+001  0.96484982E+000  0.21055898E-001
  0.10112157E-002 -0.34149394E+001  0.96484982E+000  0.21055898E-001
  0.10078331E-002 -0.34149394E+001  0.96484982E+000  0.21055898E-001
  0.10087680E-002 -0.34149394E+001  0.96484982E+000  0.21055898E-001
  0.30357405E-002 -0.34149394E+001  0.96484982E+000  0.21055898E-001
  0.29906201E-002 -0.34149394E+001  0.96484982E+000  0.21055898E-001
  0.14957775E-002 -0.34149394E+001  0.96484982E+000  0.21055898E-001
  0.14954394E-002 -0.34149394E+001  0.96484982E+000  0.21055898E-001
  0.15162260E-002 -0.34149394E+001  0.96484982E+000  0.21055898E-001
  0.15034198E-002 -0.34149394E+001  0.96484982E+000  0.21055898E-001
  0.15190028E-002 -0.34149394E+001  0.96484982E+000  0.21055898E-001
  0.15169893E-002 -0.34149394E+001  0.96484982E+000  0.21055898E-001
  0.30386264E-002 -0.34149394E+001  0.96484982E+000  0.21055898E-001
  0.29932917E-002 -0.34149394E+001  0.96484982E+000  0.21055898E-001
  0.29508867E-002 -0.34149394E+001  0.96484982E+000  0.21055898E-001
  0.14775222E-002 -0.34149394E+001  0.96484982E+000  0.21055898E-001
  0.14758606E-002 -0.34149394E+001  0.96484982E+000  0.21055898E-001
  0.14031909E-002 -0.34149394E+001  0.96484982E+000  0.21055898E-001
  0.13976007E-002 -0.34149394E+001  0.96484982E+000  0.21055898E-001
  0.27233983E-002 -0.34149394E+001  0.96484982E+000  0.21055898E-001
  0.26856894E-002 -0.34149394E+001  0.96484982E+000  0.21055898E-001
  0.67904593E-003 -0.34149394E+001  0.96484982E+000  0.21055898E-001
  0.67571724E-003 -0.34149394E+001  0.96484982E+000  0.21055898E-001
  0.67201672E-003 -0.34149394E+001  0.96484982E+000  0.21055898E-001
  0.67844525E-003 -0.34149394E+001  0.96484982E+000  0.21055898E-001
  0.27207344E-002 -0.34149394E+001  0.96484982E+000  0.21055898E-001
  0.26775213E-002 -0.34149394E+001  0.96484982E+000  0.21055898E-001
  0.26783084E-002 -0.34149394E+001  0.96484982E+000  0.21055898E-001
  0.26786853E-002 -0.34149394E+001  0.96484982E+000  0.21055898E-001
  0.26797088E-002 -0.34149394E+001  0.96484982E+000  0.21055898E-001
  0.13512385E-002 -0.34149394E+001  0.96484982E+000  0.21055898E-001
  0.13463000E-002 -0.34149394E+001  0.96484982E+000  0.21055898E-001
  0.13582329E-002 -0.34149394E+001  0.96484982E+000  0.21055898E-001
  0.13563399E-002 -0.34149394E+001  0.96484982E+000  0.21055898E-001
  0.27201327E-002 -0.34149394E+001  0.96484982E+000  0.21055898E-001
  0.12981193E-002 -0.34149394E+001  0.96484982E+000  0.21055898E-001
  0.12899469E-002 -0.34149394E+001  0.96484982E+000  0.21055898E-001
  0.12803932E-002 -0.34149394E+001  0.96484982E+000  0.21055898E-001
  0.12760920E-002 -0.34149394E+001  0.96484982E+000  0.21055898E-001
  0.12605895E-002 -0.34149394E+001  0.96484982E+000  0.21055898E-001
  0.12581228E-002 -0.34149394E+001  0.96484982E+000  0.21055898E-001
  0.25238123E-002 -0.34149394E+001  0.96484982E+000  0.21055898E-001
  0.84669563E-003 -0.34149394E+001  0.96484982E+000  0.21055898E-001
  0.84362031E-003 -0.34149394E+001  0.96484982E+000  0.21055898E-001
  0.84474101E-003 -0.34149394E+001  0.96484982E+000  0.21055898E-001
  0.12553705E-002 -0.34149394E+001  0.96484982E+000  0.21055898E-001
  0.12544521E-002 -0.34149394E+001  0.96484982E+000  0.21055898E-001
  0.12587579E-002 -0.34149394E+001  0.96484982E+000  0.21055898E-001
  0.12565292E-002 -0.34149394E+001  0.96484982E+000  0.21055898E-001
  0.82619320E-003 -0.34149394E+001  0.96484982E+000  0.21055898E-001
  0.82478742E-003 -0.34149394E+001  0.96484982E+000  0.21055898E-001
  0.82405384E-003 -0.34149394E+001  0.96484982E+000  0.21055898E-001
  0.24808082E-002 -0.34149394E+001  0.96484982E+000  0.21055898E-001
  0.12254822E-002 -0.34149394E+001  0.96484982E+000  0.21055898E-001
  0.12216669E-002 -0.34149394E+001  0.96484982E+000  0.21055898E-001
  0.81738838E-003 -0.34149394E+001  0.96484982E+000  0.21055898E-001
  0.81724627E-003 -0.34149394E+001  0.96484982E+000  0.21055898E-001
  0.81731452E-003 -0.34149394E+001  0.96484982E+000  0.21055898E-001
  0.61479153E-003 -0.34149394E+001  0.96484982E+000  0.21055898E-001
  0.61373410E-003 -0.34149394E+001  0.96484982E+000  0.21055898E-001
  0.61371137E-003 -0.34149394E+001  0.96484982E+000  0.21055898E-001
  0.61415262E-003 -0.34149394E+001  0.96484982E+000  0.21055898E-001
  0.80460204E-003 -0.34149394E+001  0.96484982E+000  0.21055898E-001
  0.80457839E-003 -0.34149394E+001  0.96484982E+000  0.21055898E-001
  0.80376297E-003 -0.34149394E+001  0.96484982E+000  0.21055898E-001
  0.60656356E-003 -0.34149394E+001  0.96484982E+000  0.21055898E-001
  0.60437756E-003 -0.34149394E+001  0.96484982E+000  0.21055898E-001
  0.60634013E-003 -0.34149394E+001  0.96484982E+000  0.21055898E-001
  0.60453218E-003 -0.34149394E+001  0.96484982E+000  0.21055898E-001
  0.24330624E-002 -0.34149394E+001  0.96484982E+000  0.21055898E-001
  0.24389569E-002 -0.34149394E+001  0.96484982E+000  0.21055898E-001
  0.23927204E-002 -0.34149394E+001  0.96484982E+000  0.21055898E-001
  0.75323246E-003 -0.34149394E+001  0.96484982E+000  0.21055898E-001
  0.75120503E-003 -0.34149394E+001  0.96484982E+000  0.21055898E-001
  0.75125855E-003 -0.34149394E+001  0.96484982E+000  0.21055898E-001
  0.22619645E-002 -0.34149394E+001  0.96484982E+000  0.21055898E-001
  0.11319999E-002 -0.34149394E+001  0.96484982E+000  0.21055898E-001
  0.11316912E-002 -0.34149394E+001  0.96484982E+000  0.21055898E-001
  0.11346876E-002 -0.34149394E+001  0.96484982E+000  0.21055898E-001
  0.11325529E-002 -0.34149394E+001  0.96484982E+000  0.21055898E-001
  0.11359794E-002 -0.34149394E+001  0.96484982E+000  0.21055898E-001
  0.11354573E-002 -0.34149394E+001  0.96484982E+000  0.21055898E-001
  0.11370221E-002 -0.34149394E+001  0.96484982E+000  0.21055898E-001
  0.11361103E-002 -0.34149394E+001  0.96484982E+000  0.21055898E-001
  0.76154293E-003 -0.34149394E+001  0.96484982E+000  0.21055898E-001
  0.75892242E-003 -0.34149394E+001  0.96484982E+000  0.21055898E-001
  0.76027780E-003 -0.34149394E+001  0.96484982E+000  0.21055898E-001
  0.22348922E-002 -0.34149394E+001  0.96484982E+000  0.21055898E-001
  0.37588828E-003 -0.34149394E+001  0.96484982E+000  0.21055898E-001
  0.37445541E-003 -0.34149394E+001  0.96484982E+000  0.21055898E-001
  0.37467502E-003 -0.34149394E+001  0.96484982E+000  0.21055898E-001
  0.37532106E-003 -0.34149394E+001  0.96484982E+000  0.21055898E-001
  0.37332683E-003 -0.34149394E+001  0.96484982E+000  0.21055898E-001
  0.37281853E-003 -0.34149394E+001  0.96484982E+000  0.21055898E-001
  0.56861619E-003 -0.34149394E+001  0.96484982E+000  0.21055898E-001
  0.56504439E-003 -0.34149394E+001  0.96484982E+000  0.21055898E-001
  0.56777390E-003 -0.34149394E+001  0.96484982E+000  0.21055898E-001
  0.56820683E-003 -0.34149394E+001  0.96484982E+000  0.21055898E-001
  0.11133137E-002 -0.34149394E+001  0.96484982E+000  0.21055898E-001
  0.11104550E-002 -0.34149394E+001  0.96484982E+000  0.21055898E-001
  0.28022657E-003 -0.34149394E+001  0.96484982E+000  0.21055898E-001
  0.27869773E-003 -0.34149394E+001  0.96484982E+000  0.21055898E-001
  0.27988931E-003 -0.34149394E+001  0.96484982E+000  0.21055898E-001
  0.27929498E-003 -0.34149394E+001  0.96484982E+000  0.21055898E-001
  0.28019664E-003 -0.34149394E+001  0.96484982E+000  0.21055898E-001
  0.27988714E-003 -0.34149394E+001  0.96484982E+000  0.21055898E-001
  0.27833248E-003 -0.34149394E+001  0.96484982E+000  0.21055898E-001
  0.27881933E-003 -0.34149394E+001  0.96484982E+000  0.21055898E-001
  0.75001814E-003 -0.34149394E+001  0.96484982E+000  0.21055898E-001
  0.74840547E-003 -0.34149394E+001  0.96484982E+000  0.21055898E-001
  0.74777277E-003 -0.34149394E+001  0.96484982E+000  0.21055898E-001
  0.22524955E-002 -0.34149394E+001  0.96484982E+000  0.21055898E-001
  0.11290054E-002 -0.34149394E+001  0.96484982E+000  0.21055898E-001
  0.11286694E-002 -0.34149394E+001  0.96484982E+000  0.21055898E-001
  0.75380025E-003 -0.34149394E+001  0.96484982E+000  0.21055898E-001
  0.75290222E-003 -0.34149394E+001  0.96484982E+000  0.21055898E-001
  0.75336930E-003 -0.34149394E+001  0.96484982E+000  0.21055898E-001
  0.11320335E-002 -0.34149394E+001  0.96484982E+000  0.21055898E-001
  0.11315088E-002 -0.34149394E+001  0.96484982E+000  0.21055898E-001
  0.22647881E-002 -0.34149394E+001  0.96484982E+000  0.21055898E-001
  0.22012811E-002 -0.34149394E+001  0.96484982E+000  0.21055898E-001
  0.73496089E-003 -0.34149394E+001  0.96484982E+000  0.21055898E-001
  0.73431177E-003 -0.34149394E+001  0.96484982E+000  0.21055898E-001
  0.73488831E-003 -0.34149394E+001  0.96484982E+000  0.21055898E-001
  0.11027399E-002 -0.34149394E+001  0.96484982E+000  0.21055898E-001
  0.11027174E-002 -0.34149394E+001  0.96484982E+000  0.21055898E-001
  0.44353014E-003 -0.34149394E+001  0.96484982E+000  0.21055898E-001
  0.44263081E-003 -0.34149394E+001  0.96484982E+000  0.21055898E-001
  0.44264924E-003 -0.34149394E+001  0.96484982E+000  0.21055898E-001
  0.44116252E-003 -0.34149394E+001  0.96484982E+000  0.21055898E-001
  0.44303201E-003 -0.34149394E+001  0.96484982E+000  0.21055898E-001
  0.11134553E-002 -0.34149394E+001  0.96484982E+000  0.21055898E-001
  0.11109797E-002 -0.34149394E+001  0.96484982E+000  0.21055898E-001
  0.22288667E-002 -0.34149394E+001  0.96484982E+000  0.21055898E-001
  0.11153775E-002 -0.34149394E+001  0.96484982E+000  0.21055898E-001
  0.11146547E-002 -0.34149394E+001  0.96484982E+000  0.21055898E-001
  0.22307947E-002 -0.34149394E+001  0.96484982E+000  0.21055898E-001
  0.22373271E-002 -0.34149394E+001  0.96484982E+000  0.21055898E-001
  0.56027872E-003 -0.34149394E+001  0.96484982E+000  0.21055898E-001
  0.56019330E-003 -0.34149394E+001  0.96484982E+000  0.21055898E-001
  0.55967421E-003 -0.34149394E+001  0.96484982E+000  0.21055898E-001
  0.56022843E-003 -0.34149394E+001  0.96484982E+000  0.21055898E-001
  0.11226775E-002 -0.34149394E+001  0.96484982E+000  0.21055898E-001
  0.11221292E-002 -0.34149394E+001  0.96484982E+000  0.21055898E-001
  0.11268100E-002 -0.34149394E+001  0.96484982E+000  0.21055898E-001
  0.11262540E-002 -0.34149394E+001  0.96484982E+000  0.21055898E-001
  0.72419306E-003 -0.34149394E+001  0.96484982E+000  0.21055898E-001
  0.72208823E-003 -0.34149394E+001  0.96484982E+000  0.21055898E-001
  0.72312336E-003 -0.34149394E+001  0.96484982E+000  0.21055898E-001
  0.52219931E-003 -0.34149394E+001  0.96484982E+000  0.21055898E-001
  0.52191154E-003 -0.34149394E+001  0.96484982E+000  0.21055898E-001
  0.52153176E-003 -0.34149394E+001  0.96484982E+000  0.21055898E-001
  0.52137415E-003 -0.34149394E+001  0.96484982E+000  0.21055898E-001
  0.10458782E-002 -0.34149394E+001  0.96484982E+000  0.21055898E-001
  0.10451099E-002 -0.34149394E+001  0.96484982E+000  0.21055898E-001
  0.20920005E-002 -0.34149394E+001  0.96484982E+000  0.21055898E-001
  0.20958434E-002 -0.34149394E+001  0.96484982E+000  0.21055898E-001
  0.20962122E-002 -0.34149394E+001  0.96484982E+000  0.21055898E-001
  0.20981492E-002 -0.34149394E+001  0.96484982E+000  0.21055898E-001
  0.19878014E-002 -0.34149394E+001  0.96484982E+000  0.21055898E-001
  0.19891240E-002 -0.34149394E+001  0.96484982E+000  0.21055898E-001
  0.66548716E-003 -0.34149394E+001  0.96484982E+000  0.21055898E-001
  0.66335283E-003 -0.34149394E+001  0.96484982E+000  0.21055898E-001
  0.66405624E-003 -0.34149394E+001  0.96484982E+000  0.21055898E-001
  0.19971598E-002 -0.34149394E+001  0.96484982E+000  0.21055898E-001
  0.50027204E-003 -0.34149394E+001  0.96484982E+000  0.21055898E-001
  0.49992701E-003 -0.34149394E+001  0.96484982E+000  0.21055898E-001
  0.50016084E-003 -0.34149394E+001  0.96484982E+000  0.21055898E-001
  0.49997816E-003 -0.34149394E+001  0.96484982E+000  0.21055898E-001
  0.20026751E-002 -0.34149394E+001  0.96484982E+000  0.21055898E-001
  0.67267077E-003 -0.34149394E+001  0.96484982E+000  0.21055898E-001
  0.67188008E-003 -0.34149394E+001  0.96484982E+000  0.21055898E-001
  0.67129818E-003 -0.34149394E+001  0.96484982E+000  0.21055898E-001
  0.10103426E-002 -0.34149394E+001  0.96484982E+000  0.21055898E-001
  0.10103151E-002 -0.34149394E+001  0.96484982E+000  0.21055898E-001
  0.20207566E-002 -0.34149394E+001  0.96484982E+000  0.21055898E-001
  0.20212809E-002 -0.34149394E+001  0.96484982E+000  0.21055898E-001
  0.91112695E-003 -0.34149394E+001  0.96484982E+000  0.21055898E-001
  0.91001225E-003 -0.34149394E+001  0.96484982E+000  0.21055898E-001
  0.91497646E-003 -0.34149394E+001  0.96484982E+000  0.21055898E-001
  0.91181174E-003 -0.34149394E+001  0.96484982E+000  0.21055898E-001
  0.61437734E-003 -0.34149394E+001  0.96484982E+000  0.21055898E-001
  0.61406240E-003 -0.34149394E+001  0.96484982E+000  0.21055898E-001
  0.61201600E-003 -0.34149394E+001  0.96484982E+000  0.21055898E-001
  0.92230469E-003 -0.34149394E+001  0.96484982E+000  0.21055898E-001
  0.92213246E-003 -0.34149394E+001  0.96484982E+000  0.21055898E-001
  0.18452886E-002 -0.34149394E+001  0.96484982E+000  0.21055898E-001
  0.18458628E-002 -0.34149394E+001  0.96484982E+000  0.21055898E-001
  0.92370841E-003 -0.34149394E+001  0.96484982E+000  0.21055898E-001
  0.92316996E-003 -0.34149394E+001  0.96484982E+000  0.21055898E-001
  0.18497530E-002 -0.34149394E+001  0.96484982E+000  0.21055898E-001
  0.18510793E-002 -0.34149394E+001  0.96484982E+000  0.21055898E-001
