 -0.15800173E+002 -0.15120048E+002 -0.68714257E+001  0.97369211E+000 -0.12064971E+001
 -0.15805228E+002 -0.15120048E+002 -0.68764810E+001  0.10353241E+001 -0.18300573E+001
 -0.15091673E+002 -0.14420368E+002 -0.68560723E+001  0.19784457E+001 -0.18913191E+001
 -0.15100967E+002 -0.14015466E+002 -0.68418363E+001  0.78101182E+000 -0.96811934E+000
 -0.16020123E+002 -0.13724490E+002 -0.66623804E+001  0.11235273E+001 -0.19004368E+001
 -0.16149144E+002 -0.13724490E+002 -0.67914010E+001  0.77958989E+000 -0.98931780E+000
 -0.16193895E+002 -0.13724490E+002 -0.68361515E+001  0.78111554E+000 -0.96806766E+000
 -0.15872599E+002 -0.13460517E+002 -0.65148555E+001  0.19372350E+001 -0.19184945E+001
 -0.15987560E+002 -0.13460517E+002 -0.66298168E+001  0.19888611E+001 -0.83476951E+000
 -0.15988089E+002 -0.13460517E+002 -0.66303457E+001  0.19296339E+001 -0.19203372E+001
 -0.14710624E+002 -0.13227560E+002 -0.64268006E+001  0.18438358E+001 -0.10483230E+001
 -0.14686056E+002 -0.13023036E+002 -0.64022327E+001  0.11487939E+001 -0.11205715E+001
 -0.14556249E+002 -0.12853439E+002 -0.62471074E+001  0.11961119E+001 -0.97113522E+000
 -0.14549014E+002 -0.12686087E+002 -0.62398727E+001  0.10227320E+001 -0.11953340E+001
 -0.15128316E+002 -0.12541798E+002 -0.61260273E+001  0.10279530E+001 -0.79427680E+000
 -0.15215891E+002 -0.12541798E+002 -0.62136031E+001  0.91265831E+000 -0.81164921E+000
 -0.14421117E+002 -0.12401546E+002 -0.61119760E+001  0.19753666E+001 -0.19150111E+001
 -0.15083531E+002 -0.12276931E+002 -0.60812424E+001  0.11615624E+001 -0.89292696E+000
 -0.15109647E+002 -0.12276931E+002 -0.61073585E+001  0.10515704E+001 -0.80171457E+000
 -0.14918912E+002 -0.12165869E+002 -0.58884524E+001  0.97316346E+000 -0.79625100E+000
 -0.15091653E+002 -0.12165869E+002 -0.60611942E+001  0.94033308E+000 -0.18519852E+001
 -0.14205704E+002 -0.12045895E+002 -0.58683923E+001  0.11041330E+001 -0.18989967E+001
 -0.15495587E+002 -0.11936730E+002 -0.57719811E+001  0.96364633E+000 -0.11869938E+001
 -0.15510562E+002 -0.11936730E+002 -0.57869559E+001  0.11892592E+001 -0.10139166E+001
 -0.15559275E+002 -0.11936730E+002 -0.58356684E+001  0.19245617E+001 -0.19802233E+001
 -0.15523249E+002 -0.11936730E+002 -0.57996421E+001  0.19358763E+001 -0.19549017E+001
 -0.14107350E+002 -0.11828876E+002 -0.57700376E+001  0.18470087E+001 -0.97790711E+000
 -0.14698959E+002 -0.11750108E+002 -0.54453558E+001  0.97507813E+000 -0.80359878E+000
 -0.14947746E+002 -0.11750108E+002 -0.56941430E+001  0.10363396E+001 -0.18546133E+001
 -0.13971121E+002 -0.11650444E+002 -0.54106650E+001  0.82134370E+000 -0.10679878E+001
 -0.13855565E+002 -0.11556765E+002 -0.52951097E+001  0.18978599E+001 -0.10879708E+001
 -0.13811329E+002 -0.11463514E+002 -0.52242052E+001  0.95455173E+000 -0.81172305E+000
 -0.15319618E+002 -0.11372232E+002 -0.51230565E+001  0.98662908E+000 -0.80809224E+000
 -0.15364443E+002 -0.11372232E+002 -0.51678811E+001  0.10570494E+001 -0.82055361E+000
 -0.15387253E+002 -0.11372232E+002 -0.51906914E+001  0.98653604E+000 -0.80691438E+000
 -0.15328547E+002 -0.11372232E+002 -0.51319854E+001  0.81014221E+000 -0.10214779E+001
 -0.15324166E+002 -0.11372232E+002 -0.51276044E+001  0.10027708E+001 -0.18599036E+001
 -0.14400639E+002 -0.11280086E+002 -0.51203679E+001  0.82154376E+000 -0.10573376E+001
 -0.14403143E+002 -0.11280086E+002 -0.51228721E+001  0.11441198E+001 -0.10957295E+001
 -0.13645595E+002 -0.11195500E+002 -0.50584713E+001  0.85960131E+000 -0.11127324E+001
 -0.13404151E+002 -0.11112736E+002 -0.48170276E+001  0.91130198E+000 -0.11499599E+001
 -0.13366135E+002 -0.11016406E+002 -0.47790113E+001  0.11572004E+001 -0.10634440E+001
 -0.13292601E+002 -0.10930427E+002 -0.46448527E+001  0.11236658E+001 -0.11089190E+001
 -0.13172854E+002 -0.10840389E+002 -0.45251059E+001  0.93547190E+000 -0.11567480E+001
 -0.13171988E+002 -0.10747759E+002 -0.45242400E+001  0.10222098E+001 -0.18773124E+001
 -0.13191547E+002 -0.10665461E+002 -0.45120495E+001  0.88181349E+000 -0.11223270E+001
 -0.13153141E+002 -0.10588526E+002 -0.44736436E+001  0.10810010E+001 -0.19169046E+001
 -0.14268346E+002 -0.10518870E+002 -0.44256982E+001  0.82205948E+000 -0.97262431E+000
 -0.14313712E+002 -0.10518870E+002 -0.44710642E+001  0.97576432E+000 -0.18767859E+001
 -0.14300787E+002 -0.10518870E+002 -0.44581392E+001  0.11069191E+001 -0.11214158E+001
 -0.13740562E+002 -0.10452723E+002 -0.42716307E+001  0.11207736E+001 -0.88603876E+000
 -0.13838331E+002 -0.10452723E+002 -0.43693994E+001  0.11606103E+001 -0.10353349E+001
 -0.13033227E+002 -0.10380710E+002 -0.42574428E+001  0.18894445E+001 -0.95310261E+000
 -0.13019453E+002 -0.10316732E+002 -0.41791302E+001  0.11201712E+001 -0.11014219E+001
 -0.12961256E+002 -0.10253824E+002 -0.40891845E+001  0.11142780E+001 -0.11056921E+001
 -0.13527924E+002 -0.10189247E+002 -0.39627055E+001  0.99067862E+000 -0.18881865E+001
 -0.13653245E+002 -0.10189247E+002 -0.40880266E+001  0.10128994E+001 -0.82763170E+000
 -0.13361157E+002 -0.10122824E+002 -0.37631479E+001  0.96559781E+000 -0.18985803E+001
 -0.13537492E+002 -0.10122824E+002 -0.39394838E+001  0.18994727E+001 -0.95119520E+000
 -0.12622591E+002 -0.10047292E+002 -0.37177295E+001  0.84103153E+000 -0.94997325E+000
 -0.13248206E+002 -0.99739195E+001 -0.36501978E+001  0.11047325E+001 -0.11047852E+001
 -0.13292301E+002 -0.99739195E+001 -0.36942926E+001  0.83534292E+000 -0.10149959E+001
 -0.13202737E+002 -0.99009593E+001 -0.36047284E+001  0.94406569E+000 -0.84543467E+000
 -0.13216247E+002 -0.99009593E+001 -0.36182380E+001  0.96809007E+000 -0.19021344E+001
 -0.12541581E+002 -0.98346501E+001 -0.35652602E+001  0.85406619E+000 -0.10624027E+001
 -0.12531274E+002 -0.97722014E+001 -0.35198623E+001  0.83756769E+000 -0.10052784E+001
 -0.13250734E+002 -0.97128331E+001 -0.35110839E+001  0.90657077E+000 -0.19852027E+001
 -0.13256935E+002 -0.97128331E+001 -0.35172845E+001  0.19114044E+001 -0.95410752E+000
 -0.12545868E+002 -0.96563123E+001 -0.34993651E+001  0.90679585E+000 -0.19905726E+001
 -0.12531671E+002 -0.96022021E+001 -0.34851684E+001  0.11495161E+001 -0.10092258E+001
 -0.13815211E+002 -0.95501550E+001 -0.33824136E+001  0.10365505E+001 -0.84656948E+000
 -0.13885697E+002 -0.95501550E+001 -0.34528994E+001  0.11258702E+001 -0.91643970E+000
 -0.13844951E+002 -0.95501550E+001 -0.34121536E+001  0.97163981E+000 -0.19075530E+001
 -0.13884693E+002 -0.95501550E+001 -0.34518957E+001  0.10160012E+001 -0.84017647E+000
 -0.12403072E+002 -0.94954734E+001 -0.33565688E+001  0.94509385E+000 -0.19230913E+001
 -0.12396379E+002 -0.94423054E+001 -0.33498759E+001  0.96736263E+000 -0.84340455E+000
 -0.13051957E+002 -0.93914917E+001 -0.33123063E+001  0.93907302E+000 -0.19300387E+001
 -0.13072592E+002 -0.93914917E+001 -0.33329419E+001  0.86828542E+000 -0.10772253E+001
 -0.12225985E+002 -0.93413300E+001 -0.31794824E+001  0.11036857E+001 -0.10937713E+001
 -0.13927629E+002 -0.92893693E+001 -0.28886957E+001  0.10364885E+001 -0.85667813E+000
 -0.14121343E+002 -0.92893693E+001 -0.30824099E+001  0.11323482E+001 -0.10458802E+001
 -0.14052768E+002 -0.92893693E+001 -0.30138346E+001  0.99756261E+000 -0.19176405E+001
 -0.14183574E+002 -0.92893693E+001 -0.31446411E+001  0.85337801E+000 -0.10420971E+001
 -0.14193301E+002 -0.92893693E+001 -0.31543673E+001  0.19565616E+001 -0.10638289E+001
 -0.14053412E+002 -0.92893693E+001 -0.30144792E+001  0.92350473E+000 -0.19994256E+001
 -0.14099868E+002 -0.92893693E+001 -0.30609349E+001  0.87929414E+000 -0.90596130E+000
 -0.11969145E+002 -0.92238422E+001 -0.28761216E+001  0.10418144E+001 -0.19426169E+001
 -0.12550950E+002 -0.91615918E+001 -0.27647795E+001  0.85456530E+000 -0.10191632E+001
 -0.12568868E+002 -0.91615918E+001 -0.27826976E+001  0.10327069E+001 -0.11309027E+001
 -0.11841066E+002 -0.90963092E+001 -0.27480431E+001  0.19311306E+001 -0.10139119E+001
 -0.12989813E+002 -0.90400824E+001 -0.26928172E+001  0.99426124E+000 -0.19304268E+001
 -0.13012428E+002 -0.90400824E+001 -0.27154320E+001  0.11351877E+001 -0.98982684E+000
 -0.12991765E+002 -0.90400824E+001 -0.26947687E+001  0.94269793E+000 -0.11236986E+001
 -0.12991765E+002 -0.90400824E+001 -0.26947687E+001  0.94269793E+000 -0.11236986E+001
 -0.13450328E+002 -0.89891262E+001 -0.22059510E+001  0.10037453E+001 -0.11243614E+001
 -0.13630939E+002 -0.89891262E+001 -0.23865622E+001  0.11194183E+001 -0.94857648E+000
 -0.13889784E+002 -0.89891262E+001 -0.26454068E+001  0.97679718E+000 -0.19355891E+001
 -0.13836614E+002 -0.89891262E+001 -0.25922369E+001  0.10153311E+001 -0.19390591E+001
 -0.13478375E+002 -0.89891262E+001 -0.22339978E+001  0.11223815E+001 -0.96882717E+000
 -0.13791240E+002 -0.89891262E+001 -0.25468624E+001  0.11131598E+001 -0.10611041E+001
 -0.13872704E+002 -0.89891262E+001 -0.26283266E+001  0.95381674E+000 -0.19514643E+001
 -0.12066757E+002 -0.89113883E+001 -0.20751429E+001  0.99620974E+000 -0.19711871E+001
 -0.12167086E+002 -0.89113883E+001 -0.21754714E+001  0.11153034E+001 -0.95015706E+000
 -0.12510622E+002 -0.88335174E+001 -0.20622492E+001  0.98106442E+000 -0.19802730E+001
 -0.12517188E+002 -0.88335174E+001 -0.20688157E+001  0.10410815E+001 -0.11122490E+001
 -0.12522732E+002 -0.88335174E+001 -0.20743594E+001  0.99817936E+000 -0.19715336E+001
 -0.12457922E+002 -0.87700357E+001 -0.18629457E+001  0.87328439E+000 -0.97629248E+000
 -0.12458186E+002 -0.87700357E+001 -0.18632101E+001  0.87944538E+000 -0.95401220E+000
 -0.12604169E+002 -0.87700357E+001 -0.20091929E+001  0.99479289E+000 -0.19856904E+001
 -0.12422512E+002 -0.87008250E+001 -0.17810157E+001  0.10387200E+001 -0.11063984E+001
 -0.12479107E+002 -0.87008250E+001 -0.18376105E+001  0.87445482E+000 -0.97316333E+000
 -0.12485113E+002 -0.87008250E+001 -0.18436170E+001  0.11167169E+001 -0.99553168E+000
 -0.11081884E+002 -0.86338392E+001 -0.14924799E+001  0.10064173E+001 -0.11079415E+001
 -0.11066906E+002 -0.85509122E+001 -0.14775021E+001  0.10228954E+001 -0.11044474E+001
 -0.11065111E+002 -0.84732268E+001 -0.14757069E+001  0.10783351E+001 -0.10699440E+001
 -0.10952233E+002 -0.84045080E+001 -0.13115355E+001  0.98003750E+000 -0.11030740E+001
 -0.12200547E+002 -0.83391063E+001 -0.80380888E+000  0.10738700E+001 -0.94114165E+000
 -0.12630833E+002 -0.83391063E+001 -0.12340946E+001  0.10264208E+001 -0.10972179E+001
 -0.12276535E+002 -0.83391063E+001 -0.87979659E+000  0.10123867E+001 -0.89791631E+000
 -0.12566234E+002 -0.83391063E+001 -0.11694957E+001  0.10741101E+001 -0.10636415E+001
 -0.12370704E+002 -0.83391063E+001 -0.97396587E+000  0.10434156E+001 -0.10824737E+001
 -0.10533866E+002 -0.82390906E+001 -0.74656535E+000  0.10893060E+001 -0.99306323E+000
 -0.11587080E+002 -0.81430679E+001 -0.70116666E+000  0.10038992E+001 -0.10875922E+001
 -0.11609854E+002 -0.81430679E+001 -0.72394089E+000  0.90503736E+000 -0.10225764E+001
 -0.11616074E+002 -0.81430679E+001 -0.73016078E+000  0.10888047E+001 -0.99169059E+000
 -0.10410336E+002 -0.80559563E+001 -0.57174183E+000  0.10770352E+001 -0.10295727E+001
 -0.11738375E+002 -0.79735386E+001 -0.41340293E+000  0.10725295E+001 -0.96180371E+000
 -0.11780821E+002 -0.79735386E+001 -0.45584878E+000  0.10537925E+001 -0.10568750E+001
 -0.11883222E+002 -0.79735386E+001 -0.55825007E+000  0.10700699E+001 -0.10418254E+001
 -0.11894262E+002 -0.79735386E+001 -0.56929037E+000  0.10834246E+001 -0.98327430E+000
 -0.11009509E+002 -0.78849000E+001 -0.37768464E+000  0.10709185E+001 -0.96090707E+000
 -0.11024230E+002 -0.78849000E+001 -0.39240595E+000  0.10355629E+001 -0.92151951E+000
 -0.10982078E+002 -0.78006432E+001 -0.35025379E+000  0.10770235E+001 -0.10039599E+001
 -0.10982740E+002 -0.78006432E+001 -0.35091563E+000  0.10648903E+001 -0.10383065E+001
 -0.11405428E+002 -0.77285581E+001 -0.26277735E+000  0.92408585E+000 -0.95814767E+000
 -0.11424108E+002 -0.77285581E+001 -0.28145785E+000  0.94694628E+000 -0.93053323E+000
 -0.11411202E+002 -0.77285581E+001 -0.26855173E+000  0.96905020E+000 -0.10704662E+001
 -0.10297046E+002 -0.76553948E+001 -0.25300788E+000  0.10188144E+001 -0.91891571E+000
 -0.10974262E+002 -0.75865746E+001 -0.23707654E+000  0.10723666E+001 -0.97984161E+000
 -0.10974615E+002 -0.75865746E+001 -0.23742988E+000  0.92349662E+000 -0.96113217E+000
 -0.10974615E+002 -0.75865746E+001 -0.23742988E+000  0.92349662E+000 -0.96113217E+000
 -0.11282821E+002 -0.75211864E+001 -0.14017106E+000  0.10385540E+001 -0.93320363E+000
 -0.11349853E+002 -0.75211864E+001 -0.20720326E+000  0.10703802E+001 -0.97565154E+000
 -0.11332279E+002 -0.75211864E+001 -0.18962906E+000  0.10539915E+001 -0.94532450E+000
 -0.11987157E+002 -0.74641201E+001  0.20490788E-001  0.97623333E+000 -0.92733204E+000
 -0.12065950E+002 -0.74641201E+001 -0.58302483E-001  0.10655233E+001 -0.10125788E+001
 -0.12039208E+002 -0.74641201E+001 -0.31560401E-001  0.10667647E+001 -0.99309112E+000
 -0.11995107E+002 -0.74641201E+001  0.12540424E-001  0.97508303E+000 -0.92736362E+000
 -0.12076564E+002 -0.74641201E+001 -0.68916558E-001  0.10216097E+001 -0.10629651E+001
 -0.12063995E+002 -0.74641201E+001 -0.56347696E-001  0.10675583E+001 -0.99907575E+000
 -0.10183124E+002 -0.74010175E+001  0.32764230E-001  0.95627046E+000 -0.10524960E+001
 -0.10849618E+002 -0.73409503E+001  0.59417577E-001  0.97175582E+000 -0.93033344E+000
 -0.10851950E+002 -0.73409503E+001  0.57085194E-001  0.10447534E+001 -0.94799666E+000
 -0.10184375E+002 -0.72861292E+001  0.92138054E-001  0.10472303E+001 -0.10369284E+001
 -0.11275986E+002 -0.72355525E+001  0.15976336E+000  0.10370832E+001 -0.94607403E+000
 -0.11325229E+002 -0.72355525E+001  0.11052111E+000  0.10609865E+001 -0.10029684E+001
 -0.11316988E+002 -0.72355525E+001  0.11876169E+000  0.10306240E+001 -0.93916850E+000
 -0.10150695E+002 -0.71841282E+001  0.18644189E+000  0.10582792E+001 -0.99987583E+000
 -0.10807771E+002 -0.71339298E+001  0.22251332E+000  0.10522745E+001 -0.97138655E+000
 -0.10821756E+002 -0.71339298E+001  0.20852814E+000  0.10575729E+001 -0.99507700E+000
 -0.11811700E+002 -0.70876439E+001  0.38618962E+000  0.10150917E+001 -0.94380773E+000
 -0.11931059E+002 -0.70876439E+001  0.26683072E+000  0.10124319E+001 -0.93719953E+000
 -0.11949322E+002 -0.70876439E+001  0.24856819E+000  0.97123838E+000 -0.93867051E+000
 -0.11959581E+002 -0.70876439E+001  0.23830908E+000  0.10078868E+001 -0.10549355E+001
 -0.11934680E+002 -0.70876439E+001  0.26320967E+000  0.10104345E+001 -0.10532327E+001
 -0.11855196E+002 -0.70876439E+001  0.34269345E+000  0.99958640E+000 -0.93808386E+000
 -0.10001846E+002 -0.70357400E+001  0.40428405E+000  0.95987536E+000 -0.10359591E+001
 -0.10797852E+002 -0.69920712E+001  0.44452634E+000  0.94274156E+000 -0.99311055E+000
 -0.10807448E+002 -0.69920712E+001  0.43493013E+000  0.10440428E+001 -0.97631545E+000
 -0.10102742E+002 -0.69485486E+001  0.44648956E+000  0.10363642E+001 -0.96361814E+000
 -0.10068880E+002 -0.69067611E+001  0.48035119E+000  0.10434741E+001 -0.10080941E+001
 -0.10029818E+002 -0.68652968E+001  0.51941328E+000  0.95064840E+000 -0.10142893E+001
 -0.11410766E+002 -0.68273126E+001  0.61177057E+000  0.10211478E+001 -0.96068524E+000
 -0.11501097E+002 -0.68273126E+001  0.52143992E+000  0.10431121E+001 -0.99506414E+000
 -0.11450725E+002 -0.68273126E+001  0.57181212E+000  0.95429493E+000 -0.97457546E+000
 -0.11422916E+002 -0.68273126E+001  0.59962051E+000  0.95339036E+000 -0.98077520E+000
 -0.10023155E+002 -0.67872479E+001  0.61308704E+000  0.10023474E+001 -0.10373533E+001
 -0.10698444E+002 -0.67486769E+001  0.63094601E+000  0.95509948E+000 -0.10083722E+001
 -0.10712763E+002 -0.67486769E+001  0.61662669E+000  0.10271709E+001 -0.10231153E+001
 -0.10092219E+002 -0.67145977E+001  0.64938383E+000  0.10111599E+001 -0.10324256E+001
 -0.10075172E+002 -0.66810386E+001  0.66643122E+000  0.10276478E+001 -0.10175486E+001
 -0.11152514E+002 -0.66480201E+001  0.68770133E+000  0.97457773E+000 -0.96237329E+000
 -0.11168155E+002 -0.66480201E+001  0.67206072E+000  0.10274664E+001 -0.10171775E+001
 -0.11153598E+002 -0.66480201E+001  0.68661691E+000  0.10284406E+001 -0.10138300E+001
 -0.10044666E+002 -0.66153811E+001  0.69693738E+000  0.95757087E+000 -0.10009160E+001
 -0.11026573E+002 -0.65834851E+001  0.81364179E+000  0.10238373E+001 -0.99366092E+000
 -0.11063207E+002 -0.65834851E+001  0.77700836E+000  0.96298148E+000 -0.99329931E+000
 -0.11090190E+002 -0.65834851E+001  0.75002532E+000  0.99368289E+000 -0.10289578E+001
 -0.10068297E+002 -0.65545100E+001  0.85562798E+000  0.10147320E+001 -0.97970569E+000
 -0.10733087E+002 -0.65251610E+001  0.88398509E+000  0.97358350E+000 -0.99992410E+000
 -0.10745220E+002 -0.65251610E+001  0.87185218E+000  0.10153602E+001 -0.10061461E+001
 -0.10933893E+002 -0.65016364E+001  0.90632260E+000  0.97985171E+000 -0.10067788E+001
 -0.10948394E+002 -0.65016364E+001  0.89182084E+000  0.98983447E+000 -0.10153173E+001
 -0.10911306E+002 -0.64781394E+001  0.92890891E+000  0.97949751E+000 -0.99883934E+000
 -0.10927217E+002 -0.64781394E+001  0.91299816E+000  0.10108237E+001 -0.10040214E+001
 -0.10215239E+002 -0.64546634E+001  0.93182893E+000  0.99647226E+000 -0.10103406E+001
 -0.10590544E+002 -0.64392690E+001  0.96198900E+000  0.99351131E+000 -0.10041636E+001
 -0.12367157E+002 -0.64236473E+001  0.97713594E+000  0.99784842E+000 -0.99350411E+000
 -0.12372554E+002 -0.64236473E+001  0.97173849E+000  0.10010029E+001 -0.99388887E+000
 -0.12369144E+002 -0.64236473E+001  0.97514847E+000  0.99940258E+000 -0.99409994E+000
 -0.12379261E+002 -0.64236473E+001  0.96503200E+000  0.99013767E+000 -0.98800842E+000
 -0.12375931E+002 -0.64236473E+001  0.96836187E+000  0.10013849E+001 -0.99861987E+000
 -0.12379880E+002 -0.64236473E+001  0.96441232E+000  0.99382286E+000 -0.98639111E+000
