 -0.15104036E+002 -0.15123726E+002 -0.68647568E+001  0.11660742E+001  0.87947625E+000
 -0.15948689E+002 -0.14434062E+002 -0.65841295E+001  0.79912697E+000  0.92473617E+000
 -0.16142550E+002 -0.14434062E+002 -0.67779909E+001  0.80791639E+000  0.90190173E+000
 -0.16172136E+002 -0.14434062E+002 -0.68075766E+001  0.80973333E+000  0.89811284E+000
 -0.15415094E+002 -0.13927443E+002 -0.64559991E+001  0.11973370E+001  0.95966539E+000
 -0.15481740E+002 -0.13927443E+002 -0.65226452E+001  0.10069611E+001  0.78444042E+000
 -0.14815947E+002 -0.13586250E+002 -0.57514917E+001  0.10034673E+001  0.11896124E+001
 -0.15220989E+002 -0.13586250E+002 -0.61565342E+001  0.11204757E+001  0.84408299E+000
 -0.13975083E+002 -0.13135083E+002 -0.55784579E+001  0.93814036E+000  0.81093877E+000
 -0.13988700E+002 -0.12791031E+002 -0.55420642E+001  0.80565717E+000  0.95635257E+000
 -0.13985403E+002 -0.12527209E+002 -0.55387671E+001  0.82151270E+000  0.91678205E+000
 -0.14707348E+002 -0.12322767E+002 -0.51367818E+001  0.11638780E+001  0.10629631E+001
 -0.14957181E+002 -0.12322767E+002 -0.53866153E+001  0.10717453E+001  0.11639581E+001
 -0.14913865E+002 -0.12322767E+002 -0.53432986E+001  0.10537810E+001  0.81600611E+000
 -0.14610907E+002 -0.12099086E+002 -0.49427020E+001  0.95942500E+000  0.11720272E+001
 -0.14741403E+002 -0.12099086E+002 -0.50731982E+001  0.81507171E+000  0.10375533E+001
 -0.14624907E+002 -0.12099086E+002 -0.49567029E+001  0.11472990E+001  0.10865697E+001
 -0.13526139E+002 -0.11890204E+002 -0.49100271E+001  0.87535966E+000  0.86357801E+000
 -0.13337730E+002 -0.11715962E+002 -0.46986286E+001  0.85684035E+000  0.88827060E+000
 -0.14243020E+002 -0.11535685E+002 -0.45053058E+001  0.10010586E+001  0.81896042E+000
 -0.14383942E+002 -0.11535685E+002 -0.46462276E+001  0.81879407E+000  0.10214502E+001
 -0.14397120E+002 -0.11535685E+002 -0.46594061E+001  0.81982938E+000  0.96235915E+000
 -0.13085470E+002 -0.11357130E+002 -0.44228374E+001  0.94018667E+000  0.83114979E+000
 -0.12993852E+002 -0.11200548E+002 -0.42846997E+001  0.91271591E+000  0.84778066E+000
 -0.14028934E+002 -0.11046617E+002 -0.42211691E+001  0.11635041E+001  0.98695638E+000
 -0.14046008E+002 -0.11046617E+002 -0.42382431E+001  0.87039342E+000  0.88421942E+000
 -0.14053100E+002 -0.11046617E+002 -0.42453358E+001  0.88780520E+000  0.11217155E+001
 -0.12919030E+002 -0.10905095E+002 -0.42098780E+001  0.10395176E+001  0.11564428E+001
 -0.13409367E+002 -0.10782626E+002 -0.39829696E+001  0.11570308E+001  0.96898366E+000
 -0.13626889E+002 -0.10782626E+002 -0.42004923E+001  0.90007225E+000  0.11304343E+001
 -0.12644494E+002 -0.10647546E+002 -0.39112446E+001  0.11254984E+001  0.10876788E+001
 -0.13302796E+002 -0.10523174E+002 -0.38517064E+001  0.11408026E+001  0.10611341E+001
 -0.13326959E+002 -0.10523174E+002 -0.38758698E+001  0.11573554E+001  0.10014617E+001
 -0.12590277E+002 -0.10406170E+002 -0.38323346E+001  0.11558939E+001  0.10099723E+001
 -0.12577631E+002 -0.10299490E+002 -0.38196883E+001  0.84375788E+000  0.10518779E+001
 -0.13206338E+002 -0.10201932E+002 -0.37552484E+001  0.88402074E+000  0.88199086E+000
 -0.13256678E+002 -0.10201932E+002 -0.38055884E+001  0.10387580E+001  0.11491703E+001
 -0.12514844E+002 -0.10109784E+002 -0.37302332E+001  0.83344152E+000  0.10038453E+001
 -0.13199744E+002 -0.10025549E+002 -0.36953182E+001  0.10860670E+001  0.86670667E+000
 -0.13209892E+002 -0.10025549E+002 -0.37054663E+001  0.10265580E+001  0.83739499E+000
 -0.13429535E+002 -0.99510154E+001 -0.34416822E+001  0.11404411E+001  0.10436560E+001
 -0.13662441E+002 -0.99510154E+001 -0.36745879E+001  0.11248154E+001  0.90773618E+000
 -0.13453216E+002 -0.99510154E+001 -0.34653629E+001  0.11461450E+001  0.96327791E+000
 -0.12892070E+002 -0.98685622E+001 -0.32355741E+001  0.93845126E+000  0.85534322E+000
 -0.13052729E+002 -0.98685622E+001 -0.33962335E+001  0.84990894E+000  0.10463659E+001
 -0.12172598E+002 -0.97818074E+001 -0.31386322E+001  0.11246972E+001  0.10639082E+001
 -0.12144790E+002 -0.96942020E+001 -0.31108234E+001  0.10914431E+001  0.11041025E+001
 -0.12145974E+002 -0.96167843E+001 -0.30430153E+001  0.84829638E+000  0.97380253E+000
 -0.14167057E+002 -0.95432947E+001 -0.28224221E+001  0.85658314E+000  0.10319115E+001
 -0.14243357E+002 -0.95432947E+001 -0.28987213E+001  0.93423961E+000  0.86459502E+000
 -0.14254238E+002 -0.95432947E+001 -0.29096028E+001  0.10969550E+001  0.10936143E+001
 -0.14305087E+002 -0.95432947E+001 -0.29604521E+001  0.87653003E+000  0.91270214E+000
 -0.14182376E+002 -0.95432947E+001 -0.28377404E+001  0.11366086E+001  0.10119112E+001
 -0.14168163E+002 -0.95432947E+001 -0.28235281E+001  0.94971734E+000  0.11292562E+001
 -0.14220068E+002 -0.95432947E+001 -0.28754327E+001  0.11089319E+001  0.91070130E+000
 -0.14332510E+002 -0.95432947E+001 -0.29878750E+001  0.84809932E+000  0.10058648E+001
 -0.14211314E+002 -0.95432947E+001 -0.28666787E+001  0.10193520E+001  0.11359649E+001
 -0.12631838E+002 -0.94604053E+001 -0.27693013E+001  0.10035264E+001  0.11360860E+001
 -0.12680882E+002 -0.94604053E+001 -0.28183447E+001  0.86107935E+000  0.10441404E+001
 -0.12680882E+002 -0.94604053E+001 -0.28183447E+001  0.86107935E+000  0.10441404E+001
 -0.12893331E+002 -0.93798517E+001 -0.26253292E+001  0.10550469E+001  0.87050658E+000
 -0.12898493E+002 -0.93798517E+001 -0.26304907E+001  0.10506642E+001  0.86815218E+000
 -0.12916996E+002 -0.93798517E+001 -0.26489936E+001  0.91822632E+000  0.11089754E+001
 -0.12479585E+002 -0.92942437E+001 -0.26170484E+001  0.92850358E+000  0.87412759E+000
 -0.12485211E+002 -0.92942437E+001 -0.26226739E+001  0.98694475E+000  0.11331490E+001
 -0.11816448E+002 -0.92181613E+001 -0.26015964E+001  0.11283111E+001  0.10286778E+001
 -0.12832581E+002 -0.91479382E+001 -0.24966439E+001  0.11006035E+001  0.91198488E+000
 -0.12892634E+002 -0.91479382E+001 -0.25566971E+001  0.89140657E+000  0.10827069E+001
 -0.12907129E+002 -0.91479382E+001 -0.25711918E+001  0.11279983E+001  0.96235558E+000
 -0.11724754E+002 -0.90753213E+001 -0.24874287E+001  0.90171163E+000  0.89784204E+000
 -0.11579026E+002 -0.90070168E+001 -0.23417013E+001  0.11032571E+001  0.92075920E+000
 -0.11562060E+002 -0.89334114E+001 -0.23247351E+001  0.86382851E+000  0.10185609E+001
 -0.12577669E+002 -0.88637213E+001 -0.22417315E+001  0.10290882E+001  0.11204539E+001
 -0.12610903E+002 -0.88637213E+001 -0.22749658E+001  0.11234792E+001  0.10200954E+001
 -0.12646706E+002 -0.88637213E+001 -0.23107691E+001  0.11007002E+001  0.10712352E+001
 -0.11489707E+002 -0.87947931E+001 -0.22276897E+001  0.86722254E+000  0.10239919E+001
 -0.13239028E+002 -0.87351973E+001 -0.20899404E+001  0.86663814E+000  0.99105325E+000
 -0.13295269E+002 -0.87351973E+001 -0.21461820E+001  0.11112004E+001  0.10474054E+001
 -0.13372844E+002 -0.87351973E+001 -0.22237565E+001  0.11038477E+001  0.92595965E+000
 -0.13335804E+002 -0.87351973E+001 -0.21867169E+001  0.86443418E+000  0.99445470E+000
 -0.13301340E+002 -0.87351973E+001 -0.21522533E+001  0.11173423E+001  0.10326401E+001
 -0.13308455E+002 -0.87351973E+001 -0.21593678E+001  0.87210379E+000  0.10348160E+001
 -0.11440900E+002 -0.86709096E+001 -0.20835723E+001  0.11173426E+001  0.10276975E+001
 -0.11394769E+002 -0.86101319E+001 -0.20374412E+001  0.11126170E+001  0.10384004E+001
 -0.13783295E+002 -0.85529208E+001 -0.16702894E+001  0.87745102E+000  0.10114073E+001
 -0.13871979E+002 -0.85529208E+001 -0.17589731E+001  0.10292888E+001  0.87963438E+000
 -0.13787299E+002 -0.85529208E+001 -0.16742930E+001  0.11086459E+001  0.10249724E+001
 -0.14093875E+002 -0.85529208E+001 -0.19808690E+001  0.11012726E+001  0.10581645E+001
 -0.14026263E+002 -0.85529208E+001 -0.19132568E+001  0.96648270E+000  0.87423325E+000
 -0.13925089E+002 -0.85529208E+001 -0.18120830E+001  0.88937581E+000  0.10535328E+001
 -0.13886938E+002 -0.85529208E+001 -0.17739321E+001  0.11151065E+001  0.99237643E+000
 -0.13826081E+002 -0.85529208E+001 -0.17130753E+001  0.99122927E+000  0.87523609E+000
 -0.14007368E+002 -0.85529208E+001 -0.18943626E+001  0.10744246E+001  0.10869060E+001
 -0.13985601E+002 -0.85529208E+001 -0.18725953E+001  0.88384846E+000  0.10462347E+001
 -0.13816162E+002 -0.85529208E+001 -0.17031566E+001  0.10034807E+001  0.87574307E+000
 -0.13841413E+002 -0.85529208E+001 -0.17284073E+001  0.97989108E+000  0.87586754E+000
 -0.14137998E+002 -0.85529208E+001 -0.20249918E+001  0.10445503E+001  0.87929621E+000
 -0.13944595E+002 -0.85529208E+001 -0.18315888E+001  0.87384477E+000  0.10125986E+001
 -0.14024430E+002 -0.85529208E+001 -0.19114242E+001  0.88488052E+000  0.93963180E+000
 -0.11747199E+002 -0.84757072E+001 -0.16490961E+001  0.10551414E+001  0.10945318E+001
 -0.11751091E+002 -0.84757072E+001 -0.16529882E+001  0.97447538E+000  0.87856543E+000
 -0.11020454E+002 -0.84042311E+001 -0.15914011E+001  0.10788533E+001  0.10733077E+001
 -0.11017310E+002 -0.83336996E+001 -0.15882564E+001  0.11063257E+001  0.10258234E+001
 -0.11018445E+002 -0.82691769E+001 -0.15646989E+001  0.89968131E+000  0.93055838E+000
 -0.11654932E+002 -0.82071653E+001 -0.15080388E+001  0.10853097E+001  0.92685183E+000
 -0.11685349E+002 -0.82071653E+001 -0.15384564E+001  0.88241758E+000  0.96962426E+000
 -0.12012027E+002 -0.81483973E+001 -0.14096581E+001  0.89781681E+000  0.10495127E+001
 -0.12099929E+002 -0.81483973E+001 -0.14975603E+001  0.10447859E+001  0.10964196E+001
 -0.12061270E+002 -0.81483973E+001 -0.14589015E+001  0.98158225E+000  0.11069057E+001
 -0.10897215E+002 -0.80873257E+001 -0.13934592E+001  0.11050995E+001  0.98003234E+000
 -0.12449404E+002 -0.80302780E+001 -0.13108924E+001  0.91337698E+000  0.92295576E+000
 -0.12529087E+002 -0.80302780E+001 -0.13905746E+001  0.10071290E+001  0.88366805E+000
 -0.12489914E+002 -0.80302780E+001 -0.13514023E+001  0.11051437E+001  0.99384719E+000
 -0.12454148E+002 -0.80302780E+001 -0.13156362E+001  0.96196133E+000  0.89030947E+000
 -0.12455873E+002 -0.80302780E+001 -0.13173608E+001  0.92810255E+000  0.90884016E+000
 -0.10889495E+002 -0.79745727E+001 -0.13104108E+001  0.89769942E+000  0.94531952E+000
 -0.12418272E+002 -0.79230377E+001 -0.12050565E+001  0.89946419E+000  0.94757679E+000
 -0.12440572E+002 -0.79230377E+001 -0.12273568E+001  0.10054210E+001  0.88759692E+000
 -0.12481470E+002 -0.79230377E+001 -0.12682547E+001  0.92333347E+000  0.10750430E+001
 -0.12479008E+002 -0.79230377E+001 -0.12657932E+001  0.89845296E+000  0.94624515E+000
 -0.12468751E+002 -0.79230377E+001 -0.12555356E+001  0.89229493E+000  0.96081570E+000
 -0.10799463E+002 -0.78712494E+001 -0.11468958E+001  0.10767708E+001  0.10595932E+001
 -0.11516903E+002 -0.78226066E+001 -0.11005708E+001  0.10303234E+001  0.10922734E+001
 -0.11529249E+002 -0.78226066E+001 -0.11129170E+001  0.10903337E+001  0.95397827E+000
 -0.10840432E+002 -0.77771681E+001 -0.10498059E+001  0.91055599E+000  0.93697638E+000
 -0.10803754E+002 -0.77314924E+001 -0.10131279E+001  0.89545087E+000  0.10179007E+001
 -0.10758794E+002 -0.76862167E+001 -0.96816787E+000  0.10348134E+001  0.90264088E+000
 -0.10761430E+002 -0.76429237E+001 -0.92534141E+000  0.94338519E+000  0.10792295E+001
 -0.10759353E+002 -0.75996505E+001 -0.92326430E+000  0.10642755E+001  0.92463790E+000
 -0.11843326E+002 -0.75598989E+001 -0.86316265E+000  0.10924698E+001  0.99881996E+000
 -0.11891896E+002 -0.75598989E+001 -0.91173272E+000  0.10448944E+001  0.10797069E+001
 -0.11891300E+002 -0.75598989E+001 -0.91113655E+000  0.90430923E+000  0.10347945E+001
 -0.10734428E+002 -0.75193465E+001 -0.85287725E+000  0.10922450E+001  0.99709902E+000
 -0.10729704E+002 -0.74799796E+001 -0.84815306E+000  0.10769898E+001  0.94368773E+000
 -0.10711991E+002 -0.74419279E+001 -0.83044059E+000  0.97858515E+000  0.89910067E+000
 -0.12087307E+002 -0.74063326E+001 -0.77183395E+000  0.10900315E+001  0.99443316E+000
 -0.12108255E+002 -0.74063326E+001 -0.79278133E+000  0.10899247E+001  0.10061466E+001
 -0.12101002E+002 -0.74063326E+001 -0.78552860E+000  0.10866317E+001  0.10209325E+001
 -0.12142478E+002 -0.74063326E+001 -0.82700481E+000  0.97596841E+000  0.89971547E+000
 -0.11731411E+002 -0.73715501E+001 -0.65709972E+000  0.10354464E+001  0.10769832E+001
 -0.11843037E+002 -0.73715501E+001 -0.76872538E+000  0.94614372E+000  0.91349496E+000
 -0.11786141E+002 -0.73715501E+001 -0.71182992E+000  0.95080307E+000  0.91260601E+000
 -0.10618520E+002 -0.73339264E+001 -0.64282067E+000  0.10852684E+001  0.98110317E+000
 -0.11282853E+002 -0.72979950E+001 -0.59047688E+000  0.97031200E+000  0.10812648E+001
 -0.11297742E+002 -0.72979950E+001 -0.60536531E+000  0.10849548E+001  0.10024984E+001
 -0.11266214E+002 -0.72614797E+001 -0.57383695E+000  0.99657403E+000  0.90502176E+000
 -0.11274833E+002 -0.72614797E+001 -0.58245675E+000  0.10473786E+001  0.92244904E+000
 -0.10581362E+002 -0.72265082E+001 -0.55803490E+000  0.10822216E+001  0.10117579E+001
 -0.10568334E+002 -0.71921894E+001 -0.54500739E+000  0.10368350E+001  0.10725838E+001
 -0.10554268E+002 -0.71585815E+001 -0.53094091E+000  0.91763766E+000  0.95254329E+000
 -0.10574613E+002 -0.71264245E+001 -0.52596814E+000  0.99413749E+000  0.90644926E+000
 -0.11635538E+002 -0.70951166E+001 -0.48828110E+000  0.96674408E+000  0.91253070E+000
 -0.11658263E+002 -0.70951166E+001 -0.51100627E+000  0.99039908E+000  0.90702462E+000
 -0.11660195E+002 -0.70951166E+001 -0.51293840E+000  0.96289658E+000  0.91320813E+000
 -0.11219711E+002 -0.70658833E+001 -0.40193345E+000  0.93044129E+000  0.94097062E+000
 -0.11242269E+002 -0.70658833E+001 -0.42449162E+000  0.10142036E+001  0.91189045E+000
 -0.10524284E+002 -0.70349581E+001 -0.39965286E+000  0.10340452E+001  0.92041335E+000
 -0.11602653E+002 -0.70056339E+001 -0.35409228E+000  0.92153002E+000  0.95670719E+000
 -0.11618103E+002 -0.70056339E+001 -0.36954252E+000  0.92758093E+000  0.10435362E+001
 -0.11614563E+002 -0.70056339E+001 -0.36600219E+000  0.91457085E+000  0.97276208E+000
 -0.10524191E+002 -0.69765709E+001 -0.34892494E+000  0.10307169E+001  0.92047001E+000
 -0.11181154E+002 -0.69488845E+001 -0.28742229E+000  0.93062587E+000  0.10432549E+001
 -0.11240741E+002 -0.69488845E+001 -0.34700941E+000  0.92445182E+000  0.95210485E+000
 -0.10482734E+002 -0.69202593E+001 -0.28215004E+000  0.91565452E+000  0.97968460E+000
 -0.11157828E+002 -0.68922857E+001 -0.26409631E+000  0.10619755E+001  0.10377433E+001
 -0.11159012E+002 -0.68922857E+001 -0.26528088E+000  0.99405318E+000  0.10747953E+001
 -0.10485442E+002 -0.68653037E+001 -0.25818924E+000  0.10745291E+001  0.99742569E+000
 -0.10479246E+002 -0.68388770E+001 -0.25199356E+000  0.10732000E+001  0.98161671E+000
 -0.10479246E+002 -0.68388770E+001 -0.25199356E+000  0.10732000E+001  0.98161671E+000
 -0.10395337E+002 -0.68129728E+001 -0.16808474E+000  0.10507523E+001  0.10469950E+001
 -0.11745618E+002 -0.67862945E+001 -0.10390072E+000  0.94262467E+000  0.10476151E+001
 -0.11798254E+002 -0.67862945E+001 -0.15653654E+000  0.99710250E+000  0.91838169E+000
 -0.11774546E+002 -0.67862945E+001 -0.13282860E+000  0.10062180E+001  0.92005209E+000
 -0.11795074E+002 -0.67862945E+001 -0.15335689E+000  0.10709285E+001  0.99940232E+000
 -0.11764889E+002 -0.67620294E+001  0.10359534E-001  0.95543051E+000  0.10529201E+001
 -0.11777800E+002 -0.67620294E+001 -0.25513371E-002  0.94599677E+000  0.10458854E+001
 -0.11847596E+002 -0.67620294E+001 -0.72346844E-001  0.94560413E+000  0.10489195E+001
 -0.11802442E+002 -0.67620294E+001 -0.27193250E-001  0.10651642E+001  0.98070297E+000
 -0.10374247E+002 -0.67355094E+001  0.14707761E-001  0.96098727E+000  0.10561765E+001
 -0.11053406E+002 -0.67095634E+001  0.28696202E-001  0.10487747E+001  0.95100163E+000
 -0.11064724E+002 -0.67095634E+001  0.17377900E-001  0.94408267E+000  0.94681750E+000
 -0.11066084E+002 -0.66845883E+001  0.42686409E-001  0.10579795E+001  0.10230094E+001
 -0.11072612E+002 -0.66845883E+001  0.36157593E-001  0.10142938E+001  0.92812718E+000
 -0.11043393E+002 -0.66605251E+001  0.92044941E-001  0.10564169E+001  0.10219511E+001
 -0.11048441E+002 -0.66605251E+001  0.86997586E-001  0.10609986E+001  0.10084191E+001
 -0.10333955E+002 -0.66358530E+001  0.10833593E+000  0.96100397E+000  0.10521288E+001
 -0.10324116E+002 -0.66113843E+001  0.11817538E+000  0.10584073E+001  0.97616003E+000
 -0.10999982E+002 -0.65872668E+001  0.13545646E+000  0.99603660E+000  0.92912754E+000
 -0.11003398E+002 -0.65872668E+001  0.13204014E+000  0.10529893E+001  0.10254523E+001
 -0.10302394E+002 -0.65633116E+001  0.13989700E+000  0.10244724E+001  0.10531555E+001
 -0.10293124E+002 -0.65398139E+001  0.14916729E+000  0.95149467E+000  0.10431681E+001
 -0.10260793E+002 -0.65166444E+001  0.18149822E+000  0.99604776E+000  0.10586643E+001
 -0.11900565E+002 -0.64946656E+001  0.21368464E+000  0.10543965E+001  0.10137892E+001
 -0.11912153E+002 -0.64946656E+001  0.20209641E+000  0.93438085E+000  0.10125014E+001
 -0.11908241E+002 -0.64946656E+001  0.20600830E+000  0.10189360E+001  0.93686800E+000
 -0.11914821E+002 -0.64946656E+001  0.19942858E+000  0.10550566E+001  0.10136388E+001
 -0.11907980E+002 -0.64946656E+001  0.20626905E+000  0.94236289E+000  0.10291348E+001
 -0.10317181E+002 -0.64731294E+001  0.21840233E+000  0.10099030E+001  0.10553093E+001
 -0.11386115E+002 -0.64519486E+001  0.24807994E+000  0.97020473E+000  0.10506053E+001
 -0.11401308E+002 -0.64519486E+001  0.23288728E+000  0.93504689E+000  0.97976635E+000
 -0.11394713E+002 -0.64519486E+001  0.23948223E+000  0.10428660E+001  0.10330185E+001
 -0.10974187E+002 -0.64305890E+001  0.25454326E+000  0.93894146E+000  0.10186313E+001
 -0.10977900E+002 -0.64305890E+001  0.25083067E+000  0.10354840E+001  0.10401574E+001
 -0.10943875E+002 -0.64095419E+001  0.28485501E+000  0.97977738E+000  0.93733854E+000
 -0.10973989E+002 -0.64095419E+001  0.25474126E+000  0.99681100E+000  0.10556181E+001
 -0.10928155E+002 -0.63883010E+001  0.30057485E+000  0.93610736E+000  0.99833073E+000
 -0.10940051E+002 -0.63883010E+001  0.28867949E+000  0.98341754E+000  0.10530412E+001
 -0.10925667E+002 -0.63671758E+001  0.30306381E+000  0.96076879E+000  0.94729358E+000
 -0.10926079E+002 -0.63671758E+001  0.30265107E+000  0.10284209E+001  0.94680564E+000
 -0.11359132E+002 -0.63484913E+001  0.38042355E+000  0.98818632E+000  0.94005542E+000
 -0.11417642E+002 -0.63484913E+001  0.32191442E+000  0.99474358E+000  0.93695504E+000
 -0.11362339E+002 -0.63484913E+001  0.37721647E+000  0.10068210E+001  0.94079577E+000
 -0.10940639E+002 -0.63286888E+001  0.39345155E+000  0.10399284E+001  0.10256195E+001
 -0.10951580E+002 -0.63286888E+001  0.38251066E+000  0.10318565E+001  0.95416658E+000
 -0.10245804E+002 -0.63090186E+001  0.39513985E+000  0.10344134E+001  0.10323167E+001
 -0.11611233E+002 -0.62896957E+001  0.41600478E+000  0.94274032E+000  0.10070862E+001
 -0.11621278E+002 -0.62896957E+001  0.40595965E+000  0.94968892E+000  0.96553883E+000
 -0.11619171E+002 -0.62896957E+001  0.40806737E+000  0.94536328E+000  0.10161339E+001
 -0.11625308E+002 -0.62896957E+001  0.40192973E+000  0.10485539E+001  0.10024140E+001
 -0.10216814E+002 -0.62703432E+001  0.42412945E+000  0.96651722E+000  0.10396938E+001
 -0.10216623E+002 -0.62512048E+001  0.42432075E+000  0.99741637E+000  0.94177727E+000
 -0.11272812E+002 -0.62324222E+001  0.46674385E+000  0.99516262E+000  0.94381712E+000
 -0.11283034E+002 -0.62324222E+001  0.45652147E+000  0.10052932E+001  0.94437231E+000
 -0.11313067E+002 -0.62324222E+001  0.42648932E+000  0.99390996E+000  0.94183502E+000
 -0.10166440E+002 -0.62131945E+001  0.47450401E+000  0.95413237E+000  0.96501828E+000
 -0.10181840E+002 -0.61950031E+001  0.50355556E+000  0.10067586E+001  0.94717097E+000
 -0.11263857E+002 -0.61766149E+001  0.52015099E+000  0.10381686E+001  0.10162675E+001
 -0.11274876E+002 -0.61766149E+001  0.50913156E+000  0.97555130E+000  0.10397038E+001
 -0.11280412E+002 -0.61766149E+001  0.50359547E+000  0.10067082E+001  0.94716044E+000
 -0.11256884E+002 -0.61590864E+001  0.57364330E+000  0.97012034E+000  0.10328236E+001
 -0.11273384E+002 -0.61590864E+001  0.55714325E+000  0.10023523E+001  0.94919350E+000
 -0.11307321E+002 -0.61590864E+001  0.52320631E+000  0.95300203E+000  0.97137574E+000
 -0.10144921E+002 -0.61409218E+001  0.58699442E+000  0.98659624E+000  0.95107516E+000
 -0.10847848E+002 -0.61236972E+001  0.62600480E+000  0.10017262E+001  0.95312271E+000
 -0.10884027E+002 -0.61236972E+001  0.58982582E+000  0.99604627E+000  0.95044888E+000
 -0.10130659E+002 -0.61060965E+001  0.65004695E+000  0.96283925E+000  0.10201432E+001
 -0.10819898E+002 -0.60892613E+001  0.70524827E+000  0.10297375E+001  0.10081495E+001
 -0.10863032E+002 -0.60892613E+001  0.66211392E+000  0.95783590E+000  0.10101427E+001
 -0.11763017E+002 -0.60726406E+001  0.72971321E+000  0.10141499E+001  0.96505414E+000
 -0.11770559E+002 -0.60726406E+001  0.72217071E+000  0.10309957E+001  0.99480615E+000
 -0.11778751E+002 -0.60726406E+001  0.71397874E+000  0.10141116E+001  0.96372017E+000
 -0.11783839E+002 -0.60726406E+001  0.70889116E+000  0.10136536E+001  0.96303303E+000
 -0.11767298E+002 -0.60726406E+001  0.72543228E+000  0.99110022E+000  0.10305566E+001
 -0.10146241E+002 -0.60558900E+001  0.73705134E+000  0.98199943E+000  0.96240929E+000
 -0.11506659E+002 -0.60392951E+001  0.76292801E+000  0.10110875E+001  0.96607274E+000
 -0.11516376E+002 -0.60392951E+001  0.75321025E+000  0.10241949E+001  0.97803807E+000
 -0.11507924E+002 -0.60392951E+001  0.76166269E+000  0.10113439E+001  0.96610683E+000
 -0.11528887E+002 -0.60392951E+001  0.74069959E+000  0.96536019E+000  0.97674504E+000
 -0.11211125E+002 -0.60225468E+001  0.77077944E+000  0.97108646E+000  0.97294312E+000
 -0.11218003E+002 -0.60225468E+001  0.76390196E+000  0.10108301E+001  0.10238471E+001
 -0.11214765E+002 -0.60225468E+001  0.76713933E+000  0.97221108E+000  0.10184923E+001
 -0.10157340E+002 -0.60069145E+001  0.78657696E+000  0.97147983E+000  0.97438638E+000
 -0.10153715E+002 -0.59912796E+001  0.79020216E+000  0.96403073E+000  0.99369863E+000
 -0.10151981E+002 -0.59758300E+001  0.79193543E+000  0.10168267E+001  0.97333294E+000
 -0.10143323E+002 -0.59605892E+001  0.80059391E+000  0.96781834E+000  0.98201616E+000
 -0.11206252E+002 -0.59454477E+001  0.83627669E+000  0.98130035E+000  0.97180006E+000
 -0.11224420E+002 -0.59454477E+001  0.81810929E+000  0.98003911E+000  0.10192574E+001
 -0.11216085E+002 -0.59454477E+001  0.82644416E+000  0.10033773E+001  0.96845664E+000
 -0.10105711E+002 -0.59299944E+001  0.83820611E+000  0.10179704E+001  0.10084351E+001
 -0.11462125E+002 -0.59147470E+001  0.86808656E+000  0.10181833E+001  0.99035895E+000
 -0.11490714E+002 -0.59147470E+001  0.83949731E+000  0.98039657E+000  0.97272338E+000
 -0.11466867E+002 -0.59147470E+001  0.86334405E+000  0.98964827E+000  0.10185443E+001
 -0.11482025E+002 -0.59147470E+001  0.84818663E+000  0.10185399E+001  0.10051959E+001
 -0.10761513E+002 -0.58992766E+001  0.87555062E+000  0.99211548E+000  0.97223573E+000
 -0.10765998E+002 -0.58992766E+001  0.87106625E+000  0.10012151E+001  0.97242366E+000
 -0.11141294E+002 -0.58839287E+001  0.90123541E+000  0.98175006E+000  0.98014667E+000
 -0.11146253E+002 -0.58839287E+001  0.89627602E+000  0.10113824E+001  0.98276658E+000
 -0.11152086E+002 -0.58839287E+001  0.89044312E+000  0.98624975E+000  0.97565034E+000
 -0.10035314E+002 -0.58684225E+001  0.90860285E+000  0.97778099E+000  0.10028079E+001
 -0.10963081E+002 -0.58564387E+001  0.92529762E+000  0.98755859E+000  0.10096933E+001
 -0.10979714E+002 -0.58564387E+001  0.90866443E+000  0.10137607E+001  0.99644988E+000
 -0.10959041E+002 -0.58443987E+001  0.92933767E+000  0.98538428E+000  0.98230356E+000
 -0.10961678E+002 -0.58443987E+001  0.92670018E+000  0.10112301E+001  0.99499971E+000
 -0.11354516E+002 -0.58324541E+001  0.93932784E+000  0.98080831E+000  0.99606401E+000
 -0.11363964E+002 -0.58324541E+001  0.92987975E+000  0.98111543E+000  0.10025366E+001
 -0.11362241E+002 -0.58324541E+001  0.93160239E+000  0.98412399E+000  0.98386927E+000
 -0.10934740E+002 -0.58205327E+001  0.95363860E+000  0.99641250E+000  0.10062196E+001
 -0.10947186E+002 -0.58205327E+001  0.94119207E+000  0.98927587E+000  0.10075842E+001
 -0.10237790E+002 -0.58085829E+001  0.95744075E+000  0.10052714E+001  0.99680306E+000
 -0.10235857E+002 -0.57967295E+001  0.95937378E+000  0.10029365E+001  0.10009890E+001
 -0.10234535E+002 -0.57849924E+001  0.96069619E+000  0.10040361E+001  0.99826682E+000
 -0.10223518E+002 -0.57733762E+001  0.97171293E+000  0.99369866E+000  0.98893806E+000
