 -0.78129333E-003  0.20205004E-002  0.29681987E+001
 -0.24996513E-002  0.49587511E-003  0.29678413E+001
  0.19491322E-002 -0.32419285E-002  0.29662910E+001
 -0.30300119E-002  0.15919779E-002  0.29668055E+001
  0.11689083E-002 -0.30178414E-002  0.29670519E+001
 -0.31834229E-002 -0.20207438E-002  0.29663091E+001
  0.21331213E-002 -0.20186228E-002  0.29674186E+001
  0.24019958E-002 -0.18414261E-002  0.29673124E+001
  0.18916306E-002 -0.58740845E-003  0.29683514E+001
 -0.48506940E-003 -0.18505007E-002  0.29684037E+001
  0.99708918E-003  0.40583537E-002  0.29656651E+001
 -0.16569889E-003  0.46620828E-003  0.29690811E+001
  0.23962024E-002 -0.30841582E-002  0.29661035E+001
  0.42925678E-004 -0.13425764E-002  0.29687717E+001
  0.70561694E-003 -0.33517361E-002  0.29668022E+001
  0.29468319E-002 -0.18061515E-002  0.29667598E+001
  0.32430486E-002 -0.14871426E-002  0.29666045E+001
 -0.15789436E-002 -0.36449228E-002  0.29659995E+001
 -0.35549989E-003 -0.19023881E-002  0.29683866E+001
  0.10085669E-002 -0.13244780E-002  0.29685799E+001
  0.23940845E-002  0.21677133E-003  0.29679833E+001
 -0.18635468E-002  0.52945320E-004  0.29684402E+001
 -0.33483035E-002 -0.11932127E-002  0.29666231E+001
  0.25159401E-004 -0.14941543E-002  0.29686867E+001
  0.11464452E-002  0.44185158E-003  0.29688302E+001
 -0.45976435E-003  0.30992017E-002  0.29671823E+001
  0.58295593E-003  0.47261308E-003  0.29690180E+001
  0.15752591E-002 -0.36995756E-002  0.29659222E+001
  0.18460884E-002  0.12076714E-002  0.29681642E+001
  0.27478799E-002  0.29333814E-003  0.29676146E+001
  0.26254107E-002 -0.23215107E-003  0.29677516E+001
 -0.44629406E-003  0.39692106E-002  0.29659648E+001
  0.66518766E-003 -0.47197383E-003  0.29689977E+001
  0.23613300E-002 -0.31616884E-002  0.29660404E+001
 -0.14114926E-002  0.30196668E-003  0.29687164E+001
 -0.22913308E-002 -0.14140878E-002  0.29676914E+001
  0.19372727E-003  0.89273455E-003  0.29689641E+001
 -0.12464912E-002 -0.14848347E-002  0.29683841E+001
 -0.32014819E-002 -0.16453516E-002  0.29665593E+001
 -0.29875785E-002 -0.27291153E-002  0.29658814E+001
  0.65907354E-003 -0.35753575E-002  0.29665076E+001
  0.30610652E-002  0.22566379E-002  0.29662605E+001
  0.25564354E-002  0.24487726E-002  0.29666435E+001
  0.42315487E-003 -0.51769816E-004  0.29690937E+001
 -0.26700130E-003  0.37551909E-002  0.29663181E+001
  0.11649113E-002 -0.18428825E-002  0.29681867E+001
  0.14615305E-002 -0.31487506E-003  0.29686863E+001
 -0.36097610E-003  0.41820997E-002  0.29656342E+001
  0.21210076E-002 -0.25061344E-002  0.29669912E+001
  0.61607482E-003  0.26846843E-003  0.29690401E+001
  0.33003238E-002 -0.36896274E-004  0.29669686E+001
 -0.26529592E-002  0.10616686E-002  0.29675098E+001
  0.18732825E-002  0.31206448E-002  0.29665016E+001
 -0.16408452E-005  0.84776189E-003  0.29689871E+001
  0.21888974E-002 -0.29866949E-002  0.29664095E+001
  0.30496527E-002 -0.12336136E-002  0.29669827E+001
 -0.22356307E-002 -0.16845883E-002  0.29675752E+001
 -0.29606189E-002  0.39755627E-003  0.29673594E+001
 -0.18619718E-002 -0.20651365E-002  0.29675958E+001
  0.24576290E-002  0.56408202E-003  0.29678683E+001
  0.18045427E-002  0.33946630E-003  0.29684608E+001
  0.21312522E-002 -0.34550668E-002  0.29658604E+001
  0.18881196E-002 -0.19877111E-002  0.29676386E+001
  0.76273040E-003  0.33846510E-002  0.29667416E+001
 -0.36249098E-002 -0.64688820E-003  0.29664399E+001
 -0.21373682E-002 -0.13830872E-003  0.29682196E+001
  0.86293185E-003 -0.20634325E-003  0.29689735E+001
  0.12869495E-002 -0.34464669E-003  0.29687776E+001
 -0.20009259E-002  0.11048475E-002  0.29680932E+001
  0.24447110E-002  0.78091926E-003  0.29678230E+001
 -0.14269987E-002 -0.18368021E-002  0.29680564E+001
 -0.26208414E-002  0.25112829E-002  0.29665159E+001
  0.17184869E-002 -0.52237520E-003  0.29684897E+001
 -0.26069690E-003  0.17029768E-002  0.29685409E+001
 -0.36581778E-002 -0.14569757E-002  0.29660537E+001
 -0.72702241E-003 -0.36637771E-002  0.29663619E+001
  0.39142044E-002 -0.13681919E-002  0.29657189E+001
  0.13746056E-002 -0.70817261E-003  0.29686553E+001
 -0.36566298E-002 -0.47194400E-003  0.29664329E+001
 -0.77039377E-004 -0.25162592E-002  0.29678724E+001
  0.11517059E-002 -0.37889319E-003  0.29688381E+001
  0.32986042E-002 -0.13007399E-002  0.29666355E+001
  0.18550907E-002 -0.42860857E-004  0.29684466E+001
 -0.31098727E-002  0.20387008E-002  0.29663865E+001
 -0.29486969E-002 -0.42084458E-003  0.29673696E+001
  0.32797071E-002 -0.26218291E-002  0.29656321E+001
  0.16793249E-002  0.20722822E-002  0.29677183E+001
  0.69075703E-003 -0.33523854E-003  0.29690127E+001
  0.25293140E-002  0.15540716E-003  0.29678557E+001
 -0.29201007E-002 -0.81672800E-003  0.29673057E+001
 -0.14696690E-002  0.32874328E-002  0.29665572E+001
 -0.20760910E-002 -0.12646405E-003  0.29682714E+001
 -0.28913193E-002  0.22972132E-003  0.29674608E+001
 -0.66524212E-003 -0.30026675E-002  0.29672533E+001
 -0.55757752E-003  0.24191223E-002  0.29679070E+001
  0.34053311E-002  0.68494103E-003  0.29667361E+001
  0.52151098E-003 -0.34560997E-003  0.29690521E+001
 -0.19204810E-003  0.81133038E-004  0.29691211E+001
  0.14467655E-002  0.66640751E-003  0.29686263E+001
 -0.15726914E-002  0.24473803E-002  0.29674507E+001
  0.10854873E-002 -0.10033667E-002  0.29686962E+001
 -0.19675609E-002  0.33741110E-002  0.29661031E+001
  0.39178571E-002  0.56618579E-003  0.29660210E+001
 -0.71544243E-003  0.94350200E-003  0.29688516E+001
 -0.24017095E-002  0.24421368E-002  0.29668022E+001
  0.37421897E-003 -0.39625498E-002  0.29659870E+001
 -0.25253092E-002 -0.29659381E-002  0.29661194E+001
 -0.29494121E-002  0.20857152E-002  0.29665409E+001
 -0.31583553E-002  0.20948057E-002  0.29662802E+001
 -0.10251833E-002  0.12820154E-002  0.29685951E+001
  0.29715774E-002  0.11981539E-002  0.29670931E+001
 -0.10116027E-002 -0.23521164E-002  0.29678291E+001
 -0.37850199E-002  0.51647625E-003  0.29662347E+001
  0.23834218E-004  0.15197252E-002  0.29686714E+001
 -0.10381080E-002  0.21923443E-002  0.29679624E+001
 -0.14423696E-002 -0.20196249E-002  0.29679078E+001
 -0.10585502E-002 -0.11914175E-002  0.29686258E+001
  0.89597490E-003  0.17335335E-002  0.29683743E+001
  0.97463110E-003  0.34501315E-003  0.29689176E+001
 -0.29729060E-002  0.58803208E-003  0.29673077E+001
 -0.96472316E-003 -0.14887814E-002  0.29685053E+001
  0.12776629E-002  0.25346879E-003  0.29687931E+001
 -0.23937001E-002  0.18235453E-002  0.29673333E+001
  0.69621848E-003 -0.33039581E-002  0.29668679E+001
 -0.25433387E-002 -0.90931515E-003  0.29676824E+001
  0.92925616E-003  0.54841742E-003  0.29688987E+001
 -0.63859003E-003 -0.20852550E-002  0.29681861E+001
 -0.39616443E-002  0.16000678E-003  0.29660111E+001
 -0.53243616E-003  0.36516247E-002  0.29664281E+001
 -0.26783447E-002 -0.22840575E-002  0.29666716E+001
  0.95922540E-003 -0.21861226E-004  0.29689471E+001
  0.57744496E-003  0.14697302E-002  0.29686350E+001
  0.27156640E-002  0.24821460E-002  0.29664444E+001
  0.13494458E-002  0.20559194E-003  0.29687600E+001
  0.33404377E-002  0.72170627E-004  0.29669150E+001
  0.26517262E-002 -0.18637963E-002  0.29670456E+001
  0.11285430E-002  0.16848525E-002  0.29683139E+001
 -0.19894678E-002 -0.14060487E-002  0.29679523E+001
 -0.56207659E-004  0.58888154E-005  0.29691291E+001
 -0.13413102E-002  0.37487126E-003  0.29687449E+001
  0.22413674E-002 -0.21363942E-002  0.29672276E+001
 -0.22711926E-002  0.24719742E-002  0.29668941E+001
 -0.79996413E-003  0.30067826E-002  0.29672092E+001
  0.41606488E-002  0.30570248E-003  0.29656770E+001
  0.24147028E-002 -0.31203729E-002  0.29660413E+001
 -0.31684292E-002  0.27300214E-002  0.29656595E+001
 -0.21839749E-002  0.20681833E-002  0.29673349E+001
 -0.45013809E-003 -0.25655776E-002  0.29677837E+001
  0.17425872E-002  0.71962024E-003  0.29684245E+001
 -0.64708103E-003  0.40451811E-002  0.29658004E+001
 -0.63879513E-003 -0.91265960E-004  0.29690471E+001
 -0.19599830E-002  0.30224598E-002  0.29665553E+001
  0.18516838E-002 -0.36955505E-002  0.29657401E+001
 -0.25396233E-002  0.12444419E-002  0.29675429E+001
  0.37750784E-002  0.74063544E-003  0.29661937E+001
  0.22142511E-002  0.34766809E-003  0.29681330E+001
  0.12207934E-002 -0.30883499E-002  0.29669419E+001
 -0.40818629E-002 -0.37238230E-003  0.29657968E+001
  0.22530719E-004  0.28932743E-002  0.29674689E+001
  0.35271895E-002  0.70500824E-003  0.29665630E+001
 -0.54519700E-003  0.12000673E-002  0.29687850E+001
 -0.36802274E-002  0.12142710E-002  0.29661503E+001
  0.28572129E-002 -0.26512593E-002  0.29661156E+001
 -0.20729041E-002  0.21637644E-002  0.29673484E+001
  0.14667890E-002  0.26124986E-002  0.29673488E+001
  0.59617495E-003 -0.15502796E-002  0.29685824E+001
  0.90011035E-003  0.21489317E-002  0.29680528E+001
 -0.29671980E-002 -0.79439452E-003  0.29672579E+001
  0.41326911E-002  0.57791838E-003  0.29656753E+001
 -0.21835462E-002  0.31221882E-002  0.29662499E+001
  0.20424255E-002  0.22571949E-002  0.29672913E+001
 -0.13518423E-002 -0.26741358E-002  0.29673485E+001
  0.20123992E-002 -0.25183068E-002  0.29670681E+001
 -0.41189664E-002 -0.72879290E-003  0.29656586E+001
 -0.25947029E-002 -0.18518388E-003  0.29677873E+001
  0.29906466E-002 -0.88466116E-003  0.29672001E+001
  0.35897171E-002  0.96104018E-003  0.29663901E+001
 -0.21249344E-002  0.17377993E-002  0.29676348E+001
  0.37079220E-003 -0.10308956E-002  0.29688916E+001
  0.32836059E-002  0.16607496E-002  0.29664435E+001
 -0.17710796E-002  0.36235584E-002  0.29659026E+001
  0.31572037E-002 -0.50083644E-003  0.29671024E+001
  0.24713337E-002  0.32501474E-002  0.29658224E+001
  0.49029770E-003  0.81104948E-003  0.29689515E+001
 -0.17971561E-002  0.16654912E-002  0.29679386E+001
  0.47066484E-003 -0.63167129E-003  0.29690066E+001
 -0.22022974E-002  0.15630800E-002  0.29676828E+001
  0.17606940E-002  0.30173468E-002  0.29667085E+001
  0.59403971E-003  0.21483717E-002  0.29681440E+001
  0.29976141E-003  0.11391072E-002  0.29688545E+001
 -0.44740176E-003  0.35411289E-002  0.29666023E+001
  0.38574692E-003 -0.34973263E-002  0.29666737E+001
 -0.33742954E-002 -0.18497656E-002  0.29661921E+001
  0.25141365E-003  0.31955509E-004  0.29691170E+001
  0.22760204E-002 -0.34543796E-002  0.29657347E+001
 -0.50293082E-003 -0.15796184E-002  0.29685845E+001
 -0.62925592E-003  0.17128551E-002  0.29684691E+001
 -0.12921245E-002 -0.34663370E-002  0.29664148E+001
  0.13730595E-002  0.34553564E-002  0.29663871E+001
  0.67635056E-003  0.87507174E-003  0.29688870E+001
  0.13620060E-003 -0.35418121E-003  0.29691011E+001
  0.18337357E-002 -0.21749285E-003  0.29684532E+001
 -0.16173206E-002  0.34394570E-002  0.29662639E+001
  0.19962675E-002  0.21473155E-003  0.29683300E+001
 -0.36018833E-002  0.12620894E-002  0.29662400E+001
  0.77436492E-003 -0.16720083E-002  0.29684561E+001
  0.24569854E-002 -0.19771004E-002  0.29671566E+001
  0.31465905E-004 -0.91432053E-003  0.29689637E+001
 -0.25904293E-002  0.13174883E-002  0.29674541E+001
 -0.31200306E-003  0.30513228E-002  0.29672633E+001
 -0.38908774E-003 -0.16445324E-002  0.29685631E+001
  0.21982428E-002  0.10057464E-002  0.29679704E+001
 -0.33460523E-002  0.18222016E-002  0.29662498E+001
 -0.30634141E-002  0.20861663E-003  0.29672593E+001
  0.72872160E-003 -0.14383339E-002  0.29686139E+001
  0.23849274E-002  0.17095305E-002  0.29674215E+001
 -0.37935098E-002 -0.77275703E-003  0.29661564E+001
 -0.62470424E-003  0.35084038E-003  0.29690279E+001
 -0.16490541E-002  0.10224862E-002  0.29683828E+001
  0.23319019E-002 -0.21553605E-002  0.29671293E+001
  0.29774659E-002  0.18320561E-002  0.29667051E+001
 -0.33535776E-002  0.25647598E-003  0.29668855E+001
 -0.84192076E-003  0.86973372E-003  0.29688390E+001
 -0.14525662E-002 -0.31049287E-002  0.29667986E+001
  0.16387945E-002 -0.13279277E-002  0.29682471E+001
 -0.92995716E-003  0.11212247E-003  0.29689556E+001
 -0.19082492E-002  0.29593732E-003  0.29683899E+001
  0.18142163E-002  0.21159343E-002  0.29675885E+001
 -0.34952701E-002  0.56077878E-003  0.29666437E+001
  0.87978966E-003 -0.39064653E-003  0.29689459E+001
  0.40586524E-002 -0.89336368E-004  0.29658603E+001
 -0.25458546E-002  0.16699178E-003  0.29678383E+001
 -0.19518476E-002 -0.11214400E-002  0.29681244E+001
  0.26677612E-002  0.75586106E-004  0.29677167E+001
 -0.19836276E-002 -0.28915526E-002  0.29666904E+001
 -0.12518062E-002 -0.18543923E-002  0.29681366E+001
 -0.15789600E-002 -0.35664103E-002  0.29661118E+001
 -0.73914443E-003 -0.37884672E-003  0.29689928E+001
 -0.15804974E-003 -0.13439135E-004  0.29691247E+001
  0.24769015E-003  0.29185406E-002  0.29674277E+001
  0.20271655E-002  0.27306136E-002  0.29668352E+001
 -0.52784030E-003  0.16462007E-002  0.29685368E+001
  0.37636530E-003 -0.12486883E-002  0.29687923E+001
 -0.99276121E-003 -0.27352558E-003  0.29689193E+001
  0.32020942E-002 -0.14180338E-002  0.29666967E+001
 -0.14401378E-002  0.72343966E-003  0.29686144E+001
 -0.15819996E-002  0.35983716E-002  0.29660645E+001
  0.28166973E-002  0.21872430E-002  0.29666066E+001
 -0.45949663E-004  0.35933314E-002  0.29665678E+001
 -0.29276649E-002  0.12774314E-003  0.29674261E+001
  0.35429302E-002  0.50123159E-003  0.29665897E+001
 -0.29229595E-002  0.12733833E-002  0.29671131E+001
  0.16137080E-003  0.13567813E-002  0.29687593E+001
 -0.24126890E-002  0.33590069E-002  0.29657365E+001
  0.16289067E-002 -0.36886145E-002  0.29659041E+001
  0.62675742E-003  0.21122547E-002  0.29681666E+001
  0.25028790E-002  0.33426147E-002  0.29656704E+001
 -0.17689855E-002 -0.12447415E-002  0.29682015E+001
 -0.20169271E-003  0.21748003E-002  0.29681833E+001
 -0.96807459E-004 -0.40986344E-002  0.29657953E+001
 -0.40212608E-003  0.38168122E-002  0.29662076E+001
  0.29305256E-002  0.61295919E-003  0.29673514E+001
  0.33716847E-002 -0.24430500E-002  0.29656903E+001
  0.73435571E-003 -0.26805842E-002  0.29675972E+001
 -0.23087356E-002  0.26111268E-002  0.29667196E+001
  0.53026080E-003 -0.40657647E-002  0.29657946E+001
 -0.27034179E-002  0.13992874E-002  0.29672913E+001
 -0.12806285E-002  0.35564341E-002  0.29662951E+001
 -0.24532908E-002  0.75633428E-003  0.29678222E+001
 -0.48760737E-003  0.10217229E-002  0.29688754E+001
  0.14129091E-002 -0.17483236E-002  0.29681272E+001
 -0.16140043E-002  0.28363757E-002  0.29670169E+001
  0.17562524E-002  0.17670404E-002  0.29678983E+001
 -0.16846225E-002 -0.14905210E-002  0.29681259E+001
 -0.97095189E-003 -0.15212885E-002  0.29684835E+001
  0.15100880E-002 -0.11995452E-002  0.29683918E+001
  0.26378725E-002 -0.10976653E-002  0.29675102E+001
  0.20146706E-002  0.24603649E-002  0.29671235E+001
  0.72451648E-003 -0.11136660E-002  0.29687795E+001
 -0.23213608E-002  0.29808012E-002  0.29662979E+001
 -0.31207247E-002  0.95312163E-003  0.29670174E+001
  0.20366790E-003  0.26821158E-002  0.29676943E+001
 -0.20338102E-002  0.62185954E-004  0.29683083E+001
 -0.83983631E-003  0.34947709E-002  0.29665668E+001
 -0.37340686E-002  0.39867562E-003  0.29663321E+001
  0.25720666E-002  0.29519806E-002  0.29660885E+001
  0.26538797E-003 -0.12802588E-002  0.29687906E+001
 -0.37966185E-002  0.19748961E-003  0.29662624E+001
 -0.26473839E-002  0.69567332E-005  0.29677393E+001
 -0.80503575E-003 -0.13811518E-002  0.29686227E+001
  0.10974877E-002  0.31331193E-002  0.29669433E+001
 -0.11912538E-002 -0.16569215E-002  0.29683035E+001
 -0.32736542E-003 -0.86977080E-003  0.29689584E+001
  0.13981253E-002 -0.12005477E-002  0.29684560E+001
  0.20897717E-002 -0.10323222E-002  0.29680519E+001
  0.39407689E-004 -0.13870508E-002  0.29687477E+001
  0.19448564E-002 -0.18553151E-002  0.29676964E+001
  0.11337532E-003 -0.23610543E-002  0.29680212E+001
  0.34523199E-002 -0.20630571E-002  0.29659209E+001
  0.70103169E-004 -0.52500065E-003  0.29690740E+001
 -0.38926118E-002  0.14752056E-002  0.29656920E+001
  0.32306620E-003 -0.29720732E-002  0.29673566E+001
  0.52833667E-003  0.34009869E-002  0.29667797E+001
 -0.35991651E-002 -0.14935801E-002  0.29661173E+001
 -0.22692199E-002 -0.29938443E-002  0.29663300E+001
  0.24062180E-002 -0.27852654E-002  0.29664420E+001
 -0.50776993E-003 -0.29402034E-002  0.29673635E+001
 -0.25338850E-003 -0.80057507E-003  0.29689898E+001
  0.17508522E-002  0.14501695E-002  0.29681043E+001
  0.38438768E-002 -0.91989268E-003  0.29660306E+001
 -0.31403628E-003 -0.33103522E-002  0.29669362E+001
  0.21051515E-002 -0.31741859E-002  0.29662517E+001
  0.31316054E-002 -0.22186821E-004  0.29671840E+001
 -0.52577454E-003  0.16986379E-002  0.29685024E+001
  0.14532477E-002 -0.20679430E-002  0.29678623E+001
  0.13369201E-002  0.17847965E-002  0.29681431E+001
 -0.24082820E-002 -0.19218225E-002  0.29672464E+001
  0.12992804E-002  0.14943788E-002  0.29683518E+001
 -0.34714045E-002 -0.19648415E-002  0.29659731E+001
  0.66460717E-003  0.35842984E-002  0.29664934E+001
 -0.11238110E-002  0.38324710E-002  0.29659653E+001
  0.91630959E-003 -0.20807517E-002  0.29681042E+001
  0.24936527E-002  0.16072072E-003  0.29678909E+001
  0.29449181E-003 -0.12405989E-002  0.29688072E+001
 -0.34495474E-003 -0.14348116E-002  0.29686977E+001
 -0.82792025E-004 -0.53528062E-004  0.29691278E+001
  0.29494589E-002  0.20000646E-002  0.29666103E+001
  0.40266617E-002 -0.19732340E-004  0.29659131E+001
  0.71279029E-003  0.23950711E-002  0.29678909E+001
  0.13072056E-002 -0.18804759E-002  0.29680892E+001
 -0.25753110E-002 -0.26112913E-002  0.29664612E+001
  0.12810424E-002  0.10665065E-002  0.29685785E+001
  0.27099153E-002  0.37742315E-003  0.29676446E+001
 -0.29915458E-002  0.26608688E-002  0.29659497E+001
  0.24677638E-002 -0.21176673E-002  0.29670319E+001
  0.33665587E-002 -0.65980829E-004  0.29668804E+001
  0.18097448E-003  0.16658927E-002  0.29685726E+001
  0.30108233E-002 -0.22947509E-002  0.29662866E+001
 -0.33496373E-002  0.11230446E-002  0.29666536E+001
 -0.21006636E-002 -0.74148307E-003  0.29681452E+001
  0.18195719E-002 -0.23980948E-002  0.29673320E+001
 -0.12693024E-002  0.37806731E-002  0.29659745E+001
  0.12927110E-002 -0.30450764E-002  0.29669586E+001
  0.22652077E-002 -0.28839626E-002  0.29664617E+001
 -0.15039642E-002  0.25258533E-002  0.29674153E+001
 -0.13694899E-002  0.28275041E-002  0.29671716E+001
  0.31276272E-002  0.30087382E-003  0.29671711E+001
  0.30468725E-002 -0.11112393E-002  0.29670430E+001
  0.21505425E-002  0.30982921E-002  0.29663078E+001
 -0.22141375E-002 -0.19169084E-002  0.29674281E+001
  0.26114279E-002 -0.26148894E-003  0.29677632E+001
 -0.13186929E-002 -0.22140820E-002  0.29678122E+001
  0.37098414E-002 -0.15565768E-002  0.29659187E+001
 -0.15090350E-002  0.35244142E-002  0.29662137E+001
 -0.19403259E-002 -0.16158747E-002  0.29678648E+001
  0.17474524E-002 -0.21511145E-002  0.29676059E+001
  0.32631823E-002  0.18201333E-002  0.29663600E+001
  0.20673952E-002 -0.13363641E-002  0.29679275E+001
 -0.38979276E-002  0.20844472E-003  0.29661069E+001
 -0.18401727E-002  0.14228481E-002  0.29680563E+001
 -0.71205685E-003  0.12910570E-002  0.29686984E+001
 -0.13963545E-002 -0.79457277E-003  0.29686176E+001
 -0.21873104E-002 -0.24115853E-002  0.29670268E+001
  0.24042735E-002 -0.19360740E-002  0.29672393E+001
  0.16582717E-002 -0.38124303E-003  0.29685553E+001
 -0.37131243E-002 -0.10308400E-002  0.29661837E+001
 -0.20110252E-002  0.21765012E-002  0.29673876E+001
  0.31971479E-003  0.19526875E-002  0.29683530E+001
 -0.25486073E-002 -0.98427757E-003  0.29676489E+001
 -0.11749751E-002 -0.14827443E-002  0.29684196E+001
  0.34367324E-002 -0.78067314E-003  0.29666657E+001
 -0.67355382E-003 -0.31833963E-002  0.29670293E+001
 -0.10270390E-002  0.19632348E-002  0.29681558E+001
 -0.26741075E-002  0.31036869E-002  0.29658000E+001
 -0.94336101E-003  0.10834906E-003  0.29689508E+001
 -0.40334719E-002  0.76873105E-003  0.29657850E+001
  0.34476597E-003 -0.26982318E-002  0.29676618E+001
 -0.27105340E-002  0.27030904E-002  0.29662226E+001
  0.23267371E-002  0.14343886E-002  0.29676475E+001
 -0.15213208E-002 -0.16714937E-002  0.29681163E+001
 -0.59292947E-003  0.41146725E-002  0.29657013E+001
 -0.36252296E-002  0.20028488E-002  0.29657267E+001
 -0.17097193E-002 -0.29392525E-002  0.29668359E+001
  0.27378639E-002 -0.18525805E-002  0.29669617E+001
 -0.11220641E-002  0.39855116E-002  0.29657288E+001
  0.21628380E-002  0.32129809E-002  0.29661537E+001
 -0.26979878E-002  0.17412656E-002  0.29670841E+001
 -0.31584842E-002 -0.11966392E-003  0.29671478E+001
 -0.77840547E-003 -0.15121395E-002  0.29685559E+001
  0.10723645E-002 -0.33072625E-002  0.29667316E+001
  0.49948409E-003  0.16682312E-002  0.29685281E+001
 -0.99355175E-003  0.38886724E-002  0.29659340E+001
  0.15053415E-002 -0.11440228E-003  0.29686775E+001
 -0.98349344E-003  0.70129274E-005  0.29689378E+001
  0.32417704E-002 -0.53442079E-003  0.29669882E+001
  0.19551263E-002  0.25195248E-002  0.29671120E+001
 -0.10593197E-002  0.48557029E-003  0.29688603E+001
  0.25852314E-002 -0.36841150E-003  0.29677769E+001
  0.74925703E-003 -0.26950272E-002  0.29675774E+001
 -0.30720427E-002  0.26351388E-002  0.29658799E+001
 -0.29803795E-003  0.13153596E-002  0.29687688E+001
  0.16323285E-002 -0.37270002E-002  0.29658454E+001
 -0.32458923E-002 -0.10351330E-002  0.29668270E+001
 -0.20685750E-002  0.24783886E-002  0.29670622E+001
 -0.14621158E-002  0.17273481E-002  0.29681136E+001
 -0.58971388E-003  0.39311581E-003  0.29690301E+001
 -0.38194065E-002  0.49133019E-003  0.29661878E+001
  0.17261009E-002  0.91978135E-003  0.29683708E+001
  0.11540186E-002 -0.18034493E-002  0.29682202E+001
 -0.31155287E-002 -0.16641387E-002  0.29666547E+001
  0.15233878E-002 -0.49692274E-003  0.29686203E+001
  0.32329952E-002  0.25784963E-002  0.29657371E+001
  0.31883803E-002  0.17397555E-002  0.29665125E+001
  0.18432832E-004 -0.17740799E-002  0.29685052E+001
  0.21581088E-002 -0.34060235E-002  0.29659043E+001
 -0.25692684E-003  0.28467762E-002  0.29675089E+001
  0.31468030E-003 -0.38039595E-003  0.29690814E+001
  0.37862438E-002 -0.14646113E-002  0.29658602E+001
  0.23137722E-002 -0.72974113E-003  0.29679620E+001
 -0.38616147E-002 -0.13388363E-002  0.29658158E+001
  0.23436601E-004 -0.62876619E-004  0.29691288E+001
 -0.40359419E-002 -0.93142229E-004  0.29658966E+001
 -0.45929046E-003 -0.33179120E-002  0.29669039E+001
 -0.28616482E-003 -0.22048571E-002  0.29681490E+001
 -0.35571885E-002 -0.21602267E-002  0.29656936E+001
 -0.20001731E-002 -0.14823554E-002  0.29679001E+001
 -0.79250547E-003 -0.24784091E-003  0.29689929E+001
  0.12079335E-002  0.52637481E-003  0.29687853E+001
 -0.22778052E-002  0.34092518E-002  0.29657946E+001
  0.29144701E-002  0.15437580E-003  0.29674399E+001
  0.89882933E-004 -0.24678445E-003  0.29691160E+001
 -0.25854320E-003 -0.28147892E-002  0.29675446E+001
 -0.34094058E-002  0.18500797E-003  0.29668169E+001
 -0.23377046E-002  0.26753242E-002  0.29666256E+001
  0.35696121E-002 -0.21713880E-002  0.29656665E+001
 -0.12298414E-002 -0.15726708E-002  0.29683390E+001
  0.37265326E-004  0.12961266E-002  0.29687961E+001
  0.14197082E-002  0.23055333E-002  0.29676753E+001
 -0.20949536E-003 -0.32884671E-002  0.29669757E+001
  0.29662898E-002 -0.80412012E-003  0.29672558E+001
 -0.60445957E-003 -0.34529733E-002  0.29666919E+001
 -0.82305277E-003 -0.29490825E-002  0.29672699E+001
 -0.27798150E-002 -0.81285766E-003  0.29674656E+001
 -0.28108897E-002 -0.41682339E-003  0.29675278E+001
 -0.95501549E-003  0.19621139E-002  0.29681850E+001
  0.29226533E-002 -0.17998453E-002  0.29667924E+001
 -0.32421998E-002 -0.25021855E-002  0.29658022E+001
  0.26483651E-002  0.26210339E-002  0.29663754E+001
 -0.20368155E-002  0.15932253E-002  0.29678031E+001
  0.26202001E-002 -0.31499101E-002  0.29657993E+001
 -0.14459621E-002  0.15497799E-002  0.29682384E+001
  0.64037991E-003 -0.48947488E-003  0.29690008E+001
  0.85004792E-003 -0.11641605E-002  0.29687175E+001
  0.67326333E-003  0.12997770E-002  0.29687046E+001
  0.89115692E-003  0.23501566E-002  0.29678764E+001
  0.37843495E-002  0.71728440E-003  0.29661865E+001
 -0.10620045E-002  0.19232145E-002  0.29681722E+001
  0.17282601E-002  0.39174805E-003  0.29685067E+001
  0.28520453E-003  0.25594491E-003  0.29691006E+001
  0.79571802E-003  0.40882934E-002  0.29656883E+001
  0.17909457E-003  0.17781886E-002  0.29684960E+001
 -0.18574505E-002  0.15382085E-002  0.29679758E+001
 -0.14516465E-002 -0.36845233E-002  0.29660184E+001
 -0.62341292E-003  0.32599773E-002  0.29669443E+001
 -0.11216595E-002  0.35937789E-002  0.29663179E+001
 -0.10299653E-002  0.88277559E-003  0.29687646E+001
 -0.14607845E-003  0.29395539E-002  0.29674112E+001
 -0.24847635E-002 -0.13824669E-002  0.29675257E+001
  0.25773607E-003 -0.60689535E-003  0.29690435E+001
  0.46493274E-003  0.41597409E-002  0.29656541E+001
 -0.29489815E-003  0.45160482E-003  0.29690720E+001
 -0.39473239E-002  0.35578202E-003  0.29660135E+001
 -0.29408343E-002 -0.19288656E-002  0.29666758E+001
  0.46252709E-004 -0.13416258E-002  0.29687722E+001
  0.22575020E-002  0.34119052E-002  0.29658092E+001
  0.19260193E-002 -0.35742026E-002  0.29658594E+001
 -0.22125455E-002 -0.15628828E-002  0.29676739E+001
 -0.38669790E-002 -0.14967004E-003  0.29661587E+001
  0.35322854E-002  0.10040286E-002  0.29664545E+001
 -0.10240765E-002  0.17750337E-002  0.29682966E+001
  0.29733465E-004  0.26588067E-002  0.29677271E+001
 -0.17523912E-002 -0.26875427E-002  0.29670875E+001
  0.97064229E-003 -0.37867431E-002  0.29660981E+001
  0.77613998E-003 -0.41260645E-002  0.29656329E+001
 -0.28511099E-002  0.19094992E-002  0.29667937E+001
 -0.12374571E-002  0.31882883E-002  0.29668093E+001
 -0.42441678E-003  0.30241651E-002  0.29672796E+001
 -0.38835866E-003 -0.20366742E-002  0.29682769E+001
 -0.18634392E-002  0.22099618E-002  0.29674719E+001
 -0.26210638E-002  0.13810760E-002  0.29673884E+001
  0.27673184E-002 -0.22564203E-002  0.29666004E+001
  0.13969952E-002 -0.19553061E-002  0.29679840E+001
  0.14294299E-002 -0.15092173E-002  0.29682725E+001
  0.32904147E-002 -0.68853479E-003  0.29668878E+001
  0.25119708E-002  0.24642627E-003  0.29678658E+001
 -0.24305502E-002 -0.12463048E-003  0.29679546E+001
 -0.16310960E-002  0.23164255E-002  0.29675374E+001
 -0.12468966E-002 -0.26776066E-002  0.29673989E+001
 -0.56849296E-003 -0.17998714E-002  0.29684229E+001
  0.37108483E-002  0.21984527E-004  0.29663978E+001
