 -0.15434927E+002 -0.15279380E+002 -0.59413828E+001 -0.84844252E+000  0.19830813E+001
 -0.15890046E+002 -0.15279380E+002 -0.63965010E+001 -0.10785690E+001  0.18617317E+001
 -0.15847510E+002 -0.15279380E+002 -0.63539655E+001 -0.94037217E+000  0.18457896E+001
 -0.14208009E+002 -0.14124769E+002 -0.56460227E+001 -0.11341921E+001  0.19903497E+001
 -0.14966284E+002 -0.13543290E+002 -0.51515349E+001 -0.10889027E+001  0.19032152E+001
 -0.15416149E+002 -0.13543290E+002 -0.56013998E+001 -0.90173391E+000  0.18887886E+001
 -0.15459941E+002 -0.13543290E+002 -0.56451916E+001 -0.90516636E+000  0.18844834E+001
 -0.14206329E+002 -0.13029668E+002 -0.47229371E+001 -0.87819444E+000  0.19620665E+001
 -0.14459814E+002 -0.13029668E+002 -0.49764222E+001 -0.10890335E+001  0.19089873E+001
 -0.14075219E+002 -0.12549335E+002 -0.45918263E+001 -0.10815586E+001  0.19133523E+001
 -0.14152114E+002 -0.12549335E+002 -0.46687213E+001 -0.87648149E+000  0.19783578E+001
 -0.14331138E+002 -0.12188269E+002 -0.44422805E+001 -0.10652656E+001  0.19022061E+001
 -0.14331745E+002 -0.12188269E+002 -0.44428876E+001 -0.10704018E+001  0.19067447E+001
 -0.14387266E+002 -0.12188269E+002 -0.44984086E+001 -0.10916020E+001  0.19305162E+001
 -0.13906371E+002 -0.11908652E+002 -0.43359678E+001 -0.11049450E+001  0.19835411E+001
 -0.13976283E+002 -0.11908652E+002 -0.44058791E+001 -0.90017177E+000  0.19306772E+001
 -0.13813345E+002 -0.11668621E+002 -0.42429413E+001 -0.88830481E+000  0.19697764E+001
 -0.13897379E+002 -0.11668621E+002 -0.43269757E+001 -0.98715266E+000  0.18788745E+001
 -0.13609304E+002 -0.11458197E+002 -0.40389000E+001 -0.89243356E+000  0.19768988E+001
 -0.13681201E+002 -0.11458197E+002 -0.41107977E+001 -0.10983364E+001  0.19748296E+001
 -0.12791256E+002 -0.11248982E+002 -0.39139996E+001 -0.89876469E+000  0.19632598E+001
 -0.13061622E+002 -0.11055148E+002 -0.34912180E+001 -0.92531758E+000  0.19370984E+001
 -0.13154853E+002 -0.11055148E+002 -0.35844492E+001 -0.10663778E+001  0.19353540E+001
 -0.12066956E+002 -0.10816979E+002 -0.31896997E+001 -0.10722723E+001  0.19809748E+001
 -0.11984874E+002 -0.10565045E+002 -0.31076180E+001 -0.10699889E+001  0.19881585E+001
 -0.12393202E+002 -0.10348519E+002 -0.28227981E+001 -0.10005255E+001  0.19251923E+001
 -0.12418413E+002 -0.10348519E+002 -0.28480095E+001 -0.93938889E+000  0.19550617E+001
 -0.12498289E+002 -0.10160320E+002 -0.27047415E+001 -0.10531622E+001  0.19771487E+001
 -0.12592164E+002 -0.10160320E+002 -0.27986165E+001 -0.99943061E+000  0.19260922E+001
 -0.12592164E+002 -0.10160320E+002 -0.27986165E+001 -0.99943061E+000  0.19260922E+001
 -0.11711465E+002 -0.99838092E+001 -0.26110647E+001 -0.94679711E+000  0.19622666E+001
 -0.12565074E+002 -0.98202453E+001 -0.23660617E+001 -0.10206198E+001  0.19556948E+001
 -0.12727904E+002 -0.98202453E+001 -0.25288918E+001 -0.94727578E+000  0.19701353E+001
 -0.12684505E+002 -0.98202453E+001 -0.24854929E+001 -0.96319157E+000  0.19520694E+001
 -0.11416643E+002 -0.96439603E+001 -0.23162434E+001 -0.10340086E+001  0.19831910E+001
