  0.99923260E-004  0.13734034E+002 -0.10460494E+001  0.78681896E+000
  0.10167968E-003  0.13699185E+002 -0.79657164E+000  0.92051290E+000
  0.11250239E-003  0.13444940E+002 -0.78293647E+000  0.10213818E+001
  0.11328112E-003  0.13431143E+002 -0.12001397E+001  0.10358861E+001
  0.12119229E-003  0.13242795E+002 -0.85549835E+000  0.11417103E+001
  0.56949647E-004  0.12555993E+002 -0.11786776E+001  0.91630756E+000
  0.40617114E-004  0.13231950E+002 -0.11621955E+001  0.88021876E+000
  0.56383609E-004  0.12575970E+002 -0.10016103E+001  0.11984458E+001
  0.79280920E-004  0.11894332E+002 -0.80168683E+000  0.94603277E+000
  0.61511152E-004  0.12401890E+002 -0.11502285E+001  0.87456192E+000
  0.75000179E-004  0.12005346E+002 -0.11813300E+001  0.93238469E+000
  0.25915530E-003  0.11722697E+002 -0.11443443E+001  0.11136326E+001
  0.26329537E-003  0.11690999E+002 -0.10667362E+001  0.81290681E+000
  0.92669509E-004  0.11582249E+002 -0.95152205E+000  0.80267794E+000
  0.92079331E-004  0.11595028E+002 -0.11431165E+001  0.11136223E+001
  0.92345548E-004  0.11589253E+002 -0.10592567E+001  0.81032175E+000
  0.82455479E-004  0.11119198E+002 -0.83563883E+000  0.10957213E+001
  0.74156631E-004  0.11331355E+002 -0.83785239E+000  0.88767780E+000
  0.71559301E-004  0.11402662E+002 -0.10261162E+001  0.80114684E+000
  0.70863571E-004  0.11422201E+002 -0.86086720E+000  0.11284081E+001
  0.12593142E-003  0.10787898E+002 -0.11121039E+001  0.11364398E+001
  0.11645576E-003  0.10944350E+002 -0.10044767E+001  0.11849272E+001
  0.11851180E-003  0.10909347E+002 -0.83134860E+000  0.90275464E+000
  0.41633678E-003  0.10593608E+002 -0.85951216E+000  0.11180665E+001
  0.42670781E-003  0.10544398E+002 -0.10563558E+001  0.81836594E+000
  0.46689645E-003  0.10364383E+002 -0.84899487E+000  0.88562847E+000
  0.24767750E-003  0.10055428E+002 -0.11071385E+001  0.11332605E+001
  0.21386639E-003  0.10348980E+002 -0.80726621E+000  0.10044808E+001
  0.28239152E-003  0.97930938E+001 -0.98875847E+000  0.11753834E+001
  0.27135732E-003  0.98728092E+001 -0.10809919E+001  0.11504741E+001
  0.58036922E-003  0.97386482E+001 -0.10303030E+001  0.81672694E+000
  0.70711937E-003  0.93435780E+001 -0.86560924E+000  0.87882404E+000
  0.48574291E-003  0.86405198E+001 -0.82771382E+000  0.95588290E+000
  0.34349086E-003  0.93335586E+001 -0.82122687E+000  0.10335054E+001
  0.56585706E-003  0.82673932E+001 -0.90151890E+000  0.11300948E+001
  0.48359196E-003  0.85815924E+001 -0.82276199E+000  0.99162869E+000
  0.11587261E-002  0.82202180E+001 -0.10261627E+001  0.82962465E+000
  0.46380745E-003  0.77162214E+001 -0.11129369E+001  0.11013971E+001
  0.38742934E-003  0.80760926E+001 -0.11450368E+001  0.92973221E+000
  0.45173761E-003  0.77689582E+001 -0.11518394E+001  0.95488837E+000
  0.70203938E-003  0.75012324E+001 -0.11335935E+001  0.91893312E+000
  0.67260988E-003  0.75868800E+001 -0.11086342E+001  0.11043494E+001
  0.14118787E-002  0.74901512E+001 -0.11298623E+001  0.91304555E+000
  0.75722126E-003  0.73498992E+001 -0.11359661E+001  0.92592176E+000
  0.71528102E-003  0.74638596E+001 -0.11495988E+001  0.95706062E+000
  0.14769176E-002  0.72666972E+001 -0.87859988E+000  0.89071390E+000
  0.79409452E-003  0.70558432E+001 -0.86676061E+000  0.90823756E+000
  0.71917915E-003  0.72540276E+001 -0.11277894E+001  0.10758026E+001
  0.37724789E-003  0.61565984E+001 -0.11403778E+001  0.97158871E+000
  0.36889701E-003  0.62013688E+001 -0.11150758E+001  0.10775326E+001
  0.31092306E-003  0.65433112E+001 -0.11460048E+001  0.98731893E+000
  0.28207091E-003  0.67380868E+001 -0.84120457E+000  0.10120015E+001
  0.25387512E-003  0.69487186E+001 -0.11263866E+001  0.91653440E+000
  0.31128457E-003  0.65409888E+001 -0.84439415E+000  0.10196627E+001
  0.24437023E-002  0.59418392E+001 -0.85232234E+000  0.96202000E+000
  0.12329272E-002  0.58025412E+001 -0.10555926E+001  0.86462269E+000
  0.11925301E-002  0.58691696E+001 -0.10565887E+001  0.86441168E+000
  0.24663251E-002  0.58021610E+001 -0.95775782E+000  0.11335295E+001
  0.27012489E-002  0.55586478E+001 -0.90621084E+000  0.11030474E+001
  0.28318217E-002  0.52850108E+001 -0.96438365E+000  0.11300170E+001
  0.28318217E-002  0.52850108E+001 -0.96438365E+000  0.11300170E+001
  0.28827861E-002  0.52493364E+001 -0.95711527E+000  0.86104090E+000
  0.29341248E-002  0.52140326E+001 -0.11321272E+001  0.10103370E+001
  0.29961532E-002  0.51721930E+001 -0.10873414E+001  0.10943663E+001
  0.69828930E-003  0.47411774E+001 -0.10806714E+001  0.10946346E+001
  0.56912807E-003  0.51502338E+001 -0.96887585E+000  0.11296561E+001
  0.60111694E-003  0.50408660E+001 -0.10075557E+001  0.85791787E+000
  0.58136774E-003  0.51076784E+001 -0.85756062E+000  0.10105150E+001
  0.63829687E-003  0.49208376E+001 -0.95706034E+000  0.86463199E+000
  0.10044933E-002  0.43987118E+001 -0.95711499E+000  0.87045112E+000
  0.89916135E-003  0.46202650E+001 -0.10636504E+001  0.11059622E+001
  0.99478088E-003  0.44181444E+001 -0.95935169E+000  0.86950061E+000
  0.88791542E-003  0.46454360E+001 -0.96180241E+000  0.11225308E+001
  0.22307240E-002  0.41893210E+001 -0.10452220E+001  0.87793921E+000
  0.21139330E-002  0.42968720E+001 -0.88529856E+000  0.92877804E+000
  0.44614919E-002  0.41893006E+001 -0.88962508E+000  0.92436972E+000
  0.13624373E-002  0.34808274E+001 -0.10007499E+001  0.87468694E+000
  0.96438490E-003  0.41719074E+001 -0.87578506E+000  0.10398969E+001
  0.11870713E-002  0.37563986E+001 -0.10696058E+001  0.10904799E+001
  0.10111530E-002  0.40771950E+001 -0.10449688E+001  0.11098173E+001
  0.54968006E-002  0.34636332E+001 -0.10439920E+001  0.88627994E+000
  0.19884078E-002  0.33000728E+001 -0.92303385E+000  0.90286575E+000
  0.19766653E-002  0.33119188E+001 -0.10955717E+001  0.93592974E+000
  0.19689614E-002  0.33197282E+001 -0.10346724E+001  0.88399902E+000
  0.62416603E-002  0.30882246E+001 -0.10244864E+001  0.11056388E+001
  0.16723456E-002  0.28319920E+001 -0.11005606E+001  0.10303798E+001
  0.15386497E-002  0.29986358E+001 -0.10538060E+001  0.89796755E+000
  0.15126986E-002  0.30326556E+001 -0.89992973E+000  0.10574709E+001
  0.15472423E-002  0.29874976E+001 -0.93830084E+000  0.10926341E+001
  0.66913739E-002  0.28313972E+001 -0.98793036E+000  0.11064799E+001
  0.69380532E-002  0.27589938E+001 -0.91884650E+000  0.10745656E+001
  0.71438955E-002  0.27005198E+001 -0.10962482E+001  0.10369827E+001
  0.37146937E-002  0.25586514E+001 -0.10673611E+001  0.91509913E+000
  0.36314943E-002  0.26039562E+001 -0.88524894E+000  0.99050697E+000
  0.37988493E-002  0.25138484E+001 -0.10537305E+001  0.10844547E+001
  0.37590648E-002  0.25349026E+001 -0.95037203E+000  0.10929259E+001
  0.40705300E-002  0.23101172E+001 -0.10999253E+001  0.10028407E+001
  0.38862404E-002  0.24027796E+001 -0.98947230E+000  0.11012652E+001
  0.84237510E-002  0.21127702E+001 -0.89621335E+000  0.96514425E+000
  0.14425815E-002  0.18737482E+001 -0.93350330E+000  0.10726472E+001
  0.12929458E-002  0.20927688E+001 -0.10705722E+001  0.92663986E+000
  0.14423983E-002  0.18740011E+001 -0.93346815E+000  0.10726236E+001
  0.14308436E-002  0.18900881E+001 -0.96051704E+000  0.10883304E+001
  0.13546691E-002  0.19995018E+001 -0.10953783E+001  0.10075583E+001
  0.13543332E-002  0.19999983E+001 -0.10906119E+001  0.10273164E+001
  0.42931564E-002  0.18300899E+001 -0.10070317E+001  0.89607167E+000
  0.42125249E-002  0.18680110E+001 -0.89849487E+000  0.96880428E+000
  0.46178176E-002  0.16245833E+001 -0.10760208E+001  0.10457728E+001
  0.45850784E-002  0.16388150E+001 -0.10362591E+001  0.10816195E+001
  0.99400417E-002  0.14178737E+001 -0.10643329E+001  0.10564853E+001
  0.53136884E-002  0.12244452E+001 -0.10805256E+001  0.96596028E+000
  0.51037993E-002  0.13050458E+001 -0.10416039E+001  0.91609495E+000
  0.10749500E-001  0.12015929E+001 -0.91649962E+000  0.10393852E+001
  0.36523990E-002  0.10420693E+001 -0.10309853E+001  0.91471816E+000
  0.34778358E-002  0.11400176E+001 -0.91583324E+000  0.10363888E+001
  0.34229413E-002  0.11718364E+001 -0.10417589E+001  0.91845941E+000
  0.10984577E-001  0.10370778E+001 -0.10712646E+001  0.10375899E+001
  0.28516028E-002  0.90016816E+000 -0.10453693E+001  0.92585602E+000
  0.27136571E-002  0.99933510E+000 -0.10696175E+001  0.10392841E+001
  0.27183014E-002  0.99591460E+000 -0.10784604E+001  0.97048848E+000
  0.27718562E-002  0.95689474E+000 -0.10454369E+001  0.92483821E+000
  0.11492380E-001  0.88514960E+000 -0.95401779E+000  0.10696692E+001
  0.11140724E-001  0.88380696E+000 -0.10801842E+001  0.10007966E+001
  0.37044034E-002  0.82525484E+000 -0.93420184E+000  0.10533680E+001
  0.36427403E-002  0.85882584E+000 -0.10784806E+001  0.10106957E+001
  0.36102326E-002  0.87675484E+000 -0.95170208E+000  0.92136546E+000
  0.11408951E-001  0.77272696E+000 -0.96140180E+000  0.91807994E+000
  0.29732042E-002  0.68965518E+000 -0.97857604E+000  0.91381153E+000
  0.29018145E-002  0.73826208E+000 -0.98624494E+000  0.10776554E+001
  0.29534123E-002  0.70301238E+000 -0.98821515E+000  0.10772879E+001
  0.29178680E-002  0.72722962E+000 -0.92731710E+000  0.10428635E+001
  0.12045537E-001  0.66413526E+000 -0.95264639E+000  0.10649119E+001
  0.57778938E-002  0.60916434E+000 -0.10417257E+001  0.92879771E+000
  0.56571386E-002  0.65140632E+000 -0.10643716E+001  0.95215285E+000
  0.11572519E-001  0.60627256E+000 -0.10737878E+001  0.10135672E+001
  0.40004234E-002  0.53351292E+000 -0.99024974E+000  0.10747052E+001
  0.39018750E-002  0.58339994E+000 -0.10186388E+001  0.91752672E+000
  0.38798955E-002  0.59469756E+000 -0.99126331E+000  0.91371572E+000
  0.31939430E-002  0.40843624E+000 -0.93947902E+000  0.94044612E+000
  0.31601238E-002  0.42972668E+000 -0.95602988E+000  0.10625259E+001
  0.30447817E-002  0.50409174E+000 -0.10556240E+001  0.10456685E+001
  0.30324298E-002  0.51222048E+000 -0.10730077E+001  0.97985895E+000
  0.30324298E-002  0.51222048E+000 -0.10730077E+001  0.97985895E+000
  0.63405015E-002  0.51222048E+000 -0.10730077E+001  0.97985895E+000
  0.62131845E-002  0.51222048E+000 -0.10730077E+001  0.97985895E+000
  0.45050536E-002  0.51222048E+000 -0.10730077E+001  0.97985895E+000
  0.44951549E-002  0.51222048E+000 -0.10730077E+001  0.97985895E+000
  0.42342526E-002  0.51222048E+000 -0.10730077E+001  0.97985895E+000
  0.49480682E-002  0.51222048E+000 -0.10730077E+001  0.97985895E+000
  0.47884945E-002  0.51222048E+000 -0.10730077E+001  0.97985895E+000
  0.49427436E-002  0.51222048E+000 -0.10730077E+001  0.97985895E+000
  0.14890675E-001  0.51222048E+000 -0.10730077E+001  0.97985895E+000
  0.76532091E-002  0.51222048E+000 -0.10730077E+001  0.97985895E+000
  0.72616893E-002  0.51222048E+000 -0.10730077E+001  0.97985895E+000
  0.52590479E-002  0.51222048E+000 -0.10730077E+001  0.97985895E+000
  0.48443433E-002  0.51222048E+000 -0.10730077E+001  0.97985895E+000
  0.51593007E-002  0.51222048E+000 -0.10730077E+001  0.97985895E+000
  0.16245714E-001  0.51222048E+000 -0.10730077E+001  0.97985895E+000
  0.16603702E-001  0.51222048E+000 -0.10730077E+001  0.97985895E+000
  0.15641497E-001  0.51222048E+000 -0.10730077E+001  0.97985895E+000
  0.78508101E-002  0.51222048E+000 -0.10730077E+001  0.97985895E+000
  0.77201844E-002  0.51222048E+000 -0.10730077E+001  0.97985895E+000
  0.39732959E-002  0.51222048E+000 -0.10730077E+001  0.97985895E+000
  0.37700016E-002  0.51222048E+000 -0.10730077E+001  0.97985895E+000
  0.38355280E-002  0.51222048E+000 -0.10730077E+001  0.97985895E+000
  0.37698020E-002  0.51222048E+000 -0.10730077E+001  0.97985895E+000
  0.15897135E-001  0.51222048E+000 -0.10730077E+001  0.97985895E+000
  0.16201901E-001  0.51222048E+000 -0.10730077E+001  0.97985895E+000
  0.82402061E-002  0.51222048E+000 -0.10730077E+001  0.97985895E+000
  0.79700988E-002  0.51222048E+000 -0.10730077E+001  0.97985895E+000
  0.80036363E-002  0.51222048E+000 -0.10730077E+001  0.97985895E+000
  0.79946453E-002  0.51222048E+000 -0.10730077E+001  0.97985895E+000
  0.15983367E-001  0.51222048E+000 -0.10730077E+001  0.97985895E+000
  0.16300190E-001  0.51222048E+000 -0.10730077E+001  0.97985895E+000
  0.16361148E-001  0.51222048E+000 -0.10730077E+001  0.97985895E+000
  0.37869227E-002  0.51222048E+000 -0.10730077E+001  0.97985895E+000
  0.36754473E-002  0.51222048E+000 -0.10730077E+001  0.97985895E+000
  0.34595316E-002  0.51222048E+000 -0.10730077E+001  0.97985895E+000
  0.35208651E-002  0.51222048E+000 -0.10730077E+001  0.97985895E+000
  0.51654901E-002  0.51222048E+000 -0.10730077E+001  0.97985895E+000
  0.51325369E-002  0.51222048E+000 -0.10730077E+001  0.97985895E+000
  0.50735374E-002  0.51222048E+000 -0.10730077E+001  0.97985895E+000
  0.15710463E-001  0.51222048E+000 -0.10730077E+001  0.97985895E+000
  0.53133970E-002  0.51222048E+000 -0.10730077E+001  0.97985895E+000
  0.53128440E-002  0.51222048E+000 -0.10730077E+001  0.97985895E+000
  0.52884263E-002  0.51222048E+000 -0.10730077E+001  0.97985895E+000
  0.16088896E-001  0.51222048E+000 -0.10730077E+001  0.97985895E+000
  0.16150174E-001  0.51222048E+000 -0.10730077E+001  0.97985895E+000
  0.16175132E-001  0.51222048E+000 -0.10730077E+001  0.97985895E+000
  0.15463291E-001  0.51222048E+000 -0.10730077E+001  0.97985895E+000
  0.15729754E-001  0.51222048E+000 -0.10730077E+001  0.97985895E+000
  0.53801689E-002  0.51222048E+000 -0.10730077E+001  0.97985895E+000
  0.52592477E-002  0.51222048E+000 -0.10730077E+001  0.97985895E+000
  0.52520965E-002  0.51222048E+000 -0.10730077E+001  0.97985895E+000
  0.16279166E-001  0.51222048E+000 -0.10730077E+001  0.97985895E+000
  0.82370423E-002  0.51222048E+000 -0.10730077E+001  0.97985895E+000
  0.81644430E-002  0.51222048E+000 -0.10730077E+001  0.97985895E+000
  0.55407640E-002  0.51222048E+000 -0.10730077E+001  0.97985895E+000
  0.55147375E-002  0.51222048E+000 -0.10730077E+001  0.97985895E+000
  0.55000261E-002  0.51222048E+000 -0.10730077E+001  0.97985895E+000
  0.83578292E-002  0.51222048E+000 -0.10730077E+001  0.97985895E+000
  0.83456865E-002  0.51222048E+000 -0.10730077E+001  0.97985895E+000
  0.16812839E-001  0.51222048E+000 -0.10730077E+001  0.97985895E+000
  0.16876715E-001  0.51222048E+000 -0.10730077E+001  0.97985895E+000
  0.16895927E-001  0.51222048E+000 -0.10730077E+001  0.97985895E+000
  0.44546651E-002  0.51222048E+000 -0.10730077E+001  0.97985895E+000
  0.43741207E-002  0.51222048E+000 -0.10730077E+001  0.97985895E+000
  0.42404979E-002  0.51222048E+000 -0.10730077E+001  0.97985895E+000
  0.44039323E-002  0.51222048E+000 -0.10730077E+001  0.97985895E+000
  0.17931755E-001  0.51222048E+000 -0.10730077E+001  0.97985895E+000
  0.93760688E-002  0.51222048E+000 -0.10730077E+001  0.97985895E+000
  0.93371960E-002  0.51222048E+000 -0.10730077E+001  0.97985895E+000
  0.94182564E-002  0.51222048E+000 -0.10730077E+001  0.97985895E+000
  0.93879058E-002  0.51222048E+000 -0.10730077E+001  0.97985895E+000
  0.38032951E-002  0.51222048E+000 -0.10730077E+001  0.97985895E+000
  0.37879338E-002  0.51222048E+000 -0.10730077E+001  0.97985895E+000
  0.37993449E-002  0.51222048E+000 -0.10730077E+001  0.97985895E+000
  0.37824427E-002  0.51222048E+000 -0.10730077E+001  0.97985895E+000
  0.15214155E-001  0.51222048E+000 -0.10730077E+001  0.97985895E+000
  0.76157980E-002  0.51222048E+000 -0.10730077E+001  0.97985895E+000
  0.76117288E-002  0.51222048E+000 -0.10730077E+001  0.97985895E+000
  0.51998427E-002  0.51222048E+000 -0.10730077E+001  0.97985895E+000
  0.51191112E-002  0.51222048E+000 -0.10730077E+001  0.97985895E+000
  0.51859609E-002  0.51222048E+000 -0.10730077E+001  0.97985895E+000
