589428355
4009560696
3516261205
2381077263
3374505807
843497063
3871738289
2898632676
935805549
3859850297
1236916278
3740158329
757437554
1197222266
983828772
1138576524
430737050
3170961185
1869976668
1078605500
1928799302
2323276571
579927543
3786956910
413853353
3235772409
2457821213
4204458015
959810886
2103834721
1548002104
1873840727
3349552910
989653037
3579255683
2538666017
1259506226
3396933167
1000735584
3080571979
1477985181
2509538576
358125003
1106454463
3186936143
946885304
1245697415
2394365972
3589186210
1249440340
1656905284
656316563
968039115
4233496003
1571031654
3889532000
2205994326
3093964154
4269119323
505873836
3561366499
3307447795
1604708747
582445769
3515145696
924236425
2918125010
915613296
1881227016
1045549417
600990142
1316500844
54778099
92567706
828712143
1169402783
385438383
3425163500
3679515118
2573791483
2226938683
3378069947
3288467380
2541783647
2044832088
4279938713
4011847074
1621003448
1898306688
640852121
2212509896
2435098593
304020046
105836074
935296941
3953774692
4219617653
2752136008
470583643
2383519510
3693900862
3994031145
3501634140
838621605
1475341140
1261977478
1921645572
2916034457
421506701
3157601419
198871318
1595067822
1966265866
1477300001
2530472117
2547939040
2768294858
1431578952
2714288747
3777346967
3447486889
3814149091
49131618
2960820592
1631008555
2681718444
1151787932
1571649450
924113307
3912877824
3601962897
1572243670
929684709
1607447070
3832037295
1106070612
1913832160
1134790801
435263622
2476565695
2117024247
875665430
2795676962
2672277706
3958352875
3070423855
2796807233
1351587253
977906785
3719813023
2172239580
2853546851
3693789488
2561799866
2936908383
989465317
3970633204
1036284511
313164978
460875196
4139498504
3667772039
1762918785
1967876382
1347876580
558619898
607694883
1502440595
1594986776
3161377582
1282490690
4116257660
1132983257
3629718816
3782818857
444449263
897563677
1422309163
146845902
1591407527
1284627420
1793198543
3497193071
1721503566
3253643742
1258455559
2847872419
491583991
1759768792
4126550465
3920039258
1203322260
1654015033
2143753619
683812667
1238136314
1100340700
995027874
1297320238
1695440441
1294360054
2296450586
3643843146
3239328274
3502497345
610175038
1807074839
1741557361
1006603164
641927307
3174074169
2217137565
410345702
4006905331
3284750358
651402500
2275058482
1882113760
3931602475
1563377654
3538669993
3455965430
4232288055
1416744732
4072361533
1432073023
3571803736
94768887
2449096881
661997686
4194976530
2263144877
624397674
4195477627
1402112823
3368464597
2281881576
2724629386
1883366201
852023127
3942815923
543683782
1821081045
855432235
541858921
205127040
2014091515
2078878043
4260991901
2412926798
1372187326
3261859897
460070064
1974622657
810932968
1810932921
1677067266
3948017756
3934060106
1253265305
2910863319
1640529145
1601860235
864430337
1901124327
1944093301
1148494525
2235580083
483934543
2224697030
3277041932
1627548894
2252227170
1639224494
3809628141
735303791
2028818734
4256352195
409619383
3351879479
1832895062
2929339373
1097539737
3932175433
3398803964
3519968733
435936573
3399105976
1530736827
3758553815
3280893388
1272490502
30769738
2621480592
254984756
4040002671
3938797653
3342631464
2756727596
1463263223
1531615034
3126381308
2539470494
3018390368
2053958502
2457386160
3803429839
4214877558
2693334821
3965696021
3698719423
153473502
236026683
934314711
2525188310
845902163
4040172519
760434844
1681297168
3697178548
3092075930
121594207
453787752
3923780112
1927227235
3309617166
1125036301
2985216844
2671648113
2023247333
1439202106
695542534
2939062924
992505965
1066120391
4166826631
1193150665
1592120376
1011178041
2434035933
3871597451
2495566505
896424658
1461196682
3168322245
271198679
2485538368
3401926647
1225928815
3351159011
1430225307
3330340027
557564157
2684269419
1001104009
2289198460
747066142
1140611693
188992560
1315826105
3373516408
3572405548
2095106064
2158341834
4187588190
1190752591
481769488
3349871228
3685815999
1501975926
1935059057
2833679895
891624105
911125589
2727587483
687645329
2820801597
1587633427
3476292224
2808716250
1858238358
1360885145
1150388696
2782105556
1274116650
1615783501
1469233750
350980716
1428578538
3742656173
1852471812
2333341593
2426207066
3462095204
1811085404
1334162776
3819118158
1719207558
3967163506
3633385683
1361257526
2871236754
2715003643
2459326770
53962145
729548329
2742264511
2156556892
3284606208
1943245307
3643342463
4218009133
1150856774
3223257085
1507656445
490817541
1590820598
1450312560
601820663
4234452714
1422777083
562955188
2049361577
1799913337
1930910900
1493930347
1721931542
401933205
3353125665
4238554451
2239255646
4289181249
1299116890
1320953863
3051844306
2088499244
2719136741
3719038817
3055785530
899989085
422811112
637627704
2188685996
736960720
1082452633
1502480313
728332936
4215147460
2939911564
3655771144
3010535289
493451198
1501314465
2411364541
4018381979
3673869323
1044801515
2465443600
2212893774
4294777030
219568261
1673452145
573734170
3019979919
312349930
3115947408
3590456289
3289256917
2938081289
916335844
409308894
1432760342
651603414
1251741682
1999727965
3489040014
2709822036
3930862190
812381687
3838241487
3634133844
4149476591
3981136946
2387101311
1189467922
161024972
3061226225
3413121384
2021714760
3297663383
2209760195
105927714
3720197730
1944557924
2733615770
3471835691
1676621959
3131497351
1238852037
3632887426
2052780117
593019639
3751404987
411965516
3105058857
1358091768
888530207
1990470302
2740462875
1539655114
296039063
690499869
4020332639
3754831517
2690696368
3757665200
757515436
3132604225
1454913952
4178377813
794260054
1987002512
2862007254
2603171122
1998895996
4164582110
3016235598
3368677738
3412367961
2109351677
3894481717
3700477231
1353126672
3579297828
3969637277
2218561722
1841966452
2591166000
3275182441
3782069620
2884954524
1817900555
4184586474
1664913067
746060801
3629898216
2090404663
2500463116
3815214919
1147551371
3451379320
3776437665
3026145324
2266794408
1271970450
2644040197
3189846446
3924727976
920596002
2829870897
3568070156
708583737
578495651
2687029952
2177986340
1097412744
3636430134
228841639
115071864
680512392
952821737
1364173119
92155960
1372990972
4233564352
4267191396
4256942731
1087337598
244638055
1077408081
2639814609
1322767967
1412915701
1058506012
1559635043
1508159656
2517381019
2147631032
1943427304
2722371843
1843429143
2579619157
2160244228
1089439936
2037396699
957354743
2398814059
3860259275
801569510
926254886
1455138665
412910179
3125831767
2650072116
1471722291
1663284312
1047599556
1463437996
1648951514
3036444906
3227195120
4292364820
921179102
3233968466
442309735
2080571896
2666967353
4066985762
1366883328
2275273938
4154971060
3755232845
1735841773
725308880
552
