  0.62858901E+001  0.18847651E+002  0.24299942E+003
  0.62841060E+001  0.18847829E+002  0.24299980E+003
  0.25136186E+002  0.24693802E-002  0.24299913E+003
  0.22444553E-002  0.12568466E+002  0.24299951E+003
  0.12567339E+002  0.12565375E+002  0.24299991E+003
  0.12563003E+002  0.12566617E+002  0.24299942E+003
  0.12569646E+002  0.12565339E+002  0.24299942E+003
  0.25130494E+002  0.25130073E+002  0.24299942E+003
  0.12567172E+002  0.12569463E+002  0.24299951E+003
  0.18848874E+002  0.62811417E+001  0.24299980E+003
  0.18849273E+002  0.62819298E+001  0.24299991E+003
  0.12569060E+002  0.12568653E+002  0.24299933E+003
  0.25135564E+002  0.12565770E+002  0.24299962E+003
  0.62822568E+001  0.18852695E+002  0.24299942E+003
  0.12566152E+002  0.25129061E+002  0.24299933E+003
  0.18850801E+002  0.18850318E+002  0.24299991E+003
  0.62857705E+001  0.18851146E+002  0.24299951E+003
  0.12416640E-002  0.12567370E+002  0.24299991E+003
  0.23493096E-003  0.12565256E+002  0.24299991E+003
  0.12567094E+002  0.12569156E+002  0.24299962E+003
  0.12567781E+002  0.12566596E+002  0.24299991E+003
  0.12570422E+002  0.12567210E+002  0.24299913E+003
  0.18850337E+002  0.18846746E+002  0.24299962E+003
  0.12566817E+002  0.12567559E+002  0.24299991E+003
  0.12566144E+002  0.12566880E+002  0.24300000E+003
  0.20970312E-002  0.12569549E+002  0.24299922E+003
  0.25130529E+002  0.42888304E-003  0.24299971E+003
  0.31415799E+002  0.31413732E+002  0.24299971E+003
  0.12566450E+002  0.12565687E+002  0.24300000E+003
  0.31415393E+002  0.31414289E+002  0.24299980E+003
  0.12564996E+002  0.12562521E+002  0.24299913E+003
  0.62867308E+001  0.18849500E+002  0.24299933E+003
  0.62869275E+001  0.62821042E+001  0.24299922E+003
  0.25134968E+002  0.57476621E-003  0.24299971E+003
  0.12569209E+002  0.12567117E+002  0.24299951E+003
  0.62817039E+001  0.18846112E+002  0.24299933E+003
  0.25130042E+002  0.14128775E-002  0.24299951E+003
  0.12569980E+002  0.12566988E+002  0.24299933E+003
  0.62829240E+001  0.18849588E+002  0.24300000E+003
  0.18846680E+002  0.62824728E+001  0.24299951E+003
  0.74829536E-004  0.12569209E+002  0.24299962E+003
  0.12563274E+002  0.12567379E+002  0.24299942E+003
  0.62828571E+001  0.18853094E+002  0.24299933E+003
  0.62867302E+001  0.18848596E+002  0.24299933E+003
  0.62862631E+001  0.18850876E+002  0.24299942E+003
  0.12570213E+002  0.12566313E+002  0.24299922E+003
  0.25134887E+002  0.20823843E-002  0.24299951E+003
  0.12569872E+002  0.12567796E+002  0.24299933E+003
  0.12567210E+002  0.12563833E+002  0.24299962E+003
  0.12568617E+002  0.12564987E+002  0.24299962E+003
  0.25135201E+002  0.27797415E-003  0.24299971E+003
  0.12565195E+002  0.12563400E+002  0.24299951E+003
  0.25134473E+002  0.37656188E-003  0.24299980E+003
  0.12563862E+002  0.12563506E+002  0.24299922E+003
  0.25134425E+002  0.12563724E+002  0.24299951E+003
  0.62809349E+001  0.18849331E+002  0.24299971E+003
  0.25131685E+002  0.39200968E-002  0.24299913E+003
  0.31413923E+002  0.31413559E+002  0.24299951E+003
  0.62857202E+001  0.62863948E+001  0.24299913E+003
  0.12564875E+002  0.12562966E+002  0.24299933E+003
  0.62842800E+001  0.18846135E+002  0.24299933E+003
  0.12565981E+002  0.12566162E+002  0.24300000E+003
  0.25129864E+002  0.25133163E+002  0.24299962E+003
  0.13330172E-002  0.12569768E+002  0.24299933E+003
  0.12570551E+002  0.12567736E+002  0.24299904E+003
  0.62864282E+001  0.18847333E+002  0.24299922E+003
  0.12568049E+002  0.25136517E+002  0.24299913E+003
  0.12566270E+002  0.12566639E+002  0.24300000E+003
  0.31414056E+002  0.62824730E+001  0.24299980E+003
  0.12565817E+002  0.12566330E+002  0.24300000E+003
  0.62871404E+001  0.18847472E+002  0.24299904E+003
  0.12565352E+002  0.12567839E+002  0.24299980E+003
  0.12568534E+002  0.25129502E+002  0.24299922E+003
  0.25133125E+002  0.69757712E-003  0.24300000E+003
  0.25135547E+002  0.12567539E+002  0.24299951E+003
  0.25129742E+002  0.25637167E-002  0.24299922E+003
  0.62799596E+001  0.18850951E+002  0.24299942E+003
  0.12566504E+002  0.12570319E+002  0.24299922E+003
  0.62820414E+001  0.18851053E+002  0.24299980E+003
  0.31415314E+002  0.31415240E+002  0.24300000E+003
  0.12564793E+002  0.12564435E+002  0.24299971E+003
  0.62874045E+001  0.18849860E+002  0.24299913E+003
  0.12564474E+002  0.12562917E+002  0.24299922E+003
  0.25134602E+002  0.12563036E+002  0.24299922E+003
  0.25130878E+002  0.13198376E-002  0.24299971E+003
  0.12564754E+002  0.12565778E+002  0.24299980E+003
  0.62858278E+001  0.62844489E+001  0.24299962E+003
  0.62851026E+001  0.62807996E+001  0.24299951E+003
  0.25128979E+002  0.12566833E+002  0.24299922E+003
  0.12565251E+002  0.12562683E+002  0.24299922E+003
  0.76600958E-003  0.12568840E+002  0.24299962E+003
  0.12565118E+002  0.12563732E+002  0.24299962E+003
  0.12564855E+002  0.25135285E+002  0.24299951E+003
  0.18846064E+002  0.31413216E+002  0.24299904E+003
  0.12569902E+002  0.25130774E+002  0.24299913E+003
  0.62815640E+001  0.18851565E+002  0.24299971E+003
  0.62805598E+001  0.18853002E+002  0.24299904E+003
  0.62816634E+001  0.18853215E+002  0.24299922E+003
  0.71214085E-003  0.12567171E+002  0.24299991E+003
  0.12567135E+002  0.12563588E+002  0.24299962E+003
  0.14416849E-002  0.12562570E+002  0.24299913E+003
  0.62822807E+001  0.18846757E+002  0.24299951E+003
  0.12567087E+002  0.25135209E+002  0.24299971E+003
  0.25132231E+002  0.12568365E+002  0.24299980E+003
  0.53081954E-004  0.12570471E+002  0.24299913E+003
  0.12563655E+002  0.12568064E+002  0.24299951E+003
  0.12570381E+002  0.12567250E+002  0.24299913E+003
  0.25131818E+002  0.79055403E-003  0.24299991E+003
  0.62841217E+001  0.18852282E+002  0.24299962E+003
  0.12566357E+002  0.12564433E+002  0.24299980E+003
  0.12565767E+002  0.25133782E+002  0.24299991E+003
  0.62825505E+001  0.18852168E+002  0.24299962E+003
  0.12569158E+002  0.12563809E+002  0.24299922E+003
  0.62834564E+001  0.18851897E+002  0.24299971E+003
  0.12569460E+002  0.12566840E+002  0.24299951E+003
  0.62823019E+001  0.18853081E+002  0.24299933E+003
  0.62822686E+001  0.18848697E+002  0.24299991E+003
  0.62848639E+001  0.18848658E+002  0.24299980E+003
  0.12567728E+002  0.12565569E+002  0.24299991E+003
  0.62820757E+001  0.18849272E+002  0.24299991E+003
  0.18850325E+002  0.62788231E+001  0.24299904E+003
  0.25134359E+002  0.36361773E-002  0.24299922E+003
  0.12568410E+002  0.12563496E+002  0.24299933E+003
  0.12569861E+002  0.12564876E+002  0.24299922E+003
  0.25130974E+002  0.31253896E-004  0.24299980E+003
  0.37502064E-003  0.12564574E+002  0.24299980E+003
  0.12565556E+002  0.12570759E+002  0.24299904E+003
  0.12567303E+002  0.11442658E-003  0.24300000E+003
  0.62819091E+001  0.18847382E+002  0.24299971E+003
  0.12565738E+002  0.12564649E+002  0.24299980E+003
  0.12568304E+002  0.12569001E+002  0.24299942E+003
  0.25130158E+002  0.23180242E-002  0.24299942E+003
  0.62819011E+001  0.18845598E+002  0.24299913E+003
  0.18851941E+002  0.62852346E+001  0.24299951E+003
  0.62810376E+001  0.18851110E+002  0.24299962E+003
  0.62801375E+001  0.31413729E+002  0.24299933E+003
  0.12566655E+002  0.12565722E+002  0.24300000E+003
  0.62820701E+001  0.18851570E+002  0.24299971E+003
  0.62791595E+001  0.18847620E+002  0.24299904E+003
  0.62833260E+001  0.62819027E+001  0.24299991E+003
  0.25134798E+002  0.34536246E-002  0.24299922E+003
  0.12569373E+002  0.12566457E+002  0.24299951E+003
  0.62824263E+001  0.18849587E+002  0.24300000E+003
  0.15467949E-002  0.12562704E+002  0.24299922E+003
  0.12569644E+002  0.12565968E+002  0.24299942E+003
  0.12567139E+002  0.12565100E+002  0.24299991E+003
  0.25134789E+002  0.12569672E+002  0.24299922E+003
  0.25134945E+002  0.12564473E+002  0.24299962E+003
  0.12567734E+002  0.25131643E+002  0.24299980E+003
  0.12566069E+002  0.12562396E+002  0.24299922E+003
  0.25131744E+002  0.23183866E-002  0.24299971E+003
  0.12567081E+002  0.12568000E+002  0.24299980E+003
  0.25133877E+002  0.17788928E-002  0.24299980E+003
  0.12567518E+002  0.12565596E+002  0.24299991E+003
  0.12566397E+002  0.12562861E+002  0.24299942E+003
  0.12569890E+002  0.12569056E+002  0.24299904E+003
  0.62831753E+001  0.18848275E+002  0.24299991E+003
  0.12566584E+002  0.25130220E+002  0.24299971E+003
  0.12569326E+002  0.12569669E+002  0.24299904E+003
  0.12567367E+002  0.12567300E+002  0.24299991E+003
  0.12569570E+002  0.12566239E+002  0.24299951E+003
  0.62816981E+001  0.18847338E+002  0.24299962E+003
  0.62815194E+001  0.18851956E+002  0.24299962E+003
  0.25134023E+002  0.24765556E-002  0.24299962E+003
  0.62827121E+001  0.18848326E+002  0.24299991E+003
  0.12569502E+002  0.12565931E+002  0.24299951E+003
  0.62837631E+001  0.62828685E+001  0.24300000E+003
  0.34999095E-002  0.12568794E+002  0.24299904E+003
  0.25135448E+002  0.12563173E+002  0.24299913E+003
  0.12566362E+002  0.25129233E+002  0.24299942E+003
  0.12563096E+002  0.12563524E+002  0.24299904E+003
  0.12565199E+002  0.12564561E+002  0.24299980E+003
  0.18851399E+002  0.18847412E+002  0.24299962E+003
  0.25134239E+002  0.25128533E+002  0.24299904E+003
  0.12568961E+002  0.12566018E+002  0.24299962E+003
  0.25136878E+002  0.51729333E-003  0.24299913E+003
  0.31413267E+002  0.62847182E+001  0.24299951E+003
  0.31415555E+002  0.31415702E+002  0.24300000E+003
  0.62851940E+001  0.18846540E+002  0.24299933E+003
  0.12562918E+002  0.12564295E+002  0.24299913E+003
  0.62806909E+001  0.18848858E+002  0.24299962E+003
  0.12567060E+002  0.12562633E+002  0.24299922E+003
  0.12569796E+002  0.92880448E-003  0.24299933E+003
  0.12566010E+002  0.12564698E+002  0.24299980E+003
  0.25131034E+002  0.33477096E-002  0.24299933E+003
  0.62858711E+001  0.18849062E+002  0.24299962E+003
  0.12567160E+002  0.25128607E+002  0.24299913E+003
  0.12568006E+002  0.12567567E+002  0.24299980E+003
  0.62801477E+001  0.18852074E+002  0.24299922E+003
  0.62849664E+001  0.18851916E+002  0.24299951E+003
  0.12564496E+002  0.25134341E+002  0.24299971E+003
  0.25134426E+002  0.31327360E-002  0.24299933E+003
  0.62840357E+001  0.18846980E+002  0.24299962E+003
  0.12565155E+002  0.12563038E+002  0.24299933E+003
  0.26388368E-002  0.12565612E+002  0.24299962E+003
  0.62815518E+001  0.18852622E+002  0.24299942E+003
  0.12568200E+002  0.12567950E+002  0.24299971E+003
  0.12569143E+002  0.12568656E+002  0.24299933E+003
  0.25131594E+002  0.27661034E-002  0.24299951E+003
  0.12563341E+002  0.25132345E+002  0.24299951E+003
  0.62846164E+001  0.18852350E+002  0.24299951E+003
  0.62838141E+001  0.18849848E+002  0.24300000E+003
  0.12563785E+002  0.12564106E+002  0.24299942E+003
  0.25130266E+002  0.32632777E-004  0.24299971E+003
  0.25134212E+002  0.13054359E-002  0.24299980E+003
  0.12568476E+002  0.12563343E+002  0.24299933E+003
  0.12564964E+002  0.12562172E+002  0.24299904E+003
  0.62807811E+001  0.18847142E+002  0.24299942E+003
  0.12567500E+002  0.12569191E+002  0.24299951E+003
  0.62793743E+001  0.18851855E+002  0.24299904E+003
  0.25131234E+002  0.19075579E-002  0.24299971E+003
  0.25130424E+002  0.91160878E-003  0.24299971E+003
  0.25134853E+002  0.32705701E-002  0.24299922E+003
  0.12567847E+002  0.12564660E+002  0.24299971E+003
  0.12563944E+002  0.12564177E+002  0.24299942E+003
  0.62855568E+001  0.18846208E+002  0.24299913E+003
  0.25129406E+002  0.96554291E-003  0.24299942E+003
  0.12567851E+002  0.12567391E+002  0.24299980E+003
  0.18851363E+002  0.18847286E+002  0.24299962E+003
  0.25135053E+002  0.25129637E+002  0.24299922E+003
  0.62397943E-003  0.12567629E+002  0.24299991E+003
  0.62860067E+001  0.18847520E+002  0.24299942E+003
  0.12566174E+002  0.25131240E+002  0.24299991E+003
  0.25132503E+002  0.40564091E-002  0.24299913E+003
  0.12568593E+002  0.12567567E+002  0.24299971E+003
  0.12569347E+002  0.12563849E+002  0.24299922E+003
  0.18849218E+002  0.18854018E+002  0.24299904E+003
  0.12564592E+002  0.12569102E+002  0.24299942E+003
  0.12568440E+002  0.12567159E+002  0.24299971E+003
  0.12562139E+002  0.12565625E+002  0.24299904E+003
  0.62801361E+001  0.31412838E+002  0.24299904E+003
  0.25133063E+002  0.24476870E-002  0.24299971E+003
  0.12562144E+002  0.12565447E+002  0.24299904E+003
  0.12564088E+002  0.12562572E+002  0.24299904E+003
  0.12564592E+002  0.12564094E+002  0.24299962E+003
  0.62863657E+001  0.18849640E+002  0.24299951E+003
  0.62809159E+001  0.18852378E+002  0.24299933E+003
  0.31411543E+002  0.31415624E+002  0.24299904E+003
  0.12569705E+002  0.25133181E+002  0.24299942E+003
  0.12562547E+002  0.12567510E+002  0.24299922E+003
  0.62867378E+001  0.18851780E+002  0.24299913E+003
  0.62809950E+001  0.18851002E+002  0.24299962E+003
  0.12566740E+002  0.12564622E+002  0.24299980E+003
  0.62809045E+001  0.18849868E+002  0.24299971E+003
  0.62794150E+001  0.18851190E+002  0.24299913E+003
  0.62819157E+001  0.18853826E+002  0.24299904E+003
  0.12566840E+002  0.25136722E+002  0.24299922E+003
  0.12564040E+002  0.12568403E+002  0.24299951E+003
  0.25129025E+002  0.25133417E+002  0.24299933E+003
  0.12570593E+002  0.12566976E+002  0.24299904E+003
  0.12566978E+002  0.12566753E+002  0.24300000E+003
  0.62837746E+001  0.18845376E+002  0.24299913E+003
  0.25132909E+002  0.30807482E-002  0.24299951E+003
  0.12562003E+002  0.12566213E+002  0.24299904E+003
  0.12570094E+002  0.12566256E+002  0.24299933E+003
  0.12562888E+002  0.25132079E+002  0.24299933E+003
  0.18849924E+002  0.62816336E+001  0.24299991E+003
  0.62815943E+001  0.18852673E+002  0.24299942E+003
  0.18847478E+002  0.18849624E+002  0.24299980E+003
  0.62849300E+001  0.18846201E+002  0.24299933E+003
  0.62829965E+001  0.18848273E+002  0.24299991E+003
  0.18386573E-002  0.12567116E+002  0.24299980E+003
  0.62865428E+001  0.18851350E+002  0.24299922E+003
  0.12565891E+002  0.25131388E+002  0.24299991E+003
  0.31411778E+002  0.31415341E+002  0.24299913E+003
  0.12563765E+002  0.12562823E+002  0.24299904E+003
  0.62789196E+001  0.18850022E+002  0.24299904E+003
  0.62819322E+001  0.18851371E+002  0.24299971E+003
  0.62865880E+001  0.18846754E+002  0.24299904E+003
  0.62792537E+001  0.18847543E+002  0.24299904E+003
  0.62800938E+001  0.18846917E+002  0.24299913E+003
  0.12569448E+002  0.12564105E+002  0.24299922E+003
  0.25136242E+002  0.24409427E-002  0.24299904E+003
  0.18848824E+002  0.62870684E+001  0.24299922E+003
  0.62854403E+001  0.18851509E+002  0.24299951E+003
  0.18850106E+002  0.18850745E+002  0.24299991E+003
  0.12567955E+002  0.12563739E+002  0.24299951E+003
  0.12562498E+002  0.12565647E+002  0.24299922E+003
  0.25131751E+002  0.43558596E-002  0.24299904E+003
  0.12570068E+002  0.25134538E+002  0.24299913E+003
  0.12566323E+002  0.12568384E+002  0.24299980E+003
  0.12569261E+002  0.12565465E+002  0.24299951E+003
  0.25128554E+002  0.66991706E-003  0.24299913E+003
  0.12563520E+002  0.12565303E+002  0.24299951E+003
  0.25133040E+002  0.25131886E+002  0.24300000E+003
  0.62811809E+001  0.18846059E+002  0.24299913E+003
  0.12568656E+002  0.12566547E+002  0.24299971E+003
  0.62817549E+001  0.18848817E+002  0.24299991E+003
  0.25132326E+002  0.41669986E-003  0.24300000E+003
  0.62855543E+001  0.62862854E+001  0.24299922E+003
  0.25129991E+002  0.12563709E+002  0.24299922E+003
  0.25129735E+002  0.12565040E+002  0.24299942E+003
  0.17966961E-003  0.12568718E+002  0.24299971E+003
  0.12567834E+002  0.12566688E+002  0.24299991E+003
  0.25132640E+002  0.27128282E-002  0.24299962E+003
  0.12567650E+002  0.12562224E+002  0.24299904E+003
  0.12564743E+002  0.12565995E+002  0.24299991E+003
  0.25135560E+002  0.17720527E-002  0.24299942E+003
  0.12565039E+002  0.12568913E+002  0.24299962E+003
  0.12210713E-002  0.12568136E+002  0.24299980E+003
  0.62834731E+001  0.18848279E+002  0.24299991E+003
  0.12568914E+002  0.12568661E+002  0.24299942E+003
  0.12569994E+002  0.12568750E+002  0.24299904E+003
  0.62829425E+001  0.18845553E+002  0.24299922E+003
  0.12564742E+002  0.12568569E+002  0.24299962E+003
  0.62840684E+001  0.18853537E+002  0.24299913E+003
  0.31412668E+002  0.31413863E+002  0.24299922E+003
  0.12565640E+002  0.25130533E+002  0.24299971E+003
  0.62854930E+001  0.18850303E+002  0.24299971E+003
  0.25130883E+002  0.36394841E-002  0.24299913E+003
  0.62813179E+001  0.18847182E+002  0.24299951E+003
  0.12569199E+002  0.12567406E+002  0.24299951E+003
  0.12566094E+002  0.12568039E+002  0.24299991E+003
  0.62813838E+001  0.18849598E+002  0.24299980E+003
  0.12570419E+002  0.25133138E+002  0.24299913E+003
  0.62819123E+001  0.18845611E+002  0.24299913E+003
  0.12564665E+002  0.12568796E+002  0.24299951E+003
  0.12567153E+002  0.12562588E+002  0.24299922E+003
  0.25128828E+002  0.12566942E+002  0.24299922E+003
  0.12569835E+002  0.12563932E+002  0.24299913E+003
  0.18847013E+002  0.18850146E+002  0.24299962E+003
  0.12568965E+002  0.12568405E+002  0.24299942E+003
  0.25130114E+002  0.16604068E-002  0.24299951E+003
  0.12566504E+002  0.12565408E+002  0.24300000E+003
  0.62812138E+001  0.18851307E+002  0.24299962E+003
  0.12565460E+002  0.12567596E+002  0.24299991E+003
  0.62850955E+001  0.18851693E+002  0.24299962E+003
  0.62826853E+001  0.18853702E+002  0.24299913E+003
  0.25133554E+002  0.27676032E-002  0.24299962E+003
  0.12569317E+002  0.12563974E+002  0.24299922E+003
  0.41790812E-003  0.12569258E+002  0.24299962E+003
  0.12567589E+002  0.12568292E+002  0.24299971E+003
  0.12570113E+002  0.12567403E+002  0.24299922E+003
  0.25130301E+002  0.23307446E-002  0.24299942E+003
  0.12566388E+002  0.12562012E+002  0.24299904E+003
  0.12566985E+002  0.25129609E+002  0.24299951E+003
  0.16608503E-002  0.12568338E+002  0.24299971E+003
  0.25134944E+002  0.12567693E+002  0.24299971E+003
  0.12563743E+002  0.12564135E+002  0.24299942E+003
  0.25134923E+002  0.28090769E-002  0.24299933E+003
  0.62789389E+001  0.18849396E+002  0.24299913E+003
  0.12569065E+002  0.34611580E-002  0.24299904E+003
  0.12567802E+002  0.12563672E+002  0.24299951E+003
  0.12568326E+002  0.12563568E+002  0.24299942E+003
  0.62822826E+001  0.31415743E+002  0.24300000E+003
  0.12565520E+002  0.12562434E+002  0.24299913E+003
  0.12570167E+002  0.25132899E+002  0.24299922E+003
  0.12568121E+002  0.12568063E+002  0.24299971E+003
  0.62815034E+001  0.18849659E+002  0.24299991E+003
  0.12566097E+002  0.25129585E+002  0.24299951E+003
  0.25136798E+002  0.17782570E-002  0.24299904E+003
  0.12564139E+002  0.12569009E+002  0.24299942E+003
  0.25129582E+002  0.48878261E-003  0.24299951E+003
  0.12563714E+002  0.12566486E+002  0.24299962E+003
  0.25129162E+002  0.23811871E-002  0.24299904E+003
  0.12564266E+002  0.12563864E+002  0.24299942E+003
  0.12561929E+002  0.25132946E+002  0.24299904E+003
  0.12568786E+002  0.12567912E+002  0.24299962E+003
  0.62867197E+001  0.18848133E+002  0.24299922E+003
  0.62840921E+001  0.18846814E+002  0.24299962E+003
  0.12566273E+002  0.12565154E+002  0.24299991E+003
  0.12569326E+002  0.12565214E+002  0.24299951E+003
  0.25134820E+002  0.75614175E-003  0.24299971E+003
  0.12567751E+002  0.12563482E+002  0.24299951E+003
  0.62806058E+001  0.18850553E+002  0.24299962E+003
  0.62859587E+001  0.18846098E+002  0.24299904E+003
  0.18848040E+002  0.18848079E+002  0.24299980E+003
  0.31412471E+002  0.62830849E+001  0.24299942E+003
  0.12565472E+002  0.12566819E+002  0.24299991E+003
  0.25133048E+002  0.18021958E-002  0.24299980E+003
  0.25135747E+002  0.26268732E-002  0.24299922E+003
  0.12565120E+002  0.12569418E+002  0.24299942E+003
  0.25133845E+002  0.19737814E-002  0.24299971E+003
  0.12568927E+002  0.21913486E-003  0.24299971E+003
  0.62833710E+001  0.18846977E+002  0.24299962E+003
  0.12570043E+002  0.12564134E+002  0.24299904E+003
  0.12562425E+002  0.12564424E+002  0.24299904E+003
  0.12562504E+002  0.12565273E+002  0.24299922E+003
  0.12565755E+002  0.12568567E+002  0.24299971E+003
  0.18850261E+002  0.62788460E+001  0.24299904E+003
  0.62871904E+001  0.18850393E+002  0.24299913E+003
  0.12567445E+002  0.25136186E+002  0.24299933E+003
  0.12567717E+002  0.12567454E+002  0.24299980E+003
  0.91192088E-003  0.12566895E+002  0.24299991E+003
  0.12568990E+002  0.12563499E+002  0.24299922E+003
  0.12565088E+002  0.25129658E+002  0.24299942E+003
  0.25135788E+002  0.12563823E+002  0.24299922E+003
  0.12567082E+002  0.12562413E+002  0.24299922E+003
  0.12564091E+002  0.12569659E+002  0.24299922E+003
  0.12568987E+002  0.25133185E+002  0.24299962E+003
  0.25136409E+002  0.12566240E+002  0.24299933E+003
  0.12564188E+002  0.12570021E+002  0.24299913E+003
  0.12566725E+002  0.12567443E+002  0.24299991E+003
  0.12564609E+002  0.12570175E+002  0.24299913E+003
  0.12568966E+002  0.12563676E+002  0.24299933E+003
  0.18846135E+002  0.62809249E+001  0.24299913E+003
  0.62855408E+001  0.18846446E+002  0.24299922E+003
  0.18849630E+002  0.18852170E+002  0.24299962E+003
  0.32826024E-002  0.12569108E+002  0.24299904E+003
  0.31415812E+002  0.62860092E+001  0.24299962E+003
  0.62838844E+001  0.18847313E+002  0.24299971E+003
  0.25134907E+002  0.25129766E+002  0.24299933E+003
  0.12565388E+002  0.12565968E+002  0.24299991E+003
  0.25133401E+002  0.30981955E-003  0.24300000E+003
  0.12563214E+002  0.12566618E+002  0.24299951E+003
  0.12565614E+002  0.12565041E+002  0.24299991E+003
  0.62821145E+001  0.18845569E+002  0.24299913E+003
  0.12566819E+002  0.25136264E+002  0.24299933E+003
  0.12569820E+002  0.12564858E+002  0.24299933E+003
  0.16227055E-002  0.12564521E+002  0.24299971E+003
  0.62832546E+001  0.18847275E+002  0.24299971E+003
  0.12569464E+002  0.12563163E+002  0.24299904E+003
  0.62799006E+001  0.18849022E+002  0.24299942E+003
  0.18848519E+002  0.62790615E+001  0.24299913E+003
  0.25131561E+002  0.12568234E+002  0.24299971E+003
  0.25134203E+002  0.15199903E-002  0.24299980E+003
  0.12568028E+002  0.12562316E+002  0.24299904E+003
  0.31414173E+002  0.62818390E+001  0.24299971E+003
  0.25136590E+002  0.15138684E-002  0.24299913E+003
  0.12562624E+002  0.25133748E+002  0.24299922E+003
  0.25129327E+002  0.34072998E-004  0.24299942E+003
  0.12569786E+002  0.12566940E+002  0.24299942E+003
  0.10434150E-002  0.12568951E+002  0.24299962E+003
  0.25133868E+002  0.25136736E+002  0.24299913E+003
  0.62811049E+001  0.18849475E+002  0.24299980E+003
  0.12570144E+002  0.25133968E+002  0.24299922E+003
  0.39055499E-003  0.12563281E+002  0.24299951E+003
  0.62807194E+001  0.62840781E+001  0.24299962E+003
  0.25130262E+002  0.12569358E+002  0.24299922E+003
  0.18852139E+002  0.62838183E+001  0.24299962E+003
  0.12567348E+002  0.25135867E+002  0.24299942E+003
  0.25132774E+002  0.48045898E-004  0.24300000E+003
  0.62832039E+001  0.18846977E+002  0.24299971E+003
  0.12563145E+002  0.12565763E+002  0.24299942E+003
  0.12564658E+002  0.12567555E+002  0.24299980E+003
  0.12567744E+002  0.12570317E+002  0.24299913E+003
  0.12569766E+002  0.25131104E+002  0.24299933E+003
  0.25132882E+002  0.25373390E-002  0.24299971E+003
  0.12565852E+002  0.12570009E+002  0.24299933E+003
  0.12569493E+002  0.12568114E+002  0.24299933E+003
  0.62846912E+001  0.18847786E+002  0.24299971E+003
  0.12569247E+002  0.12565403E+002  0.24299951E+003
  0.12563205E+002  0.12563289E+002  0.24299904E+003
  0.62804887E+001  0.18847604E+002  0.24299942E+003
  0.62822831E+001  0.18846171E+002  0.24299942E+003
  0.25129321E+002  0.14924375E-002  0.24299933E+003
  0.12565675E+002  0.25137136E+002  0.24299904E+003
  0.12567485E+002  0.12568931E+002  0.24299962E+003
  0.12565397E+002  0.25136810E+002  0.24299913E+003
  0.12566732E+002  0.12570512E+002  0.24299913E+003
  0.25134251E+002  0.25128969E+002  0.24299913E+003
  0.12569491E+002  0.12569067E+002  0.24299913E+003
  0.62863293E+001  0.18847610E+002  0.24299933E+003
  0.12567165E+002  0.12562354E+002  0.24299913E+003
  0.12564893E+002  0.12562778E+002  0.24299922E+003
  0.12565019E+002  0.25135390E+002  0.24299951E+003
  0.62804605E+001  0.18852530E+002  0.24299913E+003
  0.12567882E+002  0.25135231E+002  0.24299962E+003
  0.12569158E+002  0.12565461E+002  0.24299951E+003
  0.62821164E+001  0.18847873E+002  0.24299980E+003
  0.62867932E+001  0.18849455E+002  0.24299933E+003
  0.25136907E+002  0.10946812E-002  0.24299904E+003
  0.12566300E+002  0.12566872E+002  0.24300000E+003
  0.25131332E+002  0.45288811E-003  0.24299991E+003
  0.62845213E+001  0.18848795E+002  0.24299991E+003
  0.18850737E+002  0.18852101E+002  0.24299962E+003
  0.18848777E+002  0.18852854E+002  0.24299942E+003
  0.12567655E+002  0.12565144E+002  0.24299980E+003
  0.25129188E+002  0.25134531E+002  0.24299922E+003
  0.25131497E+002  0.12567632E+002  0.24299980E+003
  0.12568764E+002  0.12566842E+002  0.24299971E+003
  0.62833656E+001  0.18848576E+002  0.24299991E+003
  0.62836497E+001  0.62844634E+001  0.24299991E+003
  0.18849613E+002  0.31411705E+002  0.24299913E+003
  0.62861781E+001  0.18850035E+002  0.24299951E+003
  0.12566600E+002  0.12569262E+002  0.24299962E+003
  0.25131215E+002  0.41015546E-002  0.24299904E+003
  0.62840150E+001  0.18852800E+002  0.24299942E+003
  0.27589506E-002  0.12565489E+002  0.24299962E+003
  0.12565930E+002  0.12562739E+002  0.24299933E+003
  0.12566436E+002  0.12568220E+002  0.24299980E+003
  0.62840413E+001  0.18850601E+002  0.24299991E+003
  0.12569135E+002  0.25130635E+002  0.24299942E+003
  0.62808281E+001  0.18852054E+002  0.24299942E+003
  0.25131204E+002  0.31929394E-002  0.24299933E+003
  0.12562309E+002  0.12564833E+002  0.24299904E+003
  0.12563687E+002  0.12565827E+002  0.24299962E+003
  0.62796355E+001  0.18850786E+002  0.24299933E+003
  0.62816444E+001  0.18846459E+002  0.24299942E+003
  0.12568560E+002  0.12564797E+002  0.24299962E+003
  0.12565651E+002  0.12563493E+002  0.24299951E+003
  0.18847070E+002  0.18852716E+002  0.24299922E+003
  0.25131940E+002  0.12568261E+002  0.24299980E+003
  0.12565843E+002  0.25128970E+002  0.24299922E+003
  0.18845606E+002  0.18847683E+002  0.24299904E+003
  0.12565844E+002  0.12562015E+002  0.24299904E+003
  0.25134892E+002  0.36032582E-002  0.24299913E+003
  0.62842777E+001  0.18848788E+002  0.24299991E+003
  0.25136144E+002  0.23546878E-002  0.24299913E+003
  0.25132582E+002  0.42449107E-002  0.24299913E+003
