  0.160488677E+004  0.160619230E+004  0.161188073E+004  0.113962705E+001 -0.188490579E+002  0.176551937E+001
  0.160485608E+004  0.160619230E+004  0.161185004E+004  0.392492634E+000 -0.147206996E+002  0.522475373E+001
  0.160553948E+004  0.160662366E+004  0.161294390E+004  0.112941350E+001 -0.164533611E+002  0.145874985E+001
  0.160520050E+004  0.160662366E+004  0.161260491E+004  0.906441694E+000 -0.941876708E+001  0.641651738E+001
  0.160494675E+004  0.160662366E+004  0.161235116E+004  0.953293857E+000 -0.919842181E+001  0.631581040E+000
  0.160640066E+004  0.160732154E+004  0.161381006E+004  0.986581005E+000 -0.102574459E+002  0.681766930E+001
  0.160633575E+004  0.160732154E+004  0.161374515E+004  0.955241754E+000 -0.185656394E+002  0.404659662E+001
  0.160575206E+004  0.160732154E+004  0.161316146E+004  0.112721685E+001 -0.178540226E+002  0.292539544E+001
  0.160728020E+004  0.160810479E+004  0.161428912E+004  0.111509252E+001 -0.169199995E+002  0.293805440E+001
  0.160726205E+004  0.160810479E+004  0.161427097E+004  0.959787061E+000 -0.185450621E+002  0.403069033E+001
  0.160756133E+004  0.160873204E+004  0.161457524E+004  0.111197266E+001 -0.149152699E+002  0.139552705E+001
  0.160744156E+004  0.160873204E+004  0.161445548E+004  0.116152912E+001 -0.115112183E+002  0.170356977E+001
  0.160857213E+004  0.160921275E+004  0.161489788E+004  0.965683350E+000 -0.188785998E+002  0.441753434E+001
  0.160859062E+004  0.160963431E+004  0.161492136E+004  0.969239684E+000 -0.100063473E+002  0.573073553E+001
  0.160851208E+004  0.160993471E+004  0.161554095E+004  0.118739100E+001 -0.117590562E+002  0.449592335E+000
  0.160792757E+004  0.160993471E+004  0.161495644E+004  0.966265308E+000 -0.187517231E+002  0.685672597E+001
  0.160920996E+004  0.161032659E+004  0.161555068E+004  0.970382972E+000 -0.146815647E+002  0.145049494E+001
  0.160939741E+004  0.161060857E+004  0.161574312E+004  0.109680556E+001 -0.198321561E+002  0.445736668E+001
  0.160855315E+004  0.161086814E+004  0.161629013E+004  0.981585845E+000 -0.191553014E+002  0.727676273E+000
  0.160833189E+004  0.161086814E+004  0.161606887E+004  0.109220124E+001 -0.167481629E+002  0.639435814E+001
  0.160836451E+004  0.161086814E+004  0.161610149E+004  0.979114138E+000 -0.192490610E+002  0.471694311E+001
  0.160851209E+004  0.161086814E+004  0.161624907E+004  0.108929635E+001 -0.189969617E+002  0.173265189E+001
  0.161002831E+004  0.161119967E+004  0.161638399E+004  0.113960470E+001 -0.141800317E+002  0.321735608E+001
  0.161015268E+004  0.161146848E+004  0.161651334E+004  0.108500403E+001 -0.164952365E+002  0.829402344E+000
  0.161047723E+004  0.161170507E+004  0.161684288E+004  0.107951234E+001 -0.162734443E+002  0.540209756E+001
  0.160939559E+004  0.161196085E+004  0.161755799E+004  0.116457576E+001 -0.121114966E+002  0.477435672E+001
  0.160896011E+004  0.161196085E+004  0.161712250E+004  0.107363340E+001 -0.199069744E+002  0.444181273E+001
  0.160933332E+004  0.161196085E+004  0.161749572E+004  0.100239396E+001 -0.165936257E+002  0.327770332E+001
  0.160895211E+004  0.161196085E+004  0.161711451E+004  0.994456526E+000 -0.167818477E+002  0.124282980E+001
  0.160891095E+004  0.161196085E+004  0.161707334E+004  0.993702410E+000 -0.185216415E+002  0.173529216E+001
  0.160915415E+004  0.161196085E+004  0.161731654E+004  0.998419834E+000 -0.174973735E+002  0.324323464E+001
  0.161008396E+004  0.161233867E+004  0.161784588E+004  0.101248508E+001 -0.180509926E+002  0.692120506E+001
  0.161008086E+004  0.161233867E+004  0.161784278E+004  0.101237551E+001 -0.175378717E+002  0.452401944E+001
  0.160989642E+004  0.161233867E+004  0.161765834E+004  0.960464937E+000 -0.154287527E+002  0.555145170E+001
  0.160999638E+004  0.161233867E+004  0.161775830E+004  0.100939238E+001 -0.158391843E+002  0.276841967E+001
  0.161149445E+004  0.161268758E+004  0.161787507E+004  0.101173011E+001 -0.151810541E+002  0.239468864E+001
  0.161047813E+004  0.161295130E+004  0.161796234E+004  0.101731946E+001 -0.181292718E+002  0.184777186E+001
  0.161046022E+004  0.161295130E+004  0.161794443E+004  0.101646833E+001 -0.166832544E+002  0.349779453E+001
  0.161041364E+004  0.161295130E+004  0.161789786E+004  0.105190039E+001 -0.190767727E+002  0.334889664E+001
  0.161165688E+004  0.161317580E+004  0.161804747E+004  0.102220850E+001 -0.173588407E+002  0.919829016E+000
  0.161098823E+004  0.161337289E+004  0.161807696E+004  0.102456614E+001 -0.180215886E+002  0.297807194E+001
  0.161097425E+004  0.161337289E+004  0.161806298E+004  0.102337388E+001 -0.187000116E+002  0.470382221E+001
  0.161119032E+004  0.161354122E+004  0.161897718E+004  0.119224051E+001 -0.127222380E+002  0.539235204E+001
  0.161106117E+004  0.161354122E+004  0.161884803E+004  0.103861231E+001 -0.153701039E+002  0.487653070E+001
  0.161035419E+004  0.161354122E+004  0.161814104E+004  0.103926755E+001 -0.152783256E+002  0.278096202E+001
  0.161068106E+004  0.161354122E+004  0.161846792E+004  0.114278367E+001 -0.113138577E+002  0.313222086E+000
  0.161389466E+004  0.161386275E+004  0.162030021E+004  0.857450353E+000 -0.925656830E+001  0.639528817E+001
  0.161385164E+004  0.161456945E+004  0.162136079E+004  0.885799712E+000 -0.952441230E+001  0.616622387E+001
  0.161373590E+004  0.161456945E+004  0.162124505E+004  0.885712582E+000 -0.915524775E+001  0.283795839E+001
  0.161351928E+004  0.161456945E+004  0.162102843E+004  0.971707197E+000 -0.103888308E+002  0.676976901E+001
  0.161539047E+004  0.161546805E+004  0.162180600E+004  0.101678332E+001 -0.154341750E+002  0.600714407E+001
  0.161547798E+004  0.161612077E+004  0.162189850E+004  0.104561975E+001 -0.109919613E+002  0.525302977E+001
  0.161501466E+004  0.161654159E+004  0.162213331E+004  0.982433409E+000 -0.138128667E+002  0.112419019E+001
  0.161499133E+004  0.161654159E+004  0.162210998E+004  0.971732861E+000 -0.104360642E+002  0.680601571E+001
  0.161627873E+004  0.161690083E+004  0.162380783E+004 -0.435223296E+000 -0.113216853E+002  0.171185086E+001
  0.161531649E+004  0.161690083E+004  0.162284559E+004  0.858125057E+000 -0.901934559E+001  0.332045797E+001
  0.161615801E+004  0.161690083E+004  0.162368711E+004  0.761954197E+000 -0.819033070E+001  0.326371118E+001
  0.161758143E+004  0.161785728E+004  0.162401690E+004  0.114547003E+001 -0.122113673E+002  0.490372206E+001
  0.161752834E+004  0.161841983E+004  0.162466195E+004  0.118281406E+001 -0.124421184E+002  0.291169801E-002
  0.161702998E+004  0.161841983E+004  0.162416359E+004  0.117926292E+001 -0.138083717E+002  0.389289913E+001
  0.161929107E+004  0.161901647E+004  0.162573652E+004  0.119345067E+001 -0.129220285E+002  0.278773833E+001
  0.161928688E+004  0.161985348E+004  0.162643047E+004  0.912752281E+000 -0.138146948E+002  0.168115117E+001
  0.161870990E+004  0.161985348E+004  0.162585348E+004  0.868209832E+000 -0.959554460E+001  0.676340533E+001
  0.162014044E+004  0.162060926E+004  0.162659586E+004  0.116617691E+001 -0.127680005E+002  0.433898211E+000
  0.162066466E+004  0.162109330E+004  0.162781823E+004  0.747168728E+000 -0.818219393E+001  0.301251651E+001
  0.162016292E+004  0.162109330E+004  0.162731648E+004  0.105599983E+001 -0.115249849E+002  0.668036226E+001
  0.162219605E+004  0.162192461E+004  0.162976006E+004  0.931122145E+000 -0.103419396E+002  0.684405382E+001
  0.162144240E+004  0.162192461E+004  0.162900641E+004 -0.423443639E+000 -0.107474115E+002  0.116065515E+001
  0.162149480E+004  0.162192461E+004  0.162905881E+004  0.115173387E+001 -0.126221152E+002  0.503959907E+001
  0.162439039E+004  0.162351710E+004  0.163224707E+004  0.864511209E+000 -0.146502426E+002  0.451303265E+001
  0.162310024E+004  0.162351710E+004  0.163095693E+004  0.934975901E+000 -0.145095126E+002  0.401827245E+001
  0.162264120E+004  0.162351710E+004  0.163049788E+004  0.102165344E+001 -0.110465823E+002  0.484040084E+001
  0.162290661E+004  0.162351710E+004  0.163076329E+004  0.767174572E+000 -0.844855427E+001  0.286042073E+001
  0.162613556E+004  0.162587146E+004  0.163261094E+004  0.103374026E+001 -0.148019909E+002  0.528148086E+001
  0.162728627E+004  0.162670253E+004  0.163376664E+004 -0.402023521E+000 -0.104338292E+002  0.653511851E+001
  0.162734364E+004  0.162772635E+004  0.163382899E+004  0.107518307E+001 -0.135989348E+002  0.214196410E+001
  0.162868302E+004  0.162824432E+004  0.163517336E+004  0.968987960E+000 -0.108079008E+002  0.578011836E+001
  0.162904852E+004  0.162917766E+004  0.163664246E+004  0.115288141E+001 -0.135017926E+002  0.426168684E+001
  0.162886831E+004  0.162917766E+004  0.163646225E+004 -0.377140128E+000 -0.914936373E+001  0.387056409E+001
  0.162854692E+004  0.162917766E+004  0.163614086E+004  0.115592304E+001 -0.133413395E+002  0.408461959E+001
  0.163193425E+004  0.163046508E+004  0.163953318E+004  0.913324813E+000 -0.100931610E+002  0.294253725E+001
  0.163040605E+004  0.163046508E+004  0.163800498E+004 -0.410329390E+000 -0.103249355E+002  0.480846759E+000
  0.163052180E+004  0.163046508E+004  0.163812073E+004  0.109280011E+001 -0.124093053E+002  0.598806272E+001
  0.163326566E+004  0.163310214E+004  0.163977096E+004 -0.373234976E+000 -0.921349028E+001  0.480683706E+001
  0.163355038E+004  0.163387769E+004  0.164006067E+004  0.113610968E+001 -0.145373384E+002  0.692041838E+001
  0.163487159E+004  0.163441843E+004  0.164358409E+004  0.110132537E+001 -0.124712719E+002  0.359703595E+001
  0.163349787E+004  0.163441843E+004  0.164221037E+004  0.957938280E+000 -0.106282076E+002  0.288979658E+001
  0.163485777E+004  0.163441843E+004  0.164357027E+004 -0.344459269E+000 -0.809532704E+001  0.300496782E+001
  0.163185989E+004  0.163441843E+004  0.164057239E+004  0.113905870E+001 -0.133165629E+002  0.432624881E+001
  0.163231004E+004  0.163441843E+004  0.164102254E+004 -0.416841241E+000 -0.113537725E+002  0.525873761E+001
  0.163190386E+004  0.163441843E+004  0.164061636E+004  0.853542390E+000 -0.990845617E+001  0.587953160E+001
  0.163374302E+004  0.163441843E+004  0.164245552E+004 -0.427960711E+000 -0.120776527E+002  0.488023648E+001
  0.163431213E+004  0.163441843E+004  0.164302464E+004  0.936583827E+000 -0.136730965E+002  0.190817058E+001
  0.163391513E+004  0.163441843E+004  0.164262764E+004  0.788414026E+000 -0.931507612E+001  0.514514246E+001
  0.163833972E+004  0.163713239E+004  0.164555313E+004  0.109063450E+001 -0.127500229E+002  0.554293633E+001
  0.163793917E+004  0.163713239E+004  0.164515259E+004  0.111639465E+001 -0.127278283E+002  0.195302359E+001
  0.163936251E+004  0.163916785E+004  0.164658091E+004  0.656596706E+000 -0.843979695E+001  0.640497789E+001
  0.163888671E+004  0.163916785E+004  0.164610511E+004  0.671351841E+000 -0.810689325E+001  0.233338002E+001
  0.164019704E+004  0.164039682E+004  0.164782590E+004 -0.405704015E+000 -0.109391566E+002  0.474340299E+001
  0.163964225E+004  0.164039682E+004  0.164727110E+004  0.110519805E+001 -0.128252502E+002  0.369192222E+001
  0.163979306E+004  0.164039682E+004  0.164742192E+004  0.999413269E+000 -0.112537711E+002  0.268546841E+001
  0.164623775E+004  0.164163360E+004  0.165471888E+004  0.753806706E+000 -0.942478662E+001  0.493892170E+001
  0.164529901E+004  0.164163360E+004  0.165378015E+004  0.853378827E+000 -0.973911991E+001  0.406675665E-002
  0.164286108E+004  0.164163360E+004  0.165134222E+004 -0.377761393E+000 -0.975450012E+001  0.424796793E+001
  0.164122417E+004  0.164163360E+004  0.164970531E+004  0.107409923E+001 -0.128762625E+002  0.625819804E+001
  0.164516327E+004  0.164163360E+004  0.165364441E+004  0.644647164E+000 -0.862506167E+001  0.670709359E+001
  0.164365104E+004  0.164163360E+004  0.165213218E+004  0.767308105E+000 -0.907634994E+001  0.151227869E+001
  0.164112464E+004  0.164163360E+004  0.164960578E+004  0.721523990E+000 -0.898651543E+001  0.522451229E+001
  0.164845976E+004  0.164818011E+004  0.165499998E+004  0.640314851E+000 -0.840101220E+001  0.454354587E+001
  0.164867281E+004  0.164901999E+004  0.165682745E+004  0.497240267E+000 -0.143099597E+002  0.408732837E+001
  0.164725642E+004  0.164901999E+004  0.165541106E+004  0.948064322E+000 -0.115518416E+002  0.663660828E+001
  0.164855747E+004  0.164901999E+004  0.165671211E+004  0.792383990E+000 -0.935018152E+001  0.465660308E+000
  0.164748332E+004  0.164901999E+004  0.165563796E+004  0.971932914E+000 -0.111263807E+002  0.122812729E+001
  0.164852039E+004  0.164901999E+004  0.165667503E+004  0.101906806E+001 -0.117714894E+002  0.155100747E+001
  0.165159141E+004  0.165052758E+004  0.165883475E+004  0.794374826E+000 -0.969576894E+001  0.275144992E+001
  0.165055337E+004  0.165052758E+004  0.165779671E+004 -0.352920891E+000 -0.910255785E+001  0.483002925E+001
  0.165255104E+004  0.165243950E+004  0.165910622E+004 -0.354695914E+000 -0.885793643E+001  0.156780518E+001
  0.165314865E+004  0.165318734E+004  0.166040196E+004  0.773266190E+000 -0.932041540E+001  0.519714220E+000
  0.165270973E+004  0.165318734E+004  0.165996304E+004  0.790057740E+000 -0.947544300E+001  0.720714495E+000
  0.165454710E+004  0.165425705E+004  0.166319170E+004  0.101186249E+001 -0.120397316E+002  0.180709582E+001
  0.165416154E+004  0.165425705E+004  0.166280613E+004  0.103977331E+001 -0.134697924E+002  0.341002603E+001
  0.165294070E+004  0.165425705E+004  0.166158529E+004  0.105085078E+001 -0.136100928E+002  0.418016659E+001
  0.165299015E+004  0.165425705E+004  0.166163474E+004  0.966909226E+000 -0.129626181E+002  0.217436830E+000
  0.165453053E+004  0.165425705E+004  0.166317512E+004  0.100778344E+001 -0.136157264E+002  0.315870435E+001
  0.165368544E+004  0.165425705E+004  0.166233003E+004  0.874820720E+000 -0.103183338E+002  0.489723405E+000
  0.165222674E+004  0.165425705E+004  0.166087133E+004  0.980595546E+000 -0.140439523E+002  0.401380286E+001
  0.165342796E+004  0.165425705E+004  0.166207256E+004 -0.353540525E+000 -0.902472422E+001  0.249283042E+001
  0.165780272E+004  0.165671139E+004  0.166437286E+004  0.100565434E+001 -0.123068828E+002  0.399388112E+001
  0.165734837E+004  0.165808850E+004  0.166461665E+004  0.996176574E+000 -0.139756421E+002  0.419340999E+001
  0.165715550E+004  0.165808850E+004  0.166442377E+004  0.780369452E+000 -0.982575752E+001  0.321003863E+001
  0.165827738E+004  0.165875600E+004  0.166555064E+004  0.101895458E+001 -0.121384413E+002  0.212784363E+000
  0.165767729E+004  0.165875600E+004  0.166495055E+004  0.102034317E+001 -0.121203674E+002  0.224138843E+000
  0.165932298E+004  0.165955940E+004  0.166590808E+004  0.633955542E+000 -0.143414744E+002  0.418588409E+001
  0.165966682E+004  0.166013911E+004  0.166735552E+004  0.530007604E+000 -0.140097445E+002  0.316798847E+001
  0.165843074E+004  0.166013911E+004  0.166611944E+004  0.103288945E+001 -0.143663504E+002  0.662394550E+001
  0.165941000E+004  0.166013911E+004  0.166709871E+004 -0.413446945E+000 -0.120015570E+002  0.308113103E+001
  0.166191525E+004  0.166119042E+004  0.166851033E+004  0.810817634E+000 -0.150182410E+002  0.631511989E+001
  0.166281704E+004  0.166230691E+004  0.167011025E+004  0.651253270E+000 -0.879205159E+001  0.224636165E+001
  0.166233963E+004  0.166230691E+004  0.166963284E+004  0.811390866E+000 -0.103789779E+002  0.380301529E+001
  0.166321119E+004  0.166376888E+004  0.167050939E+004  0.558922754E+000 -0.149571658E+002  0.610988366E+001
  0.166302110E+004  0.166376888E+004  0.167031930E+004  0.704942491E+000 -0.961525029E+001  0.543576339E+001
  0.166406260E+004  0.166452939E+004  0.167067264E+004  0.920216412E+000 -0.149805595E+002  0.668303858E+001
  0.166407094E+004  0.166501421E+004  0.167068596E+004  0.782459560E+000 -0.974841368E+001  0.261660758E+000
  0.166459035E+004  0.166534165E+004  0.167121037E+004  0.647231230E+000 -0.863621441E+001  0.769732411E+000
  0.166543212E+004  0.166572651E+004  0.167205712E+004  0.984333092E+000 -0.127140641E+002  0.574917227E+001
  0.166520546E+004  0.166628113E+004  0.167252859E+004  0.655361506E+000 -0.907827232E+001  0.374330601E+001
  0.166519935E+004  0.166628113E+004  0.167252249E+004 -0.304074823E+000 -0.810519199E+001  0.462953965E+001
  0.166594982E+004  0.166679917E+004  0.167258480E+004  0.100513073E+001 -0.126230512E+002  0.275471309E+001
  0.166678360E+004  0.166715374E+004  0.167411671E+004 -0.359491240E+000 -0.957345132E+001  0.154593943E+001
  0.166672728E+004  0.166715374E+004  0.167406039E+004  0.975185504E+000 -0.126280814E+002  0.538015756E+001
  0.166769005E+004  0.166801848E+004  0.167433500E+004  0.961066417E+000 -0.118784622E+002  0.124211890E+001
  0.166874715E+004  0.166855875E+004  0.167609024E+004  0.716098591E+000 -0.940488326E+001  0.699393125E+000
  0.166835613E+004  0.166855875E+004  0.167569921E+004  0.878448769E+000 -0.115959432E+002  0.606064582E+001
  0.166970638E+004  0.166978329E+004  0.167636131E+004  0.983174452E+000 -0.128091467E+002  0.480735301E+001
  0.166945168E+004  0.167043633E+004  0.167680474E+004  0.981632737E+000 -0.122988348E+002  0.321164842E+000
  0.166915912E+004  0.167043633E+004  0.167651218E+004  0.658000449E+000 -0.888141227E+001  0.404064097E+000
  0.166968217E+004  0.167099218E+004  0.167795652E+004 -0.409875081E+000 -0.119725262E+002  0.567965737E+000
  0.166855182E+004  0.167099218E+004  0.167682617E+004  0.939392140E+000 -0.120949599E+002  0.412591094E+001
  0.166912327E+004  0.167099218E+004  0.167739761E+004  0.950646495E+000 -0.117794907E+002  0.996958546E-001
  0.166889612E+004  0.167099218E+004  0.167717047E+004  0.653111980E+000 -0.923280320E+001  0.379751888E+001
  0.166871322E+004  0.167099218E+004  0.167698756E+004  0.992040202E+000 -0.142539207E+002  0.689653982E+001
  0.167171085E+004  0.167184335E+004  0.167976704E+004  0.785983477E+000 -0.100907779E+002  0.199377534E-001
  0.167119849E+004  0.167184335E+004  0.167925468E+004  0.863316339E+000 -0.149838296E+002  0.665613385E+001
  0.167169396E+004  0.167184335E+004  0.167975015E+004 -0.335620336E+000 -0.911502542E+001  0.302138057E+001
  0.167016996E+004  0.167184335E+004  0.167822615E+004  0.868235844E+000 -0.110674562E+002  0.196055087E+001
  0.167558423E+004  0.167334435E+004  0.168420502E+004  0.866417752E+000 -0.134782946E+002  0.224231565E+001
  0.167217691E+004  0.167334435E+004  0.168079770E+004  0.829434671E+000 -0.107170657E+002  0.146062620E+001
  0.167473201E+004  0.167334435E+004  0.168335279E+004  0.649720940E+000 -0.142893309E+002  0.424839677E+001
  0.167307950E+004  0.167334435E+004  0.168170029E+004 -0.339573658E+000 -0.969081899E+001  0.647827677E+001
  0.167229453E+004  0.167334435E+004  0.168091532E+004 -0.405748603E+000 -0.129800448E+002  0.678569124E+001
  0.167324347E+004  0.167334435E+004  0.168186426E+004  0.919094771E+000 -0.117774076E+002  0.172587303E+001
  0.167517665E+004  0.167334435E+004  0.168379744E+004  0.672531543E+000 -0.942131069E+001  0.177887403E+001
  0.167870466E+004  0.167754032E+004  0.168648314E+004 -0.317599785E+000 -0.858512607E+001  0.960008047E+000
  0.167822016E+004  0.167754032E+004  0.168599864E+004  0.616258159E+000 -0.920310055E+001  0.350531319E+001
  0.167748967E+004  0.167754032E+004  0.168526815E+004  0.548904634E+000 -0.870735152E+001  0.444140030E+001
  0.168010799E+004  0.167989773E+004  0.168817914E+004  0.934940768E+000 -0.123255806E+002  0.166802463E+001
  0.167960389E+004  0.167989773E+004  0.168767503E+004  0.858145869E+000 -0.134357790E+002  0.215548323E+001
  0.167960159E+004  0.167989773E+004  0.168767273E+004  0.667637900E+000 -0.941774411E+001  0.849002356E+000
  0.167922641E+004  0.167989773E+004  0.168729755E+004  0.681670617E+000 -0.135456293E+002  0.186774340E+001
  0.168151274E+004  0.168167462E+004  0.168820258E+004  0.658227688E+000 -0.930174625E+001  0.358775598E+000
  0.168158147E+004  0.168228781E+004  0.168827630E+004  0.691135981E+000 -0.979629906E+001  0.222675819E+001
  0.168169715E+004  0.168268725E+004  0.168839696E+004  0.817154781E+000 -0.111473810E+002  0.346162133E+001
  0.168172036E+004  0.168300184E+004  0.168842516E+004  0.632539731E+000 -0.911614277E+001  0.618200966E+000
  0.168150990E+004  0.168324576E+004  0.168891284E+004  0.931293228E+000 -0.129868699E+002  0.608524607E+001
  0.168114996E+004  0.168324576E+004  0.168855290E+004  0.667620828E+000 -0.970075535E+001  0.314495778E+001
  0.168233955E+004  0.168354641E+004  0.168905433E+004  0.749045918E+000 -0.108572136E+002  0.647544376E+001
  0.168130949E+004  0.168380697E+004  0.168941555E+004  0.913595851E+000 -0.122671026E+002  0.315175587E+001
  0.168109969E+004  0.168380697E+004  0.168920575E+004 -0.345639361E+000 -0.969537677E+001  0.216330057E+001
  0.168095265E+004  0.168380697E+004  0.168905871E+004  0.879257940E+000 -0.130143840E+002  0.843946949E+000
  0.168121880E+004  0.168380697E+004  0.168932487E+004  0.569455770E+000 -0.921070152E+001  0.612567584E+001
  0.168331851E+004  0.168409029E+004  0.169004326E+004  0.928322192E+000 -0.128171886E+002  0.505225669E+001
  0.168349423E+004  0.168446865E+004  0.169022397E+004  0.485371986E+000 -0.830951083E+001  0.396535913E+001
  0.168339304E+004  0.168478749E+004  0.169191953E+004 -0.353465508E+000 -0.101786171E+002  0.318729982E+001
  0.168295317E+004  0.168478749E+004  0.169147966E+004  0.896550566E+000 -0.127215579E+002  0.948082428E-001
  0.168235867E+004  0.168478749E+004  0.169088515E+004  0.499990701E+000 -0.852862363E+001  0.465997882E+001
  0.168184772E+004  0.168478749E+004  0.169037421E+004  0.778638635E+000 -0.111485305E+002  0.598740328E+001
  0.168260860E+004  0.168478749E+004  0.169113509E+004  0.579065510E+000 -0.936490923E+001  0.619242902E+001
  0.168242271E+004  0.168478749E+004  0.169094920E+004 -0.403035885E+000 -0.123862510E+002  0.200188424E+001
  0.168708172E+004  0.168569592E+004  0.169492005E+004  0.803844686E+000 -0.116066819E+002  0.596673873E+001
  0.168470968E+004  0.168569592E+004  0.169254801E+004  0.905221676E+000 -0.123229616E+002  0.316962604E+001
  0.168477575E+004  0.168569592E+004  0.169261408E+004  0.678574583E+000 -0.103070771E+002  0.634005375E+001
  0.168827988E+004  0.168825581E+004  0.169502458E+004 -0.389126917E+000 -0.133170917E+002  0.684261511E+001
  0.168804013E+004  0.168895854E+004  0.169548297E+004  0.827977061E+000 -0.112989962E+002  0.134919416E+001
  0.168778006E+004  0.168895854E+004  0.169522290E+004 -0.352627643E+000 -0.101255843E+002  0.187826328E+001
  0.168849297E+004  0.168954318E+004  0.169594080E+004  0.680712864E+000 -0.105130805E+002  0.683591927E+001
  0.168825597E+004  0.168954318E+004  0.169570379E+004  0.732012731E+000 -0.106334486E+002  0.378916348E+001
  0.168844860E+004  0.169007160E+004  0.169700002E+004  0.623802578E+000 -0.149104330E+002  0.630266969E+001
  0.168796186E+004  0.169007160E+004  0.169651329E+004  0.918116598E+000 -0.136097435E+002  0.472634420E+001
  0.168776917E+004  0.169007160E+004  0.169632059E+004 -0.270069090E+000 -0.835141547E+001  0.644541978E+001
  0.168762176E+004  0.169007160E+004  0.169617319E+004  0.902357178E+000 -0.137928708E+002  0.453042373E+001
  0.168817890E+004  0.169007160E+004  0.169673033E+004  0.890763767E+000 -0.126825700E+002  0.536763017E+001
  0.168816495E+004  0.169007160E+004  0.169671637E+004  0.598325493E+000 -0.939211694E+001  0.308533979E+001
  0.169117923E+004  0.169084998E+004  0.169794389E+004  0.745830827E+000 -0.138238438E+002  0.319384557E+001
  0.169127191E+004  0.169171835E+004  0.169873470E+004  0.547938518E+000 -0.897245302E+001  0.247544416E+001
  0.169104865E+004  0.169171835E+004  0.169851144E+004 -0.391858951E+000 -0.130074925E+002  0.687184385E+001
  0.169257157E+004  0.169253964E+004  0.170003935E+004  0.887301249E+000 -0.124907267E+002  0.318923458E+001
  0.169171084E+004  0.169253964E+004  0.169917861E+004  0.790867226E+000 -0.116742148E+002  0.613980815E+001
  0.169369469E+004  0.169365630E+004  0.170116745E+004  0.455721155E+000 -0.860883974E+001  0.527545423E+001
  0.169267799E+004  0.169365630E+004  0.170015076E+004  0.809123385E+000 -0.148719604E+002  0.676907932E+001
  0.169416516E+004  0.169477730E+004  0.170164291E+004  0.851840066E+000 -0.126093419E+002  0.667593105E+001
  0.169390705E+004  0.169477730E+004  0.170138480E+004  0.472386345E+000 -0.845173802E+001  0.253060352E+001
  0.169543807E+004  0.169550918E+004  0.170222766E+004  0.412477344E+000 -0.815042704E+001  0.384796571E+001
  0.169534244E+004  0.169616500E+004  0.170352331E+004  0.511091840E+000 -0.919680021E+001  0.575566500E+001
  0.169454769E+004  0.169616500E+004  0.170272857E+004  0.479560799E+000 -0.866065075E+001  0.346815864E+001
  0.169422204E+004  0.169616500E+004  0.170240292E+004  0.807209316E+000 -0.137116099E+002  0.326786540E+001
  0.169530563E+004  0.169616500E+004  0.170348650E+004  0.736322483E+000 -0.142079803E+002  0.453248767E+001
  0.169674516E+004  0.169717605E+004  0.170354473E+004 -0.363947289E+000 -0.130670743E+002  0.928425243E+000
  0.169631998E+004  0.169767482E+004  0.170381768E+004  0.857897058E+000 -0.143311238E+002  0.607814229E+001
  0.169618167E+004  0.169767482E+004  0.170367937E+004  0.533472328E+000 -0.892278444E+001  0.148647724E+001
  0.169822449E+004  0.169808918E+004  0.170642033E+004  0.865882248E+000 -0.123351290E+002  0.135346431E+001
  0.169720270E+004  0.169808918E+004  0.170539854E+004  0.566441543E+000 -0.910988261E+001  0.950527145E-001
  0.169611077E+004  0.169808918E+004  0.170430661E+004 -0.391210922E+000 -0.129524017E+002  0.443831215E+001
  0.169570147E+004  0.169808918E+004  0.170389730E+004  0.807651514E+000 -0.119319621E+002  0.508490437E+001
  0.169965929E+004  0.169980420E+004  0.170647382E+004  0.500045171E+000 -0.133250538E+002  0.957299686E+000
  0.169879213E+004  0.170042520E+004  0.170755756E+004  0.874142279E+000 -0.132378060E+002  0.568142070E+001
  0.169855903E+004  0.170042520E+004  0.170732445E+004  0.861991861E+000 -0.125575904E+002  0.331197264E+001
  0.169845369E+004  0.170042520E+004  0.170721912E+004 -0.251285378E+000 -0.815572969E+001  0.449591751E+001
  0.169838656E+004  0.170042520E+004  0.170715199E+004  0.812492522E+000 -0.130283057E+002  0.101699224E+001
  0.169864459E+004  0.170042520E+004  0.170741002E+004  0.845757890E+000 -0.122650560E+002  0.283966067E+001
  0.169804809E+004  0.170042520E+004  0.170681352E+004  0.627714257E+000 -0.101837536E+002  0.459981492E+001
  0.169806321E+004  0.170042520E+004  0.170682863E+004  0.627629110E+000 -0.101835774E+002  0.459997857E+001
  0.170106960E+004  0.170128408E+004  0.170789411E+004  0.468986934E+000 -0.859778611E+001  0.196087317E+001
  0.170165459E+004  0.170187350E+004  0.170987037E+004 -0.238480503E+000 -0.800887368E+001  0.438942913E+001
  0.170070558E+004  0.170187350E+004  0.170892136E+004 -0.308114362E+000 -0.976602394E+001  0.678440274E+001
  0.169998058E+004  0.170187350E+004  0.170819636E+004  0.717997800E+000 -0.113422646E+002  0.657661664E+001
  0.170152100E+004  0.170187350E+004  0.170973679E+004  0.403584318E+000 -0.814584253E+001  0.194343024E+001
  0.170434422E+004  0.170330801E+004  0.171297046E+004  0.776837035E+000 -0.121760505E+002  0.638977050E+001
  0.170214683E+004  0.170330801E+004  0.171077307E+004  0.535189512E+000 -0.927419756E+001  0.222321675E+001
  0.170300877E+004  0.170330801E+004  0.171163501E+004  0.744195384E+000 -0.111650581E+002  0.187953843E+001
  0.170377867E+004  0.170330801E+004  0.171240491E+004 -0.297377231E+000 -0.936322433E+001  0.452706416E+001
  0.170245456E+004  0.170330801E+004  0.171108080E+004 -0.371080165E+000 -0.116247453E+002  0.301227986E+001
  0.170410762E+004  0.170330801E+004  0.171273386E+004 -0.249880313E+000 -0.830581428E+001  0.428369674E+001
  0.170629812E+004  0.170618872E+004  0.171313759E+004  0.398659792E+000 -0.860273971E+001  0.535521891E+001
  0.170639540E+004  0.170693544E+004  0.171323986E+004 -0.297847212E+000 -0.956665531E+001  0.600655941E+001
  0.170653488E+004  0.170739275E+004  0.171338432E+004  0.543785556E+000 -0.953947464E+001  0.312877658E+001
  0.170671845E+004  0.170774478E+004  0.171357288E+004  0.364838770E+000 -0.844520344E+001  0.611376140E+001
  0.170636108E+004  0.170804972E+004  0.171431911E+004  0.844547323E+000 -0.127450046E+002  0.142182616E+001
  0.170603585E+004  0.170804972E+004  0.171399388E+004  0.819267263E+000 -0.120444869E+002  0.102164641E+001
  0.170620621E+004  0.170804972E+004  0.171416424E+004  0.464721470E+000 -0.925949858E+001  0.626620426E+001
  0.170808941E+004  0.170848897E+004  0.171495381E+004 -0.367377081E+000 -0.115361305E+002  0.236517806E+001
  0.170790624E+004  0.170900016E+004  0.171587425E+004  0.561800970E+000 -0.147753179E+002  0.626466382E+001
  0.170767138E+004  0.170900016E+004  0.171563938E+004 -0.271674677E+000 -0.877867249E+001  0.363284777E+001
  0.170753371E+004  0.170900016E+004  0.171550172E+004  0.745662996E+000 -0.137637928E+002  0.348687334E+001
  0.170907423E+004  0.170969316E+004  0.171704722E+004  0.582636532E+000 -0.984783238E+001  0.172267380E+001
  0.170890351E+004  0.170969316E+004  0.171687650E+004  0.751105384E+000 -0.115892863E+002  0.287407089E+001
  0.170817497E+004  0.170969316E+004  0.171614796E+004 -0.267086261E+000 -0.852203744E+001  0.200519551E+001
  0.171021379E+004  0.171065156E+004  0.171819177E+004 -0.270989231E+000 -0.867334433E+001  0.195397039E+001
  0.170991893E+004  0.171065156E+004  0.171789691E+004 -0.283305440E+000 -0.904254554E+001  0.290802571E+001
  0.170942343E+004  0.171065156E+004  0.171740141E+004  0.424270719E+000 -0.862224738E+001  0.229342269E+001
  0.171072499E+004  0.171172547E+004  0.171955526E+004  0.828794476E+000 -0.131657250E+002  0.522236968E+001
  0.171019889E+004  0.171172547E+004  0.171902915E+004 -0.337889705E+000 -0.107673345E+002  0.437406427E+001
  0.171017689E+004  0.171172547E+004  0.171900716E+004  0.801092131E+000 -0.126583595E+002  0.543071408E+001
  0.171033415E+004  0.171172547E+004  0.171916441E+004 -0.258329931E+000 -0.855405320E+001  0.293460995E+001
  0.171028554E+004  0.171172547E+004  0.171911581E+004  0.349382671E+000 -0.142024700E+002  0.447038620E+001
  0.170981432E+004  0.171172547E+004  0.171864458E+004 -0.225782812E+000 -0.837172828E+001  0.672916949E+001
  0.171040885E+004  0.171172547E+004  0.171923912E+004  0.783073735E+000 -0.145531914E+002  0.691804571E+001
  0.171269490E+004  0.171299554E+004  0.171958425E+004  0.439927507E+000 -0.893256153E+001  0.328370396E+001
  0.171293960E+004  0.171354751E+004  0.172052708E+004  0.570738342E+000 -0.982061603E+001  0.124453418E+001
  0.171284459E+004  0.171354751E+004  0.172043207E+004  0.195152264E+000 -0.145551225E+002  0.661569487E+001
  0.171442520E+004  0.171428159E+004  0.172340396E+004  0.435285368E+000 -0.911356119E+001  0.401307036E+001
  0.171209474E+004  0.171428159E+004  0.172107350E+004  0.539521833E+000 -0.100207406E+002  0.528801396E+001
  0.171220080E+004  0.171428159E+004  0.172117956E+004  0.696054667E+000 -0.112285487E+002  0.315285115E+001
  0.171260904E+004  0.171428159E+004  0.172158780E+004  0.398264555E+000 -0.147267918E+002  0.657166251E+001
  0.171291288E+004  0.171428159E+004  0.172189164E+004  0.754898261E+000 -0.115970475E+002  0.733923848E+000
  0.171255418E+004  0.171428159E+004  0.172153294E+004 -0.378391924E+000 -0.124303502E+002  0.457280805E+000
  0.171199892E+004  0.171428159E+004  0.172097768E+004  0.801832468E+000 -0.134799568E+002  0.343215205E+001
  0.171231170E+004  0.171428159E+004  0.172129046E+004  0.719560165E+000 -0.113652265E+002  0.227033252E+001
  0.171656744E+004  0.171660295E+004  0.172347174E+004  0.384263975E+000 -0.840122974E+001  0.108177678E+001
  0.171677667E+004  0.171727605E+004  0.172507226E+004 -0.371577255E+000 -0.125803177E+002  0.479674819E+001
  0.171630785E+004  0.171727605E+004  0.172460344E+004  0.528772748E+000 -0.978528204E+001  0.279968486E+001
  0.171583032E+004  0.171727605E+004  0.172412591E+004  0.724372805E+000 -0.116192729E+002  0.289049648E+001
  0.171528130E+004  0.171727605E+004  0.172357689E+004  0.434398463E+000 -0.911294873E+001  0.401429324E+001
  0.171854020E+004  0.171850439E+004  0.172545448E+004  0.290252978E+000 -0.828924933E+001  0.561649964E+001
  0.171865905E+004  0.171921307E+004  0.172667693E+004 -0.374686968E+000 -0.127143164E+002  0.288234915E+001
  0.171759570E+004  0.171921307E+004  0.172561358E+004  0.553373795E+000 -0.997324838E+001  0.228501747E+001
  0.171803110E+004  0.171921307E+004  0.172604898E+004  0.286684672E+000 -0.828782204E+001  0.562719035E+001
  0.171965730E+004  0.172021198E+004  0.172727470E+004  0.783882273E+000 -0.128470086E+002  0.513750830E+001
  0.171907013E+004  0.172021198E+004  0.172668753E+004  0.794587200E+000 -0.125248422E+002  0.139793326E+001
  0.172048704E+004  0.172097409E+004  0.172741629E+004  0.402896613E+000 -0.881974429E+001  0.230463095E+001
  0.172034399E+004  0.172145118E+004  0.172797137E+004  0.703593395E+000 -0.112914868E+002  0.702647464E+000
  0.172028733E+004  0.172145118E+004  0.172791471E+004  0.529249581E+000 -0.996825266E+001  0.332808001E+001
  0.171984135E+004  0.172195660E+004  0.172897780E+004 -0.236914255E+000 -0.137745389E+002  0.341213854E+001
  0.171923005E+004  0.172195660E+004  0.172836649E+004  0.735674406E+000 -0.129624806E+002  0.907695059E+000
  0.171930618E+004  0.172195660E+004  0.172844262E+004  0.303790493E+000 -0.849501548E+001  0.566191100E+001
  0.171979668E+004  0.172195660E+004  0.172893313E+004  0.416153922E+000 -0.877188266E+001  0.418435227E+000
  0.171921889E+004  0.172195660E+004  0.172835534E+004  0.702656286E+000 -0.112968869E+002  0.691573993E+000
  0.171895252E+004  0.172195660E+004  0.172808896E+004  0.502735416E+000 -0.992239990E+001  0.486768293E+001
  0.171960013E+004  0.172195660E+004  0.172873657E+004 -0.326165725E+000 -0.108715178E+002  0.544039362E+001
  0.171886512E+004  0.172195660E+004  0.172800156E+004 -0.353327568E+000 -0.117920168E+002  0.485415355E+001
  0.171978342E+004  0.172195660E+004  0.172891986E+004  0.279998758E+000 -0.829966219E+001  0.519340732E+001
  0.172236169E+004  0.172268898E+004  0.172930589E+004  0.590130125E+000 -0.105326307E+002  0.313673491E+001
  0.172237750E+004  0.172322973E+004  0.172932669E+004  0.697000116E+000 -0.113949178E+002  0.165160722E+001
  0.172194686E+004  0.172358344E+004  0.172959419E+004  0.676122516E+000 -0.115296587E+002  0.434417942E+001
  0.172184326E+004  0.172358344E+004  0.172949059E+004  0.243184585E+000 -0.810998273E+001  0.544105841E+001
  0.172227343E+004  0.172391083E+004  0.173061890E+004  0.773832510E+000 -0.139444584E+002  0.649627536E+001
  0.172127179E+004  0.172391083E+004  0.172961725E+004  0.756738719E+000 -0.142168465E+002  0.654637706E+001
  0.172166430E+004  0.172391083E+004  0.173000977E+004  0.652533217E+000 -0.144982588E+002  0.600748885E+001
  0.172223017E+004  0.172391083E+004  0.173057563E+004  0.290942310E+000 -0.801235910E+001  0.133113328E+001
  0.172367876E+004  0.172448411E+004  0.173174153E+004  0.309608274E+000 -0.844249580E+001  0.371330392E+001
  0.172322680E+004  0.172448411E+004  0.173128957E+004  0.470062359E+000 -0.939334895E+001  0.141024737E+001
  0.172286111E+004  0.172448411E+004  0.173092387E+004  0.289932759E+000 -0.801796748E+001  0.132972723E+001
  0.172486927E+004  0.172533175E+004  0.173183841E+004  0.740034928E+000 -0.133654284E+002  0.267741189E+001
  0.172401496E+004  0.172581823E+004  0.173237539E+004  0.368892960E+000 -0.865164491E+001  0.148519517E+001
  0.172365675E+004  0.172581823E+004  0.173201718E+004  0.557757369E+000 -0.107951201E+002  0.699564993E+001
  0.172348576E+004  0.172581823E+004  0.173184618E+004  0.770060202E+000 -0.135056415E+002  0.394000998E+001
  0.172355317E+004  0.172581823E+004  0.173191360E+004  0.367943302E+000 -0.853780227E+001  0.658859664E+000
  0.172506105E+004  0.172632249E+004  0.173342646E+004 -0.362937152E+000 -0.121361171E+002  0.227132615E+001
  0.172492337E+004  0.172632249E+004  0.173328879E+004 -0.168878967E+000 -0.814429161E+001  0.645093697E+001
  0.172494843E+004  0.172632249E+004  0.173331385E+004  0.417846223E+000 -0.894609301E+001  0.441054514E+000
  0.172486333E+004  0.172632249E+004  0.173322874E+004  0.277250606E+000 -0.855988671E+001  0.631820317E+001
  0.172553777E+004  0.172707736E+004  0.173362049E+004  0.458811547E+000 -0.984253811E+001  0.557959311E+001
  0.172553467E+004  0.172707736E+004  0.173361739E+004 -0.333920398E+000 -0.112953183E+002  0.509416665E+001
  0.172546708E+004  0.172707736E+004  0.173354980E+004  0.357580108E+000 -0.885327312E+001  0.371751158E+001
  0.172668627E+004  0.172757218E+004  0.173436851E+004  0.695726559E+000 -0.144533596E+002  0.656760507E+001
  0.172644513E+004  0.172757218E+004  0.173412738E+004  0.565937806E+000 -0.133619691E+002  0.160858779E+001
  0.172678708E+004  0.172817134E+004  0.173447431E+004  0.423255737E-001 -0.140642752E+002  0.417466894E+001
  0.172672293E+004  0.172817134E+004  0.173441016E+004  0.597735086E+000 -0.105285712E+002  0.809092171E+000
  0.172683740E+004  0.172857582E+004  0.173562822E+004  0.733884275E+000 -0.121158615E+002  0.158879289E+001
  0.172617521E+004  0.172857582E+004  0.173496603E+004  0.244244639E+000 -0.135419754E+002  0.181034913E+001
  0.172670886E+004  0.172857582E+004  0.173549968E+004  0.573825758E+000 -0.145261732E+002  0.604525533E+001
  0.172574324E+004  0.172857582E+004  0.173453406E+004 -0.358525215E+000 -0.119424689E+002  0.205314042E+001
  0.172683257E+004  0.172857582E+004  0.173562340E+004 -0.329324653E+000 -0.113989185E+002  0.657172270E+001
  0.172595253E+004  0.172857582E+004  0.173474336E+004  0.223037681E+000 -0.132357290E+002  0.514181599E+000
  0.172873081E+004  0.172929343E+004  0.173734430E+004  0.731429935E+000 -0.124687044E+002  0.388334020E+001
  0.172763710E+004  0.172929343E+004  0.173625059E+004  0.704464347E+000 -0.143621680E+002  0.661191234E+001
  0.172814768E+004  0.172929343E+004  0.173676117E+004  0.392827602E+000 -0.908282986E+001  0.232447711E+001
  0.172782937E+004  0.172929343E+004  0.173644286E+004  0.423800684E+000 -0.961024092E+001  0.506672104E+001
  0.172752312E+004  0.172929343E+004  0.173613662E+004  0.489766801E+000 -0.994145702E+001  0.334384925E+001
  0.173032605E+004  0.173063744E+004  0.173802824E+004  0.360205256E+000 -0.865961089E+001  0.274144278E+000
  0.172982019E+004  0.173063744E+004  0.173752238E+004  0.326253723E+000 -0.855001341E+001  0.170266783E+001
  0.173111015E+004  0.173153661E+004  0.173812418E+004  0.406100635E+000 -0.906164739E+001  0.740832058E+000
  0.173034284E+004  0.173203712E+004  0.173846047E+004  0.377934225E+000 -0.885518615E+001  0.708840810E+000
  0.173004801E+004  0.173203712E+004  0.173816564E+004  0.719480747E+000 -0.120541357E+002  0.153029094E+001
  0.173033630E+004  0.173203712E+004  0.173845393E+004  0.193500223E+000 -0.808811740E+001  0.493617068E+001
  0.173082635E+004  0.173247438E+004  0.173923665E+004  0.641962099E+000 -0.111928774E+002  0.121573860E+001
  0.173023019E+004  0.173247438E+004  0.173864049E+004  0.670993702E+000 -0.115150793E+002  0.158219657E+001
  0.173037423E+004  0.173247438E+004  0.173878453E+004  0.568088751E+000 -0.107218876E+002  0.332896873E+001
  0.173024211E+004  0.173247438E+004  0.173865241E+004  0.689609109E+000 -0.117422494E+002  0.173888426E+001
  0.173237082E+004  0.173304303E+004  0.174078611E+004 -0.242756144E+000 -0.922062073E+001  0.455399032E+001
  0.173143190E+004  0.173304303E+004  0.173984719E+004  0.748740696E+000 -0.135578973E+002  0.493649590E+001
  0.173161703E+004  0.173304303E+004  0.174003232E+004  0.542987385E+000 -0.103097697E+002  0.130816176E+001
  0.173201367E+004  0.173304303E+004  0.174042896E+004  0.645296392E+000 -0.116257043E+002  0.397711547E+001
  0.173378289E+004  0.173415230E+004  0.174151002E+004 -0.350280958E+000 -0.122596049E+002  0.480607246E+001
  0.173357350E+004  0.173415230E+004  0.174130063E+004  0.417240998E+000 -0.993596580E+001  0.690150867E+001
  0.173502466E+004  0.173501747E+004  0.174367306E+004 -0.279498434E+000 -0.103015221E+002  0.669292999E+001
  0.173455042E+004  0.173501747E+004  0.174319882E+004  0.553098386E+000 -0.109168484E+002  0.467065386E+001
  0.173313314E+004  0.173501747E+004  0.174178154E+004  0.425591013E+000 -0.146876229E+002  0.695019625E+001
  0.173321100E+004  0.173501747E+004  0.174185941E+004  0.383122633E+000 -0.907754104E+001  0.126045315E+001
  0.173476832E+004  0.173501747E+004  0.174341673E+004  0.284602593E+000 -0.838905349E+001  0.915752153E+000
  0.173704171E+004  0.173681106E+004  0.174408567E+004  0.666593567E+000 -0.118619001E+002  0.276836871E+001
  0.173757602E+004  0.173762339E+004  0.174531811E+004 -0.301477614E+000 -0.102169111E+002  0.450626845E+000
  0.173675199E+004  0.173762339E+004  0.174449409E+004 -0.162658270E+000 -0.830999475E+001  0.480737111E+001
  0.173772303E+004  0.173868740E+004  0.174587557E+004  0.700113887E+000 -0.121577522E+002  0.102981204E+001
  0.173768199E+004  0.173868740E+004  0.174583454E+004  0.666805112E+000 -0.125184390E+002  0.686564601E+001
  0.173754168E+004  0.173868740E+004  0.174569423E+004  0.574028409E+000 -0.108273045E+002  0.145913146E+001
  0.173826337E+004  0.173944726E+004  0.174601543E+004  0.674813758E+000 -0.124568384E+002  0.572246143E+001
  0.173816040E+004  0.173944726E+004  0.174591246E+004  0.697378979E+000 -0.121287150E+002  0.110754817E+001
  0.173904513E+004  0.173992295E+004  0.174610904E+004  0.591185723E+000 -0.110853136E+002  0.211732462E+001
  0.173776864E+004  0.174026910E+004  0.174644697E+004  0.142899274E+000 -0.811479731E+001  0.485970571E+001
  0.173775990E+004  0.174026910E+004  0.174643823E+004  0.659941496E+000 -0.119040043E+002  0.283585169E+001
  0.173763893E+004  0.174026910E+004  0.174631726E+004  0.676344838E+000 -0.117646199E+002  0.400186810E-001
  0.173776574E+004  0.174026910E+004  0.174644408E+004 -0.217274114E+000 -0.864084662E+001  0.115878982E+001
  0.173768449E+004  0.174026910E+004  0.174636282E+004 -0.259656638E+000 -0.938120604E+001  0.124969337E+001
  0.173944369E+004  0.174061141E+004  0.174859701E+004  0.570454040E+000 -0.113251268E+002  0.487273081E+001
  0.173907591E+004  0.174061141E+004  0.174822924E+004 -0.246023109E+000 -0.949421588E+001  0.405303522E+001
  0.173888371E+004  0.174061141E+004  0.174803704E+004  0.377377099E+000 -0.945367957E+001  0.305812919E+001
  0.173745269E+004  0.174061141E+004  0.174660602E+004  0.378449612E+000 -0.967762895E+001  0.551205308E+001
  0.173810002E+004  0.174061141E+004  0.174725334E+004 -0.346517875E+000 -0.130740797E+002  0.222851981E+001
  0.173916320E+004  0.174061141E+004  0.174831653E+004 -0.347995425E+000 -0.130931678E+002  0.585757055E+001
  0.173762801E+004  0.174061141E+004  0.174678134E+004  0.454650840E+000 -0.100863770E+002  0.373084997E+001
  0.173870278E+004  0.174061141E+004  0.174785610E+004  0.566454146E+000 -0.113719961E+002  0.580657249E+001
  0.174160984E+004  0.174185736E+004  0.174938186E+004  0.394060003E+000 -0.135130984E+002  0.200622446E+001
  0.174110049E+004  0.174185736E+004  0.174887251E+004  0.691649166E+000 -0.135088937E+002  0.371879617E+001
  0.174170202E+004  0.174279490E+004  0.175017217E+004 -0.345829294E+000 -0.131075303E+002  0.587761399E+001
  0.174129997E+004  0.174279490E+004  0.174977012E+004  0.532089904E+000 -0.105123045E+002  0.680406223E+000
  0.174106800E+004  0.174279490E+004  0.174953815E+004 -0.231285756E+000 -0.917972546E+001  0.307070722E+001
  0.174152959E+004  0.174279490E+004  0.174999974E+004  0.680494780E+000 -0.120348694E+002  0.113642282E+000
  0.174320882E+004  0.174364263E+004  0.175029766E+004  0.373918849E+000 -0.931629101E+001  0.128577760E+001
  0.174294671E+004  0.174414025E+004  0.175073369E+004  0.393281548E+000 -0.982419283E+001  0.444776036E+001
  0.174260935E+004  0.174414025E+004  0.175039632E+004 -0.295309253E+000 -0.102399782E+002  0.425929249E+000
  0.174319292E+004  0.174461230E+004  0.175098489E+004  0.478089202E+000 -0.101465298E+002  0.114127339E+001
  0.174299853E+004  0.174461230E+004  0.175079050E+004  0.394173412E+000 -0.983411666E+001  0.445694100E+001
  0.174402969E+004  0.174500523E+004  0.175182664E+004 -0.804148174E-001 -0.826728938E+001  0.679930541E+001
  0.174353695E+004  0.174500523E+004  0.175133391E+004 -0.105086873E+000 -0.809464356E+001  0.438406341E+001
  0.174417089E+004  0.174556498E+004  0.175307145E+004  0.612887099E+000 -0.120521451E+002  0.559077612E+001
  0.174372613E+004  0.174556498E+004  0.175262669E+004 -0.771206279E-001 -0.828722906E+001  0.682371580E+001
  0.174366582E+004  0.174556498E+004  0.175256638E+004 -0.334855418E+000 -0.133682724E+002  0.699380641E+001
  0.174412817E+004  0.174556498E+004  0.175302873E+004  0.188311882E+000 -0.810206896E+001  0.481736980E+000
  0.174313537E+004  0.174556498E+004  0.175203592E+004 -0.197195194E+000 -0.916325253E+001  0.662834940E+001
  0.174412774E+004  0.174556498E+004  0.175302829E+004  0.698887675E+000 -0.135228738E+002  0.521732158E+001
  0.174551852E+004  0.174647362E+004  0.175332545E+004 -0.221232315E+000 -0.958325878E+001  0.697611423E+001
  0.174540548E+004  0.174647362E+004  0.175321241E+004 -0.215181230E+000 -0.931662989E+001  0.539524210E+001
  0.174541270E+004  0.174704218E+004  0.175432323E+004 -0.122121502E+000 -0.829809410E+001  0.436019794E+001
  0.174468997E+004  0.174704218E+004  0.175360050E+004  0.197703884E+000 -0.815778572E+001  0.331580357E+000
  0.174458917E+004  0.174704218E+004  0.175349970E+004 -0.333901475E+000 -0.133669396E+002  0.699507810E+001
  0.174474676E+004  0.174704218E+004  0.175365729E+004  0.315192334E+000 -0.898991611E+001  0.109903003E+001
  0.174525317E+004  0.174704218E+004  0.175416369E+004  0.668209924E+000 -0.126236523E+002  0.452563590E+001
  0.174444878E+004  0.174704218E+004  0.175335931E+004  0.165835208E+000 -0.833561477E+001  0.358708240E+001
  0.174723597E+004  0.174781706E+004  0.175435972E+004 -0.273338094E+000 -0.992529968E+001  0.961089281E+000
  0.174662572E+004  0.174825950E+004  0.175444761E+004  0.640020582E+000 -0.118040099E+002  0.792077420E+000
  0.174660284E+004  0.174825950E+004  0.175442473E+004  0.666586265E+000 -0.121532719E+002  0.827152966E+000
  0.174694174E+004  0.174858768E+004  0.175476862E+004  0.411148724E+000 -0.101697064E+002  0.498350202E+001
  0.174689531E+004  0.174858768E+004  0.175472219E+004 -0.142863835E+000 -0.852967236E+001  0.500250651E+001
  0.174768006E+004  0.174891247E+004  0.175481878E+004  0.381174836E+000 -0.960735544E+001  0.195122189E+001
  0.174732778E+004  0.174916722E+004  0.175516464E+004 -0.331476766E+000 -0.133875389E+002  0.699806416E+001
  0.174718289E+004  0.174916722E+004  0.175501975E+004  0.161824271E+000 -0.831335310E+001  0.301349816E+001
  0.174804096E+004  0.174944200E+004  0.175518966E+004  0.353854618E-001 -0.800857278E+001  0.413451392E+001
  0.174750720E+004  0.174966122E+004  0.175535403E+004 -0.829303687E-001 -0.818319184E+001  0.476998241E+001
  0.174749683E+004  0.174966122E+004  0.175534366E+004 -0.213749118E+000 -0.951814264E+001  0.672727144E+001
  0.174838780E+004  0.174986895E+004  0.175554647E+004  0.487167588E+000 -0.131727079E+002  0.963069094E+000
  0.174831919E+004  0.175007291E+004  0.175742876E+004 -0.835452029E-001 -0.842010846E+001  0.623381824E+001
  0.174803761E+004  0.175007291E+004  0.175714718E+004 -0.310221641E+000 -0.135630940E+002  0.413955963E+001
  0.174778486E+004  0.175007291E+004  0.175689443E+004 -0.109673458E+000 -0.856979986E+001  0.667405485E+001
  0.174819359E+004  0.175007291E+004  0.175730316E+004  0.651390998E+000 -0.121369357E+002  0.117076601E+001
  0.174729637E+004  0.175007291E+004  0.175640594E+004 -0.264791574E+000 -0.130992457E+002  0.585428519E+000
  0.174790657E+004  0.175007291E+004  0.175701614E+004 -0.334781855E+000 -0.123461189E+002  0.503603146E+001
  0.174704384E+004  0.175007291E+004  0.175615341E+004  0.330704110E+000 -0.961649404E+001  0.500791547E+001
  0.175034999E+004  0.175086403E+004  0.175751863E+004  0.649597095E+000 -0.122302656E+002  0.210600660E+001
  0.175030230E+004  0.175133097E+004  0.175816908E+004 -0.895987783E-001 -0.808516705E+001  0.269112432E+001
  0.175015283E+004  0.175133097E+004  0.175801961E+004  0.638802231E+000 -0.124578984E+002  0.462604117E+001
  0.175054963E+004  0.175186828E+004  0.175842139E+004  0.611767732E+000 -0.117060514E+002  0.114642821E+001
  0.175034117E+004  0.175186828E+004  0.175821294E+004 -0.711661713E-001 -0.847716068E+001  0.689051698E+001
  0.175056467E+004  0.175229507E+004  0.175884689E+004 -0.302664817E+000 -0.136036751E+002  0.416563518E+001
  0.175053661E+004  0.175229507E+004  0.175881883E+004  0.511956553E+000 -0.107537823E+002  0.128446836E+001
  0.175036518E+004  0.175229507E+004  0.175864740E+004 -0.165277066E+000 -0.873993167E+001  0.382108542E+001
  0.175073187E+004  0.175271968E+004  0.175901908E+004 -0.133834591E+000 -0.875108818E+001  0.623157764E+001
  0.175070002E+004  0.175271968E+004  0.175898723E+004  0.413421738E+000 -0.100646649E+002  0.247072021E+001
  0.175061308E+004  0.175271968E+004  0.175890029E+004 -0.193170693E+000 -0.890689799E+001  0.245712541E+001
  0.175217514E+004  0.175306252E+004  0.175936873E+004  0.154260763E+000 -0.827271676E+001  0.153190550E+001
  0.175248506E+004  0.175340589E+004  0.175968363E+004  0.362422774E+000 -0.977241140E+001  0.313770264E+001
  0.175187636E+004  0.175373965E+004  0.175977307E+004  0.133359991E+000 -0.808165600E+001  0.517027453E+000
  0.175183195E+004  0.175373965E+004  0.175972865E+004  0.114405756E+000 -0.811706547E+001  0.157278566E+001
  0.175212574E+004  0.175400874E+004  0.176094372E+004  0.638817909E+000 -0.121700983E+002  0.118927775E+001
  0.175194708E+004  0.175400874E+004  0.176076506E+004  0.328604998E+000 -0.974166057E+001  0.476086459E+001
  0.175192069E+004  0.175400874E+004  0.176073868E+004 -0.314120701E+000 -0.128763744E+002  0.364718078E+000
  0.175121257E+004  0.175400874E+004  0.176003055E+004  0.485347740E+000 -0.105940043E+002  0.153502231E+001
  0.175102522E+004  0.175400874E+004  0.175984320E+004  0.207211587E+000 -0.863388244E+001  0.213681080E+001
  0.175395126E+004  0.175457228E+004  0.176116479E+004 -0.173966501E+000 -0.920695270E+001  0.646529753E+001
  0.175331074E+004  0.175500063E+004  0.176191556E+004 -0.454603949E-001 -0.817430541E+001  0.345080958E+001
  0.175310291E+004  0.175500063E+004  0.176170772E+004  0.464177669E+000 -0.109348868E+002  0.545643784E+001
  0.175287804E+004  0.175500063E+004  0.176148285E+004 -0.280900180E+000 -0.108553568E+002  0.544349958E+001
  0.175290472E+004  0.175500063E+004  0.176150953E+004 -0.125039577E+000 -0.858519874E+001  0.443578984E+001
  0.175475563E+004  0.175555134E+004  0.176197914E+004  0.341385642E+000 -0.949150824E+001  0.121948429E+001
  0.175426310E+004  0.175592223E+004  0.176259021E+004 -0.183081004E+000 -0.915365621E+001  0.459011732E+001
  0.175412882E+004  0.175592223E+004  0.176245593E+004 -0.211760762E+000 -0.946711740E+001  0.415787108E+001
  0.175412042E+004  0.175592223E+004  0.176244752E+004  0.125923924E+000 -0.867596005E+001  0.537317936E+001
  0.175462715E+004  0.175637208E+004  0.176380655E+004  0.219144573E+000 -0.131613685E+002  0.435706466E+000
  0.175421812E+004  0.175637208E+004  0.176339751E+004  0.657146395E+000 -0.130708107E+002  0.451255704E+001
  0.175372472E+004  0.175637208E+004  0.176290411E+004  0.969255425E-001 -0.815677593E+001  0.147307809E+001
  0.175402961E+004  0.175637208E+004  0.176320900E+004 -0.312499386E+000 -0.112736480E+002  0.972877565E+000
  0.175444301E+004  0.175637208E+004  0.176362240E+004 -0.558199384E-001 -0.803792077E+001  0.144087451E+001
  0.175438156E+004  0.175637208E+004  0.176356095E+004  0.148917603E+000 -0.875738427E+001  0.481883656E+001
  0.175449200E+004  0.175637208E+004  0.176367139E+004  0.157672664E+000 -0.835240063E+001  0.683740667E+000
  0.175661443E+004  0.175716802E+004  0.176385290E+004 -0.331241179E+000 -0.126641707E+002  0.562772277E+001
  0.175585156E+004  0.175762038E+004  0.176504093E+004  0.910365914E-001 -0.805886249E+001  0.475180750E-001
  0.175507403E+004  0.175762038E+004  0.176426340E+004  0.351013452E+000 -0.100759220E+002  0.515943673E+001
  0.175484871E+004  0.175762038E+004  0.176403808E+004 -0.256778656E-001 -0.836847849E+001  0.475844432E+001
  0.175541045E+004  0.175762038E+004  0.176459982E+004  0.596385345E+000 -0.117146332E+002  0.166958221E+000
  0.175574563E+004  0.175762038E+004  0.176493500E+004 -0.748126710E-002 -0.817925241E+001  0.279090148E+001
  0.175466461E+004  0.175762038E+004  0.176385398E+004  0.543205585E+000 -0.111035305E+002  0.801940127E-001
  0.175569437E+004  0.175762038E+004  0.176488374E+004  0.224819378E-001 -0.804307699E+001  0.139602048E+001
  0.175667862E+004  0.175840328E+004  0.176600650E+004 -0.109542367E+000 -0.862563825E+001  0.416635279E+001
  0.175618362E+004  0.175840328E+004  0.176551151E+004  0.410821103E+000 -0.102075235E+002  0.178017884E+001
  0.175643147E+004  0.175840328E+004  0.176575936E+004  0.218742143E+000 -0.896478356E+001  0.259608777E+001
  0.175621442E+004  0.175840328E+004  0.176554231E+004  0.295431627E+000 -0.939811516E+001  0.215376984E+001
  0.175622318E+004  0.175840328E+004  0.176555107E+004 -0.173908242E+000 -0.892244815E+001  0.240271464E+001
  0.175590763E+004  0.175840328E+004  0.176523552E+004 -0.268839428E+000 -0.102671949E+002  0.136730043E+001
  0.175626755E+004  0.175840328E+004  0.176559544E+004  0.457084443E+000 -0.109922861E+002  0.517479800E+001
  0.175608520E+004  0.175840328E+004  0.176541309E+004 -0.152713584E+000 -0.899461828E+001  0.497099663E+001
  0.175756213E+004  0.175928654E+004  0.176620186E+004  0.181710455E+000 -0.860774477E+001  0.107048307E+001
  0.175742476E+004  0.175928654E+004  0.176606448E+004  0.287193519E+000 -0.956630549E+001  0.403623238E+001
  0.175738654E+004  0.175928654E+004  0.176602627E+004  0.635931397E+000 -0.126178973E+002  0.279405122E+001
  0.175751351E+004  0.175928654E+004  0.176615324E+004 -0.207025720E+000 -0.974064458E+001  0.604621468E+001
  0.175836029E+004  0.175982278E+004  0.176722815E+004  0.351264197E+000 -0.101787234E+002  0.508938354E+001
  0.175806539E+004  0.175982278E+004  0.176693325E+004 -0.125459585E+000 -0.896256254E+001  0.607241757E+001
  0.175790169E+004  0.175982278E+004  0.176676955E+004  0.257588493E+000 -0.947296884E+001  0.473272728E+001
  0.175743578E+004  0.175982278E+004  0.176630364E+004 -0.552893095E-001 -0.813627631E+001  0.146399940E+001
  0.175767408E+004  0.175982278E+004  0.176654194E+004  0.317250839E+000 -0.948297025E+001  0.121043132E+001
  0.176002729E+004  0.176058943E+004  0.176729070E+004  0.667895564E-001 -0.829617103E+001  0.213958191E+001
  0.175951477E+004  0.176103869E+004  0.176747631E+004  0.397673380E+000 -0.104842981E+002  0.452096101E+001
  0.175939872E+004  0.176103869E+004  0.176736026E+004  0.298262063E+000 -0.979833330E+001  0.504104816E+001
  0.176026661E+004  0.176139884E+004  0.176754000E+004 -0.927243547E-001 -0.846051032E+001  0.290041455E+001
  0.176039539E+004  0.176167701E+004  0.176767376E+004  0.330440108E+000 -0.101176169E+002  0.577635494E+001
  0.175956954E+004  0.176192090E+004  0.176795151E+004  0.439819175E+000 -0.108579014E+002  0.453686721E+001
  0.175949129E+004  0.176192090E+004  0.176787326E+004  0.348684291E+000 -0.101896662E+002  0.514783597E+001
  0.175952401E+004  0.176192090E+004  0.176790598E+004  0.372677096E+000 -0.143288815E+002  0.607911400E+001
  0.175995317E+004  0.176217111E+004  0.176862781E+004 -0.169733635E+000 -0.897492128E+001  0.225694955E+001
  0.175976213E+004  0.176217111E+004  0.176843677E+004 -0.866528570E-001 -0.859036102E+001  0.402813630E+001
  0.175952665E+004  0.176217111E+004  0.176820129E+004  0.500816985E+000 -0.130066057E+002  0.608364913E+000
  0.175982446E+004  0.176217111E+004  0.176849910E+004 -0.147168525E+000 -0.854227518E+001  0.223859159E+000
  0.176072945E+004  0.176253100E+004  0.176912140E+004  0.644877292E-001 -0.855345775E+001  0.394762632E+001
  0.176035842E+004  0.176253100E+004  0.176875036E+004  0.217110504E+000 -0.892938133E+001  0.136544017E+001
  0.176045594E+004  0.176253100E+004  0.176884789E+004  0.411339963E+000 -0.131548043E+002  0.864646993E+000
