 -0.105001562E+000 -0.970951532E+001  0.541850517E+001  0.179284924E+004
 -0.315477453E+000 -0.126219487E+002  0.448367553E+000  0.177993086E+004
 -0.632552733E-001 -0.101495468E+002  0.672148521E+001  0.180553664E+004
  0.996678118E-001 -0.121927102E+002  0.349472457E+001  0.186296771E+004
  0.564656379E+000 -0.132694346E+002  0.540152774E+001  0.178613988E+004
  0.264727040E+000 -0.107624152E+002  0.251876258E+001  0.180718555E+004
  0.133817874E+000 -0.100358903E+002  0.938620769E-001  0.181496442E+004
  0.553242889E-002 -0.915756959E+001  0.613014946E+001  0.178182146E+004
  0.172875232E+000 -0.131392475E+002  0.160635546E+001  0.184548015E+004
 -0.315034213E-001 -0.117390968E+002  0.689868445E+001  0.184787415E+004
 -0.179178869E+000 -0.133957085E+002  0.478776397E+001  0.184837946E+004
 -0.198390531E-001 -0.930409276E+001  0.395945149E+001  0.179240346E+004
 -0.181847261E+000 -0.113436747E+002  0.214127248E+001  0.182929014E+004
  0.902845488E-001 -0.973127340E+001  0.446869706E+001  0.179800431E+004
 -0.900861797E-001 -0.135955730E+002  0.318836729E+001  0.182702216E+004
  0.971948280E-001 -0.112729282E+002  0.836742045E+000  0.184940856E+004
  0.161362535E+000 -0.138394052E+002  0.474408911E+001  0.183821459E+004
 -0.486291391E-001 -0.106497105E+002  0.482013317E+001  0.182580036E+004
 -0.159832525E+000 -0.116487242E+002  0.802377510E+000  0.184690956E+004
  0.255791433E-001 -0.112772149E+002  0.531260830E+001  0.184094695E+004
  0.349604812E+000 -0.114575885E+002  0.572096783E+000  0.181392612E+004
  0.765407292E-001 -0.967372871E+001  0.319596982E+001  0.180142420E+004
  0.131676128E+000 -0.120476377E+002  0.561592116E+001  0.184996003E+004
  0.461868504E-001 -0.121200693E+002  0.597108504E+001  0.185830646E+004
 -0.233321948E+000 -0.113635041E+002  0.511909697E+001  0.180108580E+004
  0.177957570E+000 -0.102424275E+002  0.315536021E+001  0.180556462E+004
 -0.107364786E+000 -0.125990133E+002  0.832394024E+000  0.187143962E+004
  0.302074643E+000 -0.103908246E+002  0.630212382E+001  0.177902292E+004
  0.417445587E-001 -0.964296790E+001  0.445628091E+001  0.179907423E+004
 -0.147408151E+000 -0.120619940E+002  0.451428381E+001  0.184868931E+004
  0.979968416E-001 -0.120695759E+002  0.261247770E+001  0.186299450E+004
  0.349192278E+000 -0.132169845E+002  0.546999629E+001  0.183416584E+004
  0.303979213E+000 -0.124032879E+002  0.467536300E+001  0.183231576E+004
 -0.367371823E-001 -0.129363794E+002  0.534218659E+001  0.187537216E+004
 -0.222370429E-002 -0.125180231E+002  0.731938569E+000  0.187853423E+004
  0.395989295E-001 -0.126310502E+002  0.441927437E+001  0.187331515E+004
 -0.935427526E-001 -0.114690639E+002  0.471507223E+001  0.184324560E+004
 -0.759548962E-001 -0.919213156E+001  0.550284029E+001  0.178171622E+004
 -0.595250262E-001 -0.119706914E+002  0.563074200E+001  0.185583243E+004
 -0.670834245E-001 -0.112812873E+002  0.564782067E+001  0.183840042E+004
  0.367248188E+000 -0.109619248E+002  0.373322098E+001  0.178861243E+004
  0.472998723E+000 -0.111569076E+002  0.609632999E-001  0.178138449E+004
  0.106200391E+000 -0.137354173E+002  0.592720111E+001  0.186686593E+004
  0.263587860E+000 -0.130530372E+002  0.360854586E+001  0.185165970E+004
 -0.126410858E-001 -0.858896482E+001  0.172430932E+001  0.177944973E+004
 -0.964151079E-001 -0.136492648E+002  0.289716837E+001  0.179220543E+004
  0.614297864E-001 -0.120496726E+002  0.130784101E+001  0.186912947E+004
 -0.133934424E+000 -0.126603917E+002  0.368999130E+001  0.186505437E+004
  0.176990395E+000 -0.134606744E+002  0.498172888E+001  0.186405718E+004
 -0.133641022E-002 -0.911786474E+001  0.470085357E+001  0.178509978E+004
  0.734975663E-001 -0.132842105E+002  0.223398923E+001  0.185460141E+004
  0.260162429E+000 -0.959508569E+001  0.452417402E+001  0.177031298E+004
 -0.665191500E-001 -0.113605967E+002  0.311366750E+001  0.184807359E+004
  0.506403508E+000 -0.127358595E+002  0.163090640E+001  0.179836043E+004
  0.120495150E+000 -0.115159543E+002  0.100555520E+001  0.185244154E+004
  0.698796926E-001 -0.889304831E+001  0.650554065E+001  0.177041134E+004
  0.154018871E+000 -0.132842520E+002  0.114512211E+001  0.178914184E+004
 -0.962235066E-001 -0.115521994E+002  0.354211150E+001  0.184850279E+004
  0.131600142E-001 -0.122828362E+002  0.582015323E+001  0.186367791E+004
  0.140460818E+000 -0.114558758E+002  0.200166660E+001  0.184565251E+004
  0.225135997E+000 -0.128238389E+002  0.523962395E+001  0.185274184E+004
  0.177762159E+000 -0.135275149E+002  0.308888648E+001  0.183628721E+004
  0.515893701E+000 -0.116434701E+002  0.113943597E+001  0.177987780E+004
  0.440914284E+000 -0.107031387E+002  0.322624843E+000  0.177643523E+004
  0.240853038E+000 -0.129733356E+002  0.295070304E+001  0.185533785E+004
 -0.842412080E-001 -0.876624605E+001  0.215606487E+001  0.177919491E+004
  0.105397019E+000 -0.128492321E+002  0.106530779E+001  0.186747448E+004
 -0.258793407E+000 -0.122959350E+002  0.325101657E+001  0.181525422E+004
 -0.232559909E-001 -0.128102494E+002  0.463705942E+001  0.187619918E+004
 -0.232002997E+000 -0.971923248E+001  0.981110715E+000  0.177040758E+004
  0.338107574E+000 -0.115752708E+002  0.745579000E+000  0.181853738E+004
  0.202359787E+000 -0.132713614E+002  0.292509727E+001  0.185457755E+004
 -0.356351053E-001 -0.117579438E+002  0.265338000E+001  0.186094709E+004
  0.863267579E-001 -0.924563993E+001  0.350985653E+001  0.178783098E+004
  0.311055825E+000 -0.136103643E+002  0.309166449E+001  0.180299765E+004
  0.149177203E+000 -0.133193975E+002  0.696132919E+001  0.186583676E+004
  0.382562355E+000 -0.118450590E+002  0.340408477E+000  0.181604952E+004
  0.251648093E-001 -0.110734264E+002  0.599300359E+001  0.183374386E+004
 -0.241297304E+000 -0.118227838E+002  0.519461794E+001  0.180824697E+004
 -0.698887002E-001 -0.127592609E+002  0.144599543E+001  0.187624226E+004
  0.109765504E+000 -0.847714015E+001  0.329448466E+000  0.177391326E+004
  0.124233505E+000 -0.850069686E+001  0.565228565E+000  0.177227268E+004
  0.338723122E-001 -0.106585010E+002  0.483618283E+001  0.182608813E+004
  0.794008290E-001 -0.892862163E+001  0.621110678E+001  0.177153012E+004
 -0.965168708E-002 -0.118389006E+002  0.187439212E+001  0.186558980E+004
  0.228550515E+000 -0.115314121E+002  0.283715161E+000  0.183930917E+004
  0.420299996E-001 -0.936139809E+001  0.245160941E+001  0.179731710E+004
  0.171895291E+000 -0.132718545E+002  0.215008183E+001  0.184421196E+004
  0.214844747E+000 -0.928060980E+001  0.172459802E+001  0.177773833E+004
 -0.692789189E-001 -0.140801329E+002  0.561498634E+001  0.181090463E+004
  0.110468951E+000 -0.126044919E+002  0.304531201E-001  0.186524976E+004
  0.122207742E+000 -0.127583088E+002  0.643931834E+001  0.186295890E+004
 -0.455888867E-001 -0.121470393E+002  0.470263322E+001  0.186340996E+004
  0.841573156E-001 -0.114305210E+002  0.211903688E+001  0.185071738E+004
  0.522770115E+000 -0.125421611E+002  0.128656392E+001  0.179373312E+004
  0.190174698E+000 -0.988144117E+001  0.346097000E+001  0.179293213E+004
  0.518736646E+000 -0.129417104E+002  0.406309385E+001  0.179627336E+004
 -0.257436633E+000 -0.123064606E+002  0.185002766E+001  0.181963007E+004
 -0.318058267E+000 -0.130028931E+002  0.339970158E+001  0.177893391E+004
  0.341872345E+000 -0.103467476E+002  0.480415567E+001  0.177453358E+004
 -0.581574952E-001 -0.101387538E+002  0.484187648E+001  0.181125572E+004
  0.369688180E+000 -0.117229419E+002  0.318778557E+001  0.180839318E+004
 -0.130382507E+000 -0.104947742E+002  0.571139866E+000  0.182480860E+004
 -0.114870081E+000 -0.106294326E+002  0.216332973E+001  0.182638399E+004
 -0.210318480E+000 -0.958239333E+001  0.154694342E+001  0.177406403E+004
 -0.779284870E-001 -0.133597103E+002  0.400006173E+001  0.187023561E+004
  0.119950168E+000 -0.112189011E+002  0.470411084E+001  0.183404218E+004
 -0.521792067E-001 -0.117941516E+002  0.320914867E+001  0.185939730E+004
  0.477256221E+000 -0.116113945E+002  0.297694608E+001  0.178278149E+004
  0.337271292E-001 -0.133547427E+002  0.554145869E+001  0.187737064E+004
 -0.962105559E-001 -0.141762149E+002  0.676813983E+001  0.181760607E+004
  0.317018793E+000 -0.119266140E+002  0.640469715E+001  0.181423042E+004
  0.264503650E+000 -0.102758991E+002  0.277493620E+001  0.179351125E+004
  0.276651413E+000 -0.105706686E+002  0.482475079E+001  0.179303911E+004
 -0.144651807E+000 -0.128048668E+002  0.472403064E+001  0.186192143E+004
  0.466817303E+000 -0.115148262E+002  0.104965076E+001  0.178849976E+004
  0.401431748E+000 -0.124589650E+002  0.663158300E+001  0.180756480E+004
  0.240181186E+000 -0.139159311E+002  0.612746370E+001  0.184109894E+004
  0.449742899E+000 -0.117823868E+002  0.960838431E+000  0.179853667E+004
  0.413347353E-001 -0.104701589E+002  0.574127517E+001  0.181795090E+004
  0.330060715E+000 -0.110143137E+002  0.360262011E+001  0.179792380E+004
  0.678659292E-002 -0.130918947E+002  0.404871267E+001  0.187933126E+004
  0.604430780E-001 -0.121760015E+002  0.588093592E+001  0.185892869E+004
  0.418812207E+000 -0.127700171E+002  0.515189736E+001  0.181391847E+004
  0.312527992E+000 -0.136568887E+002  0.516911400E+001  0.183703052E+004
 -0.151009846E+000 -0.105740931E+002  0.126639637E+001  0.182047133E+004
  0.162496759E+000 -0.904901166E+001  0.188842730E-002  0.178432143E+004
  0.347561943E+000 -0.125087865E+002  0.399995829E+001  0.182750979E+004
  0.255323013E+000 -0.970234493E+001  0.203745925E+001  0.178161599E+004
 -0.890150341E-001 -0.109627462E+002  0.618316393E+001  0.182658024E+004
  0.983969861E-001 -0.109137690E+002  0.385838714E+001  0.183107448E+004
 -0.168575835E+000 -0.105719725E+002  0.245814315E+001  0.181233425E+004
 -0.238729691E+000 -0.135137545E+002  0.363694395E+001  0.180444746E+004
 -0.108287025E+000 -0.121637512E+002  0.726842891E+000  0.186803781E+004
  0.144205055E+000 -0.950299419E+001  0.262624415E+000  0.179847735E+004
  0.200729936E+000 -0.120579634E+002  0.389929344E+001  0.184560217E+004
  0.286899584E+000 -0.117377221E+002  0.606146384E+001  0.181670352E+004
 -0.152447817E+000 -0.127408533E+002  0.489195959E+001  0.185904823E+004
  0.209275500E+000 -0.113137215E+002  0.493218623E+001  0.182341180E+004
  0.153875161E+000 -0.861837595E+001  0.658200682E+000  0.177160062E+004
  0.463991977E+000 -0.138040925E+002  0.433066486E+001  0.178590889E+004
  0.274278455E-001 -0.101901252E+002  0.351533908E+001  0.181761971E+004
  0.334746701E+000 -0.118699241E+002  0.676018804E+001  0.180829984E+004
 -0.120048413E+000 -0.105777797E+002  0.113437640E+000  0.183030381E+004
  0.237149185E+000 -0.125303229E+002  0.177270894E+000  0.185083531E+004
  0.121329256E+000 -0.105061487E+002  0.124298103E+001  0.182579104E+004
 -0.913875894E-001 -0.133703264E+002  0.184186638E+001  0.181394791E+004
  0.198497910E-001 -0.129249665E+002  0.181785825E+001  0.187690991E+004
  0.383208575E+000 -0.131763234E+002  0.135553145E+001  0.179488371E+004
  0.290875973E+000 -0.115514164E+002  0.793565939E+000  0.182716518E+004
  0.179476352E+000 -0.100639501E+002  0.546555827E+001  0.179349757E+004
 -0.261913784E-002 -0.110397199E+002  0.560693697E+001  0.183463245E+004
  0.293485551E+000 -0.121105335E+002  0.245219434E+001  0.183453817E+004
  0.327055611E+000 -0.123829466E+002  0.141768386E+001  0.183529276E+004
 -0.203345574E+000 -0.110196505E+002  0.328949954E+001  0.181044270E+004
  0.417451057E+000 -0.138110130E+002  0.677556265E+001  0.181630499E+004
  0.375114407E+000 -0.106612238E+002  0.230157978E+001  0.178356548E+004
  0.102572770E+000 -0.897497612E+001  0.324383904E+000  0.178841842E+004
  0.796064438E-001 -0.128316065E+002  0.699309615E+001  0.186671111E+004
  0.623360556E-001 -0.876349067E+001  0.168370685E+001  0.178189025E+004
  0.146687440E+000 -0.107495039E+002  0.559924718E+001  0.181607080E+004
  0.537051887E+000 -0.128055230E+002  0.330934429E+001  0.179155257E+004
 -0.151265383E+000 -0.897894880E+001  0.295192832E+001  0.177140294E+004
 -0.374606936E-001 -0.124149798E+002  0.252210477E+001  0.187513200E+004
 -0.613720230E-001 -0.102524401E+002  0.752502072E+000  0.182647189E+004
 -0.375526612E-001 -0.126401009E+002  0.468556727E+001  0.187337331E+004
  0.104618966E+000 -0.133465761E+002  0.207465503E+001  0.183649032E+004
  0.328037749E-001 -0.132114000E+002  0.224829912E+001  0.186497137E+004
  0.138914169E+000 -0.110851998E+002  0.343023373E+001  0.183224717E+004
  0.469500844E+000 -0.115573587E+002  0.283772020E+001  0.178368944E+004
 -0.122567576E+000 -0.104321433E+002  0.147860891E+001  0.182180573E+004
  0.327741620E+000 -0.138354366E+002  0.654888780E+001  0.183318635E+004
 -0.416576433E-001 -0.106004217E+002  0.695056533E+001  0.181839332E+004
  0.536575865E+000 -0.125753691E+002  0.664766357E+001  0.177907012E+004
  0.277063338E+000 -0.123866990E+002  0.347357874E+001  0.184048648E+004
 -0.183709579E+000 -0.128252080E+002  0.646965118E+001  0.184709766E+004
  0.175214174E+000 -0.119846068E+002  0.651158036E+000  0.185663548E+004
 -0.329195783E-001 -0.139785572E+002  0.466981288E+001  0.180436713E+004
  0.494204086E+000 -0.117754578E+002  0.137270593E+000  0.179009447E+004
  0.384749821E+000 -0.105114655E+002  0.317383836E+001  0.177499225E+004
  0.371828613E+000 -0.107332212E+002  0.477209608E+001  0.177867097E+004
 -0.264756709E+000 -0.118117442E+002  0.288387910E+001  0.180244167E+004
 -0.134204923E+000 -0.926913690E+001  0.688087039E+001  0.177130453E+004
 -0.246085398E+000 -0.120417882E+002  0.432184374E+001  0.181355236E+004
  0.248463781E+000 -0.128676051E+002  0.233518535E+001  0.185355356E+004
  0.237904104E+000 -0.132677957E+002  0.643433398E+001  0.185356119E+004
  0.195400002E-001 -0.137908614E+002  0.614722316E+001  0.186876074E+004
  0.321561617E+000 -0.107337800E+002  0.335878652E+001  0.179315778E+004
  0.278157233E+000 -0.115028939E+002  0.163722078E+001  0.182599006E+004
  0.366315074E+000 -0.100340028E+002  0.658540973E+000  0.177353672E+004
  0.371551486E+000 -0.111786771E+002  0.798689679E+000  0.180197322E+004
 -0.177443668E+000 -0.943656482E+001  0.233533698E+001  0.177891871E+004
  0.652084514E-001 -0.102931774E+002  0.844263371E+000  0.182641842E+004
 -0.208934287E+000 -0.140237262E+002  0.667683061E+001  0.180419093E+004
  0.173856187E+000 -0.103739003E+002  0.335201741E+001  0.180913919E+004
  0.301141985E+000 -0.116610822E+002  0.293315235E+001  0.182156336E+004
 -0.214608841E+000 -0.132015563E+002  0.664944993E+001  0.183570030E+004
  0.525538380E+000 -0.114708690E+002  0.107024880E+001  0.177391273E+004
  0.171968924E+000 -0.109584471E+002  0.580388946E+001  0.181744024E+004
  0.111370651E+000 -0.100658336E+002  0.267334287E+001  0.181055847E+004
