  0.343542464E-068 -0.322271166E+004  0.915546353E+000 -0.140025844E+002  0.969268885E+000
  0.333161784E-068 -0.322271166E+004  0.915546353E+000 -0.140025844E+002  0.969268885E+000
  0.659861289E-068 -0.322271166E+004  0.915546353E+000 -0.140025844E+002  0.969268885E+000
  0.470147000E-068 -0.322271166E+004  0.915546353E+000 -0.140025844E+002  0.969268885E+000
  0.364780800E-068 -0.322271166E+004  0.915546353E+000 -0.140025844E+002  0.969268885E+000
  0.156119539E-067 -0.322271166E+004  0.915546353E+000 -0.140025844E+002  0.969268885E+000
  0.146306935E-067 -0.322271166E+004  0.915546353E+000 -0.140025844E+002  0.969268885E+000
  0.816157100E-068 -0.322271166E+004  0.915546353E+000 -0.140025844E+002  0.969268885E+000
  0.376213502E-067 -0.322271166E+004  0.915546353E+000 -0.140025844E+002  0.969268885E+000
  0.369447582E-067 -0.322271166E+004  0.915546353E+000 -0.140025844E+002  0.969268885E+000
  0.498345668E-067 -0.322271166E+004  0.915546353E+000 -0.140025844E+002  0.969268885E+000
  0.442094865E-067 -0.322271166E+004  0.915546353E+000 -0.140025844E+002  0.969268885E+000
  0.136935122E-066 -0.322271166E+004  0.915546353E+000 -0.140025844E+002  0.969268885E+000
  0.139490578E-066 -0.322271166E+004  0.915546353E+000 -0.140025844E+002  0.969268885E+000
  0.128953746E-066 -0.322271166E+004  0.915546353E+000 -0.140025844E+002  0.969268885E+000
  0.718760341E-067 -0.322271166E+004  0.915546353E+000 -0.140025844E+002  0.969268885E+000
  0.259131742E-066 -0.322271166E+004  0.915546353E+000 -0.140025844E+002  0.969268885E+000
  0.312557686E-066 -0.322271166E+004  0.915546353E+000 -0.140025844E+002  0.969268885E+000
  0.134360439E-066 -0.322271166E+004  0.915546353E+000 -0.140025844E+002  0.969268885E+000
  0.107691072E-066 -0.322271166E+004  0.915546353E+000 -0.140025844E+002  0.969268885E+000
  0.111261355E-066 -0.322271166E+004  0.915546353E+000 -0.140025844E+002  0.969268885E+000
  0.128955084E-066 -0.322271166E+004  0.915546353E+000 -0.140025844E+002  0.969268885E+000
  0.587387789E-066 -0.322271166E+004  0.915546353E+000 -0.140025844E+002  0.969268885E+000
  0.665177569E-066 -0.322271166E+004  0.915546353E+000 -0.140025844E+002  0.969268885E+000
  0.920215705E-066 -0.322271166E+004  0.915546353E+000 -0.140025844E+002  0.969268885E+000
  0.311987156E-066 -0.322271166E+004  0.915546353E+000 -0.140025844E+002  0.969268885E+000
  0.201841211E-066 -0.322271166E+004  0.915546353E+000 -0.140025844E+002  0.969268885E+000
  0.293154118E-066 -0.322271166E+004  0.915546353E+000 -0.140025844E+002  0.969268885E+000
  0.200233104E-066 -0.322271166E+004  0.915546353E+000 -0.140025844E+002  0.969268885E+000
  0.192158418E-066 -0.322271166E+004  0.915546353E+000 -0.140025844E+002  0.969268885E+000
  0.245064380E-066 -0.322271166E+004  0.915546353E+000 -0.140025844E+002  0.969268885E+000
  0.621001993E-066 -0.322271166E+004  0.915546353E+000 -0.140025844E+002  0.969268885E+000
  0.619077386E-066 -0.322271166E+004  0.915546353E+000 -0.140025844E+002  0.969268885E+000
  0.514810626E-066 -0.322271166E+004  0.915546353E+000 -0.140025844E+002  0.969268885E+000
  0.568929152E-066 -0.322271166E+004  0.915546353E+000 -0.140025844E+002  0.969268885E+000
  0.254485653E-065 -0.322271166E+004  0.915546353E+000 -0.140025844E+002  0.969268885E+000
  0.921042072E-066 -0.322271166E+004  0.915546353E+000 -0.140025844E+002  0.969268885E+000
  0.904690906E-066 -0.322271166E+004  0.915546353E+000 -0.140025844E+002  0.969268885E+000
  0.863520358E-066 -0.322271166E+004  0.915546353E+000 -0.140025844E+002  0.969268885E+000
  0.299366568E-065 -0.322271166E+004  0.915546353E+000 -0.140025844E+002  0.969268885E+000
  0.153396013E-065 -0.322271166E+004  0.915546353E+000 -0.140025844E+002  0.969268885E+000
  0.151266272E-065 -0.322271166E+004  0.915546353E+000 -0.140025844E+002  0.969268885E+000
  0.187749180E-065 -0.322271166E+004  0.915546353E+000 -0.140025844E+002  0.969268885E+000
  0.165002515E-065 -0.322271166E+004  0.915546353E+000 -0.140025844E+002  0.969268885E+000
  0.813674991E-066 -0.322271166E+004  0.915546353E+000 -0.140025844E+002  0.969268885E+000
  0.112826463E-065 -0.322271166E+004  0.915546353E+000 -0.140025844E+002  0.969268885E+000
  0.280581406E-064 -0.322271166E+004  0.915546353E+000 -0.140025844E+002  0.969268885E+000
  0.268766414E-064 -0.322271166E+004  0.915546353E+000 -0.140025844E+002  0.969268885E+000
  0.239391608E-064 -0.322271166E+004  0.915546353E+000 -0.140025844E+002  0.969268885E+000
  0.192766890E-064 -0.322271166E+004  0.915546353E+000 -0.140025844E+002  0.969268885E+000
  0.125222608E-063 -0.322271166E+004  0.915546353E+000 -0.140025844E+002  0.969268885E+000
  0.136674577E-063 -0.322271166E+004  0.915546353E+000 -0.140025844E+002  0.969268885E+000
  0.859941176E-064 -0.322271166E+004  0.915546353E+000 -0.140025844E+002  0.969268885E+000
  0.840110790E-064 -0.322271166E+004  0.915546353E+000 -0.140025844E+002  0.969268885E+000
  0.304401298E-063 -0.322271166E+004  0.915546353E+000 -0.140025844E+002  0.969268885E+000
  0.116292071E-063 -0.322271166E+004  0.915546353E+000 -0.140025844E+002  0.969268885E+000
  0.269785619E-063 -0.322271166E+004  0.915546353E+000 -0.140025844E+002  0.969268885E+000
  0.111995724E-062 -0.322271166E+004  0.915546353E+000 -0.140025844E+002  0.969268885E+000
  0.106204846E-062 -0.322271166E+004  0.915546353E+000 -0.140025844E+002  0.969268885E+000
  0.645222159E-063 -0.322271166E+004  0.915546353E+000 -0.140025844E+002  0.969268885E+000
  0.619000194E-062 -0.322271166E+004  0.915546353E+000 -0.140025844E+002  0.969268885E+000
  0.616413986E-062 -0.322271166E+004  0.915546353E+000 -0.140025844E+002  0.969268885E+000
  0.346170777E-062 -0.322271166E+004  0.915546353E+000 -0.140025844E+002  0.969268885E+000
  0.144732388E-061 -0.322271166E+004  0.915546353E+000 -0.140025844E+002  0.969268885E+000
  0.244474931E-061 -0.322271166E+004  0.915546353E+000 -0.140025844E+002  0.969268885E+000
  0.148022894E-061 -0.322271166E+004  0.915546353E+000 -0.140025844E+002  0.969268885E+000
  0.113059546E-060 -0.322271166E+004  0.915546353E+000 -0.140025844E+002  0.969268885E+000
  0.532108831E-061 -0.322271166E+004  0.915546353E+000 -0.140025844E+002  0.969268885E+000
  0.560735375E-061 -0.322271166E+004  0.915546353E+000 -0.140025844E+002  0.969268885E+000
  0.101460130E-059 -0.322271166E+004  0.915546353E+000 -0.140025844E+002  0.969268885E+000
  0.279249520E-060 -0.322271166E+004  0.915546353E+000 -0.140025844E+002  0.969268885E+000
  0.176454880E-060 -0.322271166E+004  0.915546353E+000 -0.140025844E+002  0.969268885E+000
  0.230089807E-060 -0.322271166E+004  0.915546353E+000 -0.140025844E+002  0.969268885E+000
  0.581051578E-059 -0.322271166E+004  0.915546353E+000 -0.140025844E+002  0.969268885E+000
  0.183637777E-058 -0.322271166E+004  0.915546353E+000 -0.140025844E+002  0.969268885E+000
  0.194481316E-058 -0.322271166E+004  0.915546353E+000 -0.140025844E+002  0.969268885E+000
  0.742273025E-058 -0.322271166E+004  0.915546353E+000 -0.140025844E+002  0.969268885E+000
  0.106978660E-057 -0.322271166E+004  0.915546353E+000 -0.140025844E+002  0.969268885E+000
  0.893369993E-058 -0.322271166E+004  0.915546353E+000 -0.140025844E+002  0.969268885E+000
  0.647819612E-058 -0.322271166E+004  0.915546353E+000 -0.140025844E+002  0.969268885E+000
  0.191670538E-056 -0.322271166E+004  0.915546353E+000 -0.140025844E+002  0.969268885E+000
  0.415780351E-057 -0.322271166E+004  0.915546353E+000 -0.140025844E+002  0.969268885E+000
  0.466804581E-057 -0.322271166E+004  0.915546353E+000 -0.140025844E+002  0.969268885E+000
  0.725735435E-056 -0.322271166E+004  0.915546353E+000 -0.140025844E+002  0.969268885E+000
  0.964784667E-056 -0.322271166E+004  0.915546353E+000 -0.140025844E+002  0.969268885E+000
  0.361594971E-055 -0.322271166E+004  0.915546353E+000 -0.140025844E+002  0.969268885E+000
  0.915426987E-056 -0.322271166E+004  0.915546353E+000 -0.140025844E+002  0.969268885E+000
  0.356632154E-055 -0.322271166E+004  0.915546353E+000 -0.140025844E+002  0.969268885E+000
  0.177933391E-056 -0.322271166E+004  0.915546353E+000 -0.140025844E+002  0.969268885E+000
  0.279098334E-056 -0.322271166E+004  0.915546353E+000 -0.140025844E+002  0.969268885E+000
  0.185932976E-056 -0.322271166E+004  0.915546353E+000 -0.140025844E+002  0.969268885E+000
  0.116974577E-055 -0.322271166E+004  0.915546353E+000 -0.140025844E+002  0.969268885E+000
  0.206659678E-055 -0.322271166E+004  0.915546353E+000 -0.140025844E+002  0.969268885E+000
  0.138944217E-055 -0.322271166E+004  0.915546353E+000 -0.140025844E+002  0.969268885E+000
  0.115988062E-053 -0.322271166E+004  0.915546353E+000 -0.140025844E+002  0.969268885E+000
  0.777067488E-054 -0.322271166E+004  0.915546353E+000 -0.140025844E+002  0.969268885E+000
  0.322556286E-053 -0.322271166E+004  0.915546353E+000 -0.140025844E+002  0.969268885E+000
  0.200432565E-053 -0.322271166E+004  0.915546353E+000 -0.140025844E+002  0.969268885E+000
  0.743085595E-053 -0.322271166E+004  0.915546353E+000 -0.140025844E+002  0.969268885E+000
  0.426672875E-053 -0.322271166E+004  0.915546353E+000 -0.140025844E+002  0.969268885E+000
  0.496126860E-053 -0.322271166E+004  0.915546353E+000 -0.140025844E+002  0.969268885E+000
  0.312236263E-050 -0.322271166E+004  0.915546353E+000 -0.140025844E+002  0.969268885E+000
  0.122122847E-050 -0.322271166E+004  0.915546353E+000 -0.140025844E+002  0.969268885E+000
  0.106663417E-051 -0.322271166E+004  0.915546353E+000 -0.140025844E+002  0.969268885E+000
  0.207546031E-052 -0.322271166E+004  0.915546353E+000 -0.140025844E+002  0.969268885E+000
  0.106621546E-050 -0.322271166E+004  0.915546353E+000 -0.140025844E+002  0.969268885E+000
  0.235013169E-051 -0.322271166E+004  0.915546353E+000 -0.140025844E+002  0.969268885E+000
  0.187883421E-052 -0.322271166E+004  0.915546353E+000 -0.140025844E+002  0.969268885E+000
  0.288066867E-049 -0.322271166E+004  0.915546353E+000 -0.140025844E+002  0.969268885E+000
  0.356466871E-049 -0.322271166E+004  0.915546353E+000 -0.140025844E+002  0.969268885E+000
  0.864744423E-050 -0.322271166E+004  0.915546353E+000 -0.140025844E+002  0.969268885E+000
  0.317634776E-049 -0.322271166E+004  0.915546353E+000 -0.140025844E+002  0.969268885E+000
  0.108499700E-049 -0.322271166E+004  0.915546353E+000 -0.140025844E+002  0.969268885E+000
  0.306071454E-049 -0.322271166E+004  0.915546353E+000 -0.140025844E+002  0.969268885E+000
  0.660011749E-048 -0.322271166E+004  0.915546353E+000 -0.140025844E+002  0.969268885E+000
  0.233741202E-048 -0.322271166E+004  0.915546353E+000 -0.140025844E+002  0.969268885E+000
  0.172310431E-047 -0.322271166E+004  0.915546353E+000 -0.140025844E+002  0.969268885E+000
  0.313221171E-047 -0.322271166E+004  0.915546353E+000 -0.140025844E+002  0.969268885E+000
  0.201942773E-047 -0.322271166E+004  0.915546353E+000 -0.140025844E+002  0.969268885E+000
  0.126821045E-046 -0.322271166E+004  0.915546353E+000 -0.140025844E+002  0.969268885E+000
  0.862464054E-047 -0.322271166E+004  0.915546353E+000 -0.140025844E+002  0.969268885E+000
  0.254412279E-047 -0.322271166E+004  0.915546353E+000 -0.140025844E+002  0.969268885E+000
  0.267308600E-047 -0.322271166E+004  0.915546353E+000 -0.140025844E+002  0.969268885E+000
  0.124735901E-046 -0.322271166E+004  0.915546353E+000 -0.140025844E+002  0.969268885E+000
  0.535763741E-047 -0.322271166E+004  0.915546353E+000 -0.140025844E+002  0.969268885E+000
  0.124586034E-047 -0.322271166E+004  0.915546353E+000 -0.140025844E+002  0.969268885E+000
  0.414147511E-047 -0.322271166E+004  0.915546353E+000 -0.140025844E+002  0.969268885E+000
  0.328919211E-045 -0.322271166E+004  0.915546353E+000 -0.140025844E+002  0.969268885E+000
  0.208817501E-045 -0.322271166E+004  0.915546353E+000 -0.140025844E+002  0.969268885E+000
  0.172187649E-045 -0.322271166E+004  0.915546353E+000 -0.140025844E+002  0.969268885E+000
  0.528725786E-045 -0.322271166E+004  0.915546353E+000 -0.140025844E+002  0.969268885E+000
  0.290144741E-045 -0.322271166E+004  0.915546353E+000 -0.140025844E+002  0.969268885E+000
  0.150427100E-044 -0.322271166E+004  0.915546353E+000 -0.140025844E+002  0.969268885E+000
  0.212155289E-044 -0.322271166E+004  0.915546353E+000 -0.140025844E+002  0.969268885E+000
  0.616355127E-045 -0.322271166E+004  0.915546353E+000 -0.140025844E+002  0.969268885E+000
  0.164104919E-044 -0.322271166E+004  0.915546353E+000 -0.140025844E+002  0.969268885E+000
  0.200973097E-043 -0.322271166E+004  0.915546353E+000 -0.140025844E+002  0.969268885E+000
  0.495196892E-043 -0.322271166E+004  0.915546353E+000 -0.140025844E+002  0.969268885E+000
  0.307213963E-043 -0.322271166E+004  0.915546353E+000 -0.140025844E+002  0.969268885E+000
  0.734437183E-043 -0.322271166E+004  0.915546353E+000 -0.140025844E+002  0.969268885E+000
  0.607294311E-043 -0.322271166E+004  0.915546353E+000 -0.140025844E+002  0.969268885E+000
  0.172075237E-042 -0.322271166E+004  0.915546353E+000 -0.140025844E+002  0.969268885E+000
  0.173515775E-042 -0.322271166E+004  0.915546353E+000 -0.140025844E+002  0.969268885E+000
  0.291687522E-042 -0.322271166E+004  0.915546353E+000 -0.140025844E+002  0.969268885E+000
  0.676849779E-042 -0.322271166E+004  0.915546353E+000 -0.140025844E+002  0.969268885E+000
  0.539578853E-042 -0.322271166E+004  0.915546353E+000 -0.140025844E+002  0.969268885E+000
  0.536295076E-042 -0.322271166E+004  0.915546353E+000 -0.140025844E+002  0.969268885E+000
  0.113586994E-041 -0.322271166E+004  0.915546353E+000 -0.140025844E+002  0.969268885E+000
  0.261476376E-041 -0.322271166E+004  0.915546353E+000 -0.140025844E+002  0.969268885E+000
  0.247157970E-041 -0.322271166E+004  0.915546353E+000 -0.140025844E+002  0.969268885E+000
  0.647291735E-041 -0.322271166E+004  0.915546353E+000 -0.140025844E+002  0.969268885E+000
  0.186290882E-040 -0.322271166E+004  0.915546353E+000 -0.140025844E+002  0.969268885E+000
  0.126000893E-040 -0.322271166E+004  0.915546353E+000 -0.140025844E+002  0.969268885E+000
  0.486163633E-040 -0.322271166E+004  0.915546353E+000 -0.140025844E+002  0.969268885E+000
  0.376847073E-040 -0.322271166E+004  0.915546353E+000 -0.140025844E+002  0.969268885E+000
  0.281259622E-040 -0.322271166E+004  0.915546353E+000 -0.140025844E+002  0.969268885E+000
  0.474535242E-040 -0.322271166E+004  0.915546353E+000 -0.140025844E+002  0.969268885E+000
  0.153237031E-040 -0.322271166E+004  0.915546353E+000 -0.140025844E+002  0.969268885E+000
  0.271356702E-040 -0.322271166E+004  0.915546353E+000 -0.140025844E+002  0.969268885E+000
  0.216217979E-040 -0.322271166E+004  0.915546353E+000 -0.140025844E+002  0.969268885E+000
  0.180077113E-040 -0.322271166E+004  0.915546353E+000 -0.140025844E+002  0.969268885E+000
  0.360838945E-039 -0.322271166E+004  0.915546353E+000 -0.140025844E+002  0.969268885E+000
  0.216170568E-039 -0.322271166E+004  0.915546353E+000 -0.140025844E+002  0.969268885E+000
  0.354795518E-039 -0.322271166E+004  0.915546353E+000 -0.140025844E+002  0.969268885E+000
  0.772881811E-040 -0.322271166E+004  0.915546353E+000 -0.140025844E+002  0.969268885E+000
  0.173579938E-037 -0.322271166E+004  0.915546353E+000 -0.140025844E+002  0.969268885E+000
  0.575068232E-039 -0.322271166E+004  0.915546353E+000 -0.140025844E+002  0.969268885E+000
  0.740257608E-038 -0.322271166E+004  0.915546353E+000 -0.140025844E+002  0.969268885E+000
  0.141811229E-038 -0.322271166E+004  0.915546353E+000 -0.140025844E+002  0.969268885E+000
  0.646847099E-039 -0.322271166E+004  0.915546353E+000 -0.140025844E+002  0.969268885E+000
  0.167077699E-038 -0.322271166E+004  0.915546353E+000 -0.140025844E+002  0.969268885E+000
  0.115475396E-037 -0.322271166E+004  0.915546353E+000 -0.140025844E+002  0.969268885E+000
  0.393264093E-036 -0.322271166E+004  0.915546353E+000 -0.140025844E+002  0.969268885E+000
  0.242253143E-036 -0.322271166E+004  0.915546353E+000 -0.140025844E+002  0.969268885E+000
  0.116686415E-036 -0.322271166E+004  0.915546353E+000 -0.140025844E+002  0.969268885E+000
  0.160008814E-035 -0.322271166E+004  0.915546353E+000 -0.140025844E+002  0.969268885E+000
  0.966525546E-036 -0.322271166E+004  0.915546353E+000 -0.140025844E+002  0.969268885E+000
  0.964305617E-036 -0.322271166E+004  0.915546353E+000 -0.140025844E+002  0.969268885E+000
  0.662637202E-036 -0.322271166E+004  0.915546353E+000 -0.140025844E+002  0.969268885E+000
  0.651952723E-035 -0.322271166E+004  0.915546353E+000 -0.140025844E+002  0.969268885E+000
  0.698343387E-035 -0.322271166E+004  0.915546353E+000 -0.140025844E+002  0.969268885E+000
  0.783980509E-035 -0.322271166E+004  0.915546353E+000 -0.140025844E+002  0.969268885E+000
  0.802387755E-035 -0.322271166E+004  0.915546353E+000 -0.140025844E+002  0.969268885E+000
  0.650105586E-035 -0.322271166E+004  0.915546353E+000 -0.140025844E+002  0.969268885E+000
  0.453592319E-035 -0.322271166E+004  0.915546353E+000 -0.140025844E+002  0.969268885E+000
  0.149038783E-034 -0.322271166E+004  0.915546353E+000 -0.140025844E+002  0.969268885E+000
  0.532043962E-035 -0.322271166E+004  0.915546353E+000 -0.140025844E+002  0.969268885E+000
  0.431352935E-035 -0.322271166E+004  0.915546353E+000 -0.140025844E+002  0.969268885E+000
  0.372370813E-035 -0.322271166E+004  0.915546353E+000 -0.140025844E+002  0.969268885E+000
  0.485918941E-035 -0.322271166E+004  0.915546353E+000 -0.140025844E+002  0.969268885E+000
  0.396692939E-034 -0.322271166E+004  0.915546353E+000 -0.140025844E+002  0.969268885E+000
  0.472898614E-034 -0.322271166E+004  0.915546353E+000 -0.140025844E+002  0.969268885E+000
  0.427388937E-034 -0.322271166E+004  0.915546353E+000 -0.140025844E+002  0.969268885E+000
  0.275289055E-034 -0.322271166E+004  0.915546353E+000 -0.140025844E+002  0.969268885E+000
  0.151914422E-034 -0.322271166E+004  0.915546353E+000 -0.140025844E+002  0.969268885E+000
  0.911375244E-035 -0.322271166E+004  0.915546353E+000 -0.140025844E+002  0.969268885E+000
  0.195049653E-034 -0.322271166E+004  0.915546353E+000 -0.140025844E+002  0.969268885E+000
  0.161962519E-034 -0.322271166E+004  0.915546353E+000 -0.140025844E+002  0.969268885E+000
  0.170920878E-032 -0.322271166E+004  0.915546353E+000 -0.140025844E+002  0.969268885E+000
  0.159453057E-033 -0.322271166E+004  0.915546353E+000 -0.140025844E+002  0.969268885E+000
  0.170343696E-033 -0.322271166E+004  0.915546353E+000 -0.140025844E+002  0.969268885E+000
  0.566432550E-032 -0.322271166E+004  0.915546353E+000 -0.140025844E+002  0.969268885E+000
  0.445685428E-032 -0.322271166E+004  0.915546353E+000 -0.140025844E+002  0.969268885E+000
  0.343621921E-032 -0.322271166E+004  0.915546353E+000 -0.140025844E+002  0.969268885E+000
  0.700963990E-032 -0.322271166E+004  0.915546353E+000 -0.140025844E+002  0.969268885E+000
  0.553049298E-032 -0.322271166E+004  0.915546353E+000 -0.140025844E+002  0.969268885E+000
  0.670536932E-032 -0.322271166E+004  0.915546353E+000 -0.140025844E+002  0.969268885E+000
  0.412132620E-032 -0.322271166E+004  0.915546353E+000 -0.140025844E+002  0.969268885E+000
  0.339898676E-032 -0.322271166E+004  0.915546353E+000 -0.140025844E+002  0.969268885E+000
  0.293314565E-032 -0.322271166E+004  0.915546353E+000 -0.140025844E+002  0.969268885E+000
  0.512031606E-032 -0.322271166E+004  0.915546353E+000 -0.140025844E+002  0.969268885E+000
  0.504934920E-032 -0.322271166E+004  0.915546353E+000 -0.140025844E+002  0.969268885E+000
  0.102878204E-030 -0.322271166E+004  0.915546353E+000 -0.140025844E+002  0.969268885E+000
  0.112868484E-030 -0.322271166E+004  0.915546353E+000 -0.140025844E+002  0.969268885E+000
  0.902845286E-031 -0.322271166E+004  0.915546353E+000 -0.140025844E+002  0.969268885E+000
  0.414006710E-030 -0.322271166E+004  0.915546353E+000 -0.140025844E+002  0.969268885E+000
  0.175063111E-030 -0.322271166E+004  0.915546353E+000 -0.140025844E+002  0.969268885E+000
  0.127283514E-029 -0.322271166E+004  0.915546353E+000 -0.140025844E+002  0.969268885E+000
  0.460495725E-030 -0.322271166E+004  0.915546353E+000 -0.140025844E+002  0.969268885E+000
  0.203747499E-029 -0.322271166E+004  0.915546353E+000 -0.140025844E+002  0.969268885E+000
  0.157398074E-029 -0.322271166E+004  0.915546353E+000 -0.140025844E+002  0.969268885E+000
  0.727629852E-029 -0.322271166E+004  0.915546353E+000 -0.140025844E+002  0.969268885E+000
  0.661271707E-029 -0.322271166E+004  0.915546353E+000 -0.140025844E+002  0.969268885E+000
  0.298694230E-029 -0.322271166E+004  0.915546353E+000 -0.140025844E+002  0.969268885E+000
  0.215674654E-029 -0.322271166E+004  0.915546353E+000 -0.140025844E+002  0.969268885E+000
  0.637374296E-029 -0.322271166E+004  0.915546353E+000 -0.140025844E+002  0.969268885E+000
  0.268890282E-028 -0.322271166E+004  0.915546353E+000 -0.140025844E+002  0.969268885E+000
  0.175759491E-028 -0.322271166E+004  0.915546353E+000 -0.140025844E+002  0.969268885E+000
  0.153056482E-028 -0.322271166E+004  0.915546353E+000 -0.140025844E+002  0.969268885E+000
  0.118043036E-027 -0.322271166E+004  0.915546353E+000 -0.140025844E+002  0.969268885E+000
  0.424895851E-028 -0.322271166E+004  0.915546353E+000 -0.140025844E+002  0.969268885E+000
  0.142581727E-028 -0.322271166E+004  0.915546353E+000 -0.140025844E+002  0.969268885E+000
  0.946899970E-029 -0.322271166E+004  0.915546353E+000 -0.140025844E+002  0.969268885E+000
  0.495637296E-027 -0.322271166E+004  0.915546353E+000 -0.140025844E+002  0.969268885E+000
  0.208239707E-027 -0.322271166E+004  0.915546353E+000 -0.140025844E+002  0.969268885E+000
  0.164940094E-027 -0.322271166E+004  0.915546353E+000 -0.140025844E+002  0.969268885E+000
  0.148449958E-027 -0.322271166E+004  0.915546353E+000 -0.140025844E+002  0.969268885E+000
  0.138811687E-027 -0.322271166E+004  0.915546353E+000 -0.140025844E+002  0.969268885E+000
  0.179674657E-027 -0.322271166E+004  0.915546353E+000 -0.140025844E+002  0.969268885E+000
  0.989535578E-028 -0.322271166E+004  0.915546353E+000 -0.140025844E+002  0.969268885E+000
  0.100460335E-027 -0.322271166E+004  0.915546353E+000 -0.140025844E+002  0.969268885E+000
  0.203074416E-026 -0.322271166E+004  0.915546353E+000 -0.140025844E+002  0.969268885E+000
  0.364511474E-026 -0.322271166E+004  0.915546353E+000 -0.140025844E+002  0.969268885E+000
  0.141110968E-026 -0.322271166E+004  0.915546353E+000 -0.140025844E+002  0.969268885E+000
  0.683436282E-027 -0.322271166E+004  0.915546353E+000 -0.140025844E+002  0.969268885E+000
  0.318930657E-026 -0.322271166E+004  0.915546353E+000 -0.140025844E+002  0.969268885E+000
  0.536789762E-025 -0.322271166E+004  0.915546353E+000 -0.140025844E+002  0.969268885E+000
  0.596335458E-026 -0.322271166E+004  0.915546353E+000 -0.140025844E+002  0.969268885E+000
  0.141196877E-025 -0.322271166E+004  0.915546353E+000 -0.140025844E+002  0.969268885E+000
  0.304920788E-025 -0.322271166E+004  0.915546353E+000 -0.140025844E+002  0.969268885E+000
  0.811209979E-026 -0.322271166E+004  0.915546353E+000 -0.140025844E+002  0.969268885E+000
  0.423692297E-025 -0.322271166E+004  0.915546353E+000 -0.140025844E+002  0.969268885E+000
  0.378766602E-024 -0.322271166E+004  0.915546353E+000 -0.140025844E+002  0.969268885E+000
  0.417465198E-024 -0.322271166E+004  0.915546353E+000 -0.140025844E+002  0.969268885E+000
  0.479948893E-024 -0.322271166E+004  0.915546353E+000 -0.140025844E+002  0.969268885E+000
  0.576657258E-024 -0.322271166E+004  0.915546353E+000 -0.140025844E+002  0.969268885E+000
  0.403380558E-024 -0.322271166E+004  0.915546353E+000 -0.140025844E+002  0.969268885E+000
  0.291387117E-024 -0.322271166E+004  0.915546353E+000 -0.140025844E+002  0.969268885E+000
  0.345506785E-024 -0.322271166E+004  0.915546353E+000 -0.140025844E+002  0.969268885E+000
  0.227152926E-023 -0.322271166E+004  0.915546353E+000 -0.140025844E+002  0.969268885E+000
  0.189133994E-023 -0.322271166E+004  0.915546353E+000 -0.140025844E+002  0.969268885E+000
  0.149544286E-023 -0.322271166E+004  0.915546353E+000 -0.140025844E+002  0.969268885E+000
  0.130311568E-023 -0.322271166E+004  0.915546353E+000 -0.140025844E+002  0.969268885E+000
  0.608162332E-023 -0.322271166E+004  0.915546353E+000 -0.140025844E+002  0.969268885E+000
  0.512717399E-023 -0.322271166E+004  0.915546353E+000 -0.140025844E+002  0.969268885E+000
  0.247444661E-023 -0.322271166E+004  0.915546353E+000 -0.140025844E+002  0.969268885E+000
  0.190075366E-022 -0.322271166E+004  0.915546353E+000 -0.140025844E+002  0.969268885E+000
  0.141536434E-022 -0.322271166E+004  0.915546353E+000 -0.140025844E+002  0.969268885E+000
  0.862340407E-023 -0.322271166E+004  0.915546353E+000 -0.140025844E+002  0.969268885E+000
  0.316910797E-022 -0.322271166E+004  0.915546353E+000 -0.140025844E+002  0.969268885E+000
  0.187263553E-022 -0.322271166E+004  0.915546353E+000 -0.140025844E+002  0.969268885E+000
  0.183189770E-022 -0.322271166E+004  0.915546353E+000 -0.140025844E+002  0.969268885E+000
  0.214385576E-022 -0.322271166E+004  0.915546353E+000 -0.140025844E+002  0.969268885E+000
  0.204215376E-022 -0.322271166E+004  0.915546353E+000 -0.140025844E+002  0.969268885E+000
  0.127478590E-022 -0.322271166E+004  0.915546353E+000 -0.140025844E+002  0.969268885E+000
  0.231015347E-022 -0.322271166E+004  0.915546353E+000 -0.140025844E+002  0.969268885E+000
  0.227226919E-021 -0.322271166E+004  0.915546353E+000 -0.140025844E+002  0.969268885E+000
  0.290222038E-021 -0.322271166E+004  0.915546353E+000 -0.140025844E+002  0.969268885E+000
  0.263917703E-021 -0.322271166E+004  0.915546353E+000 -0.140025844E+002  0.969268885E+000
  0.128208413E-020 -0.322271166E+004  0.915546353E+000 -0.140025844E+002  0.969268885E+000
  0.124684115E-021 -0.322271166E+004  0.915546353E+000 -0.140025844E+002  0.969268885E+000
  0.138635717E-021 -0.322271166E+004  0.915546353E+000 -0.140025844E+002  0.969268885E+000
  0.208530147E-021 -0.322271166E+004  0.915546353E+000 -0.140025844E+002  0.969268885E+000
  0.282571191E-021 -0.322271166E+004  0.915546353E+000 -0.140025844E+002  0.969268885E+000
  0.197398920E-021 -0.322271166E+004  0.915546353E+000 -0.140025844E+002  0.969268885E+000
  0.113292230E-021 -0.322271166E+004  0.915546353E+000 -0.140025844E+002  0.969268885E+000
  0.154894239E-021 -0.322271166E+004  0.915546353E+000 -0.140025844E+002  0.969268885E+000
  0.109214513E-019 -0.322271166E+004  0.915546353E+000 -0.140025844E+002  0.969268885E+000
  0.134632271E-019 -0.322271166E+004  0.915546353E+000 -0.140025844E+002  0.969268885E+000
  0.842448333E-020 -0.322271166E+004  0.915546353E+000 -0.140025844E+002  0.969268885E+000
  0.522583203E-020 -0.322271166E+004  0.915546353E+000 -0.140025844E+002  0.969268885E+000
  0.301800019E-020 -0.322271166E+004  0.915546353E+000 -0.140025844E+002  0.969268885E+000
  0.785305245E-019 -0.322271166E+004  0.915546353E+000 -0.140025844E+002  0.969268885E+000
  0.884412886E-019 -0.322271166E+004  0.915546353E+000 -0.140025844E+002  0.969268885E+000
  0.305385702E-019 -0.322271166E+004  0.915546353E+000 -0.140025844E+002  0.969268885E+000
  0.471998561E-019 -0.322271166E+004  0.915546353E+000 -0.140025844E+002  0.969268885E+000
  0.239988794E-018 -0.322271166E+004  0.915546353E+000 -0.140025844E+002  0.969268885E+000
  0.133408843E-018 -0.322271166E+004  0.915546353E+000 -0.140025844E+002  0.969268885E+000
  0.550228559E-018 -0.322271166E+004  0.915546353E+000 -0.140025844E+002  0.969268885E+000
  0.476886358E-018 -0.322271166E+004  0.915546353E+000 -0.140025844E+002  0.969268885E+000
  0.450618787E-018 -0.322271166E+004  0.915546353E+000 -0.140025844E+002  0.969268885E+000
  0.288484876E-018 -0.322271166E+004  0.915546353E+000 -0.140025844E+002  0.969268885E+000
  0.156544205E-018 -0.322271166E+004  0.915546353E+000 -0.140025844E+002  0.969268885E+000
  0.168926951E-018 -0.322271166E+004  0.915546353E+000 -0.140025844E+002  0.969268885E+000
  0.275881833E-018 -0.322271166E+004  0.915546353E+000 -0.140025844E+002  0.969268885E+000
  0.154807877E-018 -0.322271166E+004  0.915546353E+000 -0.140025844E+002  0.969268885E+000
  0.118606582E-018 -0.322271166E+004  0.915546353E+000 -0.140025844E+002  0.969268885E+000
  0.226653262E-018 -0.322271166E+004  0.915546353E+000 -0.140025844E+002  0.969268885E+000
  0.108679750E-018 -0.322271166E+004  0.915546353E+000 -0.140025844E+002  0.969268885E+000
  0.272246646E-018 -0.322271166E+004  0.915546353E+000 -0.140025844E+002  0.969268885E+000
  0.358665868E-017 -0.322271166E+004  0.915546353E+000 -0.140025844E+002  0.969268885E+000
  0.364381652E-017 -0.322271166E+004  0.915546353E+000 -0.140025844E+002  0.969268885E+000
  0.236883062E-017 -0.322271166E+004  0.915546353E+000 -0.140025844E+002  0.969268885E+000
  0.213570685E-017 -0.322271166E+004  0.915546353E+000 -0.140025844E+002  0.969268885E+000
  0.328369034E-017 -0.322271166E+004  0.915546353E+000 -0.140025844E+002  0.969268885E+000
  0.120601840E-017 -0.322271166E+004  0.915546353E+000 -0.140025844E+002  0.969268885E+000
  0.178574890E-017 -0.322271166E+004  0.915546353E+000 -0.140025844E+002  0.969268885E+000
  0.314464442E-017 -0.322271166E+004  0.915546353E+000 -0.140025844E+002  0.969268885E+000
  0.133871578E-016 -0.322271166E+004  0.915546353E+000 -0.140025844E+002  0.969268885E+000
  0.851933832E-017 -0.322271166E+004  0.915546353E+000 -0.140025844E+002  0.969268885E+000
  0.590997275E-017 -0.322271166E+004  0.915546353E+000 -0.140025844E+002  0.969268885E+000
  0.440269106E-016 -0.322271166E+004  0.915546353E+000 -0.140025844E+002  0.969268885E+000
  0.187369289E-016 -0.322271166E+004  0.915546353E+000 -0.140025844E+002  0.969268885E+000
  0.130957518E-016 -0.322271166E+004  0.915546353E+000 -0.140025844E+002  0.969268885E+000
  0.110374409E-016 -0.322271166E+004  0.915546353E+000 -0.140025844E+002  0.969268885E+000
  0.118071725E-016 -0.322271166E+004  0.915546353E+000 -0.140025844E+002  0.969268885E+000
  0.533344175E-016 -0.322271166E+004  0.915546353E+000 -0.140025844E+002  0.969268885E+000
  0.464747546E-016 -0.322271166E+004  0.915546353E+000 -0.140025844E+002  0.969268885E+000
  0.476540502E-016 -0.322271166E+004  0.915546353E+000 -0.140025844E+002  0.969268885E+000
  0.437663814E-016 -0.322271166E+004  0.915546353E+000 -0.140025844E+002  0.969268885E+000
  0.859102548E-016 -0.322271166E+004  0.915546353E+000 -0.140025844E+002  0.969268885E+000
  0.856445222E-016 -0.322271166E+004  0.915546353E+000 -0.140025844E+002  0.969268885E+000
  0.800470707E-016 -0.322271166E+004  0.915546353E+000 -0.140025844E+002  0.969268885E+000
  0.270915716E-015 -0.322271166E+004  0.915546353E+000 -0.140025844E+002  0.969268885E+000
  0.212867504E-015 -0.322271166E+004  0.915546353E+000 -0.140025844E+002  0.969268885E+000
  0.299649164E-015 -0.322271166E+004  0.915546353E+000 -0.140025844E+002  0.969268885E+000
  0.281031767E-015 -0.322271166E+004  0.915546353E+000 -0.140025844E+002  0.969268885E+000
  0.315112902E-015 -0.322271166E+004  0.915546353E+000 -0.140025844E+002  0.969268885E+000
  0.162510322E-015 -0.322271166E+004  0.915546353E+000 -0.140025844E+002  0.969268885E+000
  0.277103568E-015 -0.322271166E+004  0.915546353E+000 -0.140025844E+002  0.969268885E+000
  0.105506344E-015 -0.322271166E+004  0.915546353E+000 -0.140025844E+002  0.969268885E+000
  0.313596549E-015 -0.322271166E+004  0.915546353E+000 -0.140025844E+002  0.969268885E+000
  0.130069188E-015 -0.322271166E+004  0.915546353E+000 -0.140025844E+002  0.969268885E+000
  0.209297467E-014 -0.322271166E+004  0.915546353E+000 -0.140025844E+002  0.969268885E+000
  0.701085990E-015 -0.322271166E+004  0.915546353E+000 -0.140025844E+002  0.969268885E+000
  0.116819262E-014 -0.322271166E+004  0.915546353E+000 -0.140025844E+002  0.969268885E+000
  0.849718688E-015 -0.322271166E+004  0.915546353E+000 -0.140025844E+002  0.969268885E+000
  0.625565613E-015 -0.322271166E+004  0.915546353E+000 -0.140025844E+002  0.969268885E+000
  0.103173945E-013 -0.322271166E+004  0.915546353E+000 -0.140025844E+002  0.969268885E+000
  0.622126452E-014 -0.322271166E+004  0.915546353E+000 -0.140025844E+002  0.969268885E+000
  0.225994537E-013 -0.322271166E+004  0.915546353E+000 -0.140025844E+002  0.969268885E+000
  0.104920601E-013 -0.322271166E+004  0.915546353E+000 -0.140025844E+002  0.969268885E+000
  0.781300910E-014 -0.322271166E+004  0.915546353E+000 -0.140025844E+002  0.969268885E+000
  0.104236897E-013 -0.322271166E+004  0.915546353E+000 -0.140025844E+002  0.969268885E+000
  0.170155126E-013 -0.322271166E+004  0.915546353E+000 -0.140025844E+002  0.969268885E+000
  0.937427227E-014 -0.322271166E+004  0.915546353E+000 -0.140025844E+002  0.969268885E+000
  0.108266428E-013 -0.322271166E+004  0.915546353E+000 -0.140025844E+002  0.969268885E+000
  0.948666441E-014 -0.322271166E+004  0.915546353E+000 -0.140025844E+002  0.969268885E+000
  0.797264460E-013 -0.322271166E+004  0.915546353E+000 -0.140025844E+002  0.969268885E+000
  0.311769767E-013 -0.322271166E+004  0.915546353E+000 -0.140025844E+002  0.969268885E+000
  0.375176780E-013 -0.322271166E+004  0.915546353E+000 -0.140025844E+002  0.969268885E+000
  0.557819646E-013 -0.322271166E+004  0.915546353E+000 -0.140025844E+002  0.969268885E+000
  0.327233273E-012 -0.322271166E+004  0.915546353E+000 -0.140025844E+002  0.969268885E+000
  0.265412044E-012 -0.322271166E+004  0.915546353E+000 -0.140025844E+002  0.969268885E+000
  0.113278589E-011 -0.322271166E+004  0.915546353E+000 -0.140025844E+002  0.969268885E+000
  0.704998426E-012 -0.322271166E+004  0.915546353E+000 -0.140025844E+002  0.969268885E+000
  0.170872313E-012 -0.322271166E+004  0.915546353E+000 -0.140025844E+002  0.969268885E+000
  0.184708413E-012 -0.322271166E+004  0.915546353E+000 -0.140025844E+002  0.969268885E+000
  0.876641562E-012 -0.322271166E+004  0.915546353E+000 -0.140025844E+002  0.969268885E+000
  0.851420720E-011 -0.322271166E+004  0.915546353E+000 -0.140025844E+002  0.969268885E+000
  0.145274628E-010 -0.322271166E+004  0.915546353E+000 -0.140025844E+002  0.969268885E+000
  0.637266648E-011 -0.322271166E+004  0.915546353E+000 -0.140025844E+002  0.969268885E+000
  0.168281267E-010 -0.322271166E+004  0.915546353E+000 -0.140025844E+002  0.969268885E+000
  0.161515991E-010 -0.322271166E+004  0.915546353E+000 -0.140025844E+002  0.969268885E+000
  0.140371268E-010 -0.322271166E+004  0.915546353E+000 -0.140025844E+002  0.969268885E+000
  0.288869597E-010 -0.322271166E+004  0.915546353E+000 -0.140025844E+002  0.969268885E+000
  0.260605164E-010 -0.322271166E+004  0.915546353E+000 -0.140025844E+002  0.969268885E+000
  0.631276157E-010 -0.322271166E+004  0.915546353E+000 -0.140025844E+002  0.969268885E+000
  0.176134212E-010 -0.322271166E+004  0.915546353E+000 -0.140025844E+002  0.969268885E+000
  0.174601816E-010 -0.322271166E+004  0.915546353E+000 -0.140025844E+002  0.969268885E+000
  0.154707686E-010 -0.322271166E+004  0.915546353E+000 -0.140025844E+002  0.969268885E+000
  0.175625590E-010 -0.322271166E+004  0.915546353E+000 -0.140025844E+002  0.969268885E+000
  0.161919142E-010 -0.322271166E+004  0.915546353E+000 -0.140025844E+002  0.969268885E+000
  0.940395804E-010 -0.322271166E+004  0.915546353E+000 -0.140025844E+002  0.969268885E+000
  0.651008420E-010 -0.322271166E+004  0.915546353E+000 -0.140025844E+002  0.969268885E+000
  0.537175182E-010 -0.322271166E+004  0.915546353E+000 -0.140025844E+002  0.969268885E+000
  0.128419477E-010 -0.322271166E+004  0.915546353E+000 -0.140025844E+002  0.969268885E+000
  0.245336252E-010 -0.322271166E+004  0.915546353E+000 -0.140025844E+002  0.969268885E+000
  0.710388360E-010 -0.322271166E+004  0.915546353E+000 -0.140025844E+002  0.969268885E+000
  0.153028152E-010 -0.322271166E+004  0.915546353E+000 -0.140025844E+002  0.969268885E+000
  0.448267119E-010 -0.322271166E+004  0.915546353E+000 -0.140025844E+002  0.969268885E+000
  0.820461049E-009 -0.322271166E+004  0.915546353E+000 -0.140025844E+002  0.969268885E+000
  0.493003471E-009 -0.322271166E+004  0.915546353E+000 -0.140025844E+002  0.969268885E+000
  0.899685527E-009 -0.322271166E+004  0.915546353E+000 -0.140025844E+002  0.969268885E+000
  0.601839330E-009 -0.322271166E+004  0.915546353E+000 -0.140025844E+002  0.969268885E+000
  0.477242082E-009 -0.322271166E+004  0.915546353E+000 -0.140025844E+002  0.969268885E+000
  0.757188769E-009 -0.322271166E+004  0.915546353E+000 -0.140025844E+002  0.969268885E+000
  0.405959941E-008 -0.322271166E+004  0.915546353E+000 -0.140025844E+002  0.969268885E+000
  0.312356692E-008 -0.322271166E+004  0.915546353E+000 -0.140025844E+002  0.969268885E+000
  0.222913753E-008 -0.322271166E+004  0.915546353E+000 -0.140025844E+002  0.969268885E+000
  0.399559399E-008 -0.322271166E+004  0.915546353E+000 -0.140025844E+002  0.969268885E+000
  0.328972067E-008 -0.322271166E+004  0.915546353E+000 -0.140025844E+002  0.969268885E+000
  0.922536870E-008 -0.322271166E+004  0.915546353E+000 -0.140025844E+002  0.969268885E+000
  0.563626647E-008 -0.322271166E+004  0.915546353E+000 -0.140025844E+002  0.969268885E+000
  0.106245162E-007 -0.322271166E+004  0.915546353E+000 -0.140025844E+002  0.969268885E+000
  0.681008112E-008 -0.322271166E+004  0.915546353E+000 -0.140025844E+002  0.969268885E+000
  0.641148762E-008 -0.322271166E+004  0.915546353E+000 -0.140025844E+002  0.969268885E+000
  0.101801591E-007 -0.322271166E+004  0.915546353E+000 -0.140025844E+002  0.969268885E+000
  0.377211300E-008 -0.322271166E+004  0.915546353E+000 -0.140025844E+002  0.969268885E+000
  0.101757213E-007 -0.322271166E+004  0.915546353E+000 -0.140025844E+002  0.969268885E+000
  0.408861514E-007 -0.322271166E+004  0.915546353E+000 -0.140025844E+002  0.969268885E+000
  0.365160931E-007 -0.322271166E+004  0.915546353E+000 -0.140025844E+002  0.969268885E+000
  0.367806352E-007 -0.322271166E+004  0.915546353E+000 -0.140025844E+002  0.969268885E+000
  0.178542311E-007 -0.322271166E+004  0.915546353E+000 -0.140025844E+002  0.969268885E+000
  0.161422146E-007 -0.322271166E+004  0.915546353E+000 -0.140025844E+002  0.969268885E+000
  0.188974873E-007 -0.322271166E+004  0.915546353E+000 -0.140025844E+002  0.969268885E+000
  0.313569046E-007 -0.322271166E+004  0.915546353E+000 -0.140025844E+002  0.969268885E+000
  0.140279225E-007 -0.322271166E+004  0.915546353E+000 -0.140025844E+002  0.969268885E+000
  0.227746917E-006 -0.322271166E+004  0.915546353E+000 -0.140025844E+002  0.969268885E+000
  0.123715956E-006 -0.322271166E+004  0.915546353E+000 -0.140025844E+002  0.969268885E+000
  0.120917121E-006 -0.322271166E+004  0.915546353E+000 -0.140025844E+002  0.969268885E+000
  0.169696318E-006 -0.322271166E+004  0.915546353E+000 -0.140025844E+002  0.969268885E+000
  0.161996875E-006 -0.322271166E+004  0.915546353E+000 -0.140025844E+002  0.969268885E+000
  0.355075337E-006 -0.322271166E+004  0.915546353E+000 -0.140025844E+002  0.969268885E+000
  0.249647671E-006 -0.322271166E+004  0.915546353E+000 -0.140025844E+002  0.969268885E+000
  0.215974368E-006 -0.322271166E+004  0.915546353E+000 -0.140025844E+002  0.969268885E+000
  0.509397680E-006 -0.322271166E+004  0.915546353E+000 -0.140025844E+002  0.969268885E+000
  0.298709722E-006 -0.322271166E+004  0.915546353E+000 -0.140025844E+002  0.969268885E+000
  0.295625994E-006 -0.322271166E+004  0.915546353E+000 -0.140025844E+002  0.969268885E+000
  0.720587944E-006 -0.322271166E+004  0.915546353E+000 -0.140025844E+002  0.969268885E+000
  0.672807220E-006 -0.322271166E+004  0.915546353E+000 -0.140025844E+002  0.969268885E+000
  0.507693771E-006 -0.322271166E+004  0.915546353E+000 -0.140025844E+002  0.969268885E+000
  0.394307776E-006 -0.322271166E+004  0.915546353E+000 -0.140025844E+002  0.969268885E+000
  0.593393120E-006 -0.322271166E+004  0.915546353E+000 -0.140025844E+002  0.969268885E+000
  0.241927987E-006 -0.322271166E+004  0.915546353E+000 -0.140025844E+002  0.969268885E+000
  0.445340429E-006 -0.322271166E+004  0.915546353E+000 -0.140025844E+002  0.969268885E+000
  0.187936962E-006 -0.322271166E+004  0.915546353E+000 -0.140025844E+002  0.969268885E+000
  0.512690920E-005 -0.322271166E+004  0.915546353E+000 -0.140025844E+002  0.969268885E+000
  0.488812617E-005 -0.322271166E+004  0.915546353E+000 -0.140025844E+002  0.969268885E+000
  0.420951152E-005 -0.322271166E+004  0.915546353E+000 -0.140025844E+002  0.969268885E+000
  0.625974869E-005 -0.322271166E+004  0.915546353E+000 -0.140025844E+002  0.969268885E+000
  0.508188675E-005 -0.322271166E+004  0.915546353E+000 -0.140025844E+002  0.969268885E+000
  0.635461628E-005 -0.322271166E+004  0.915546353E+000 -0.140025844E+002  0.969268885E+000
  0.617881904E-005 -0.322271166E+004  0.915546353E+000 -0.140025844E+002  0.969268885E+000
  0.520536659E-005 -0.322271166E+004  0.915546353E+000 -0.140025844E+002  0.969268885E+000
  0.751111047E-005 -0.322271166E+004  0.915546353E+000 -0.140025844E+002  0.969268885E+000
  0.727564919E-005 -0.322271166E+004  0.915546353E+000 -0.140025844E+002  0.969268885E+000
  0.666983177E-005 -0.322271166E+004  0.915546353E+000 -0.140025844E+002  0.969268885E+000
  0.318061028E-004 -0.322271166E+004  0.915546353E+000 -0.140025844E+002  0.969268885E+000
  0.433614480E-004 -0.322271166E+004  0.915546353E+000 -0.140025844E+002  0.969268885E+000
  0.235912300E-004 -0.322271166E+004  0.915546353E+000 -0.140025844E+002  0.969268885E+000
  0.225664215E-004 -0.322271166E+004  0.915546353E+000 -0.140025844E+002  0.969268885E+000
  0.302729676E-004 -0.322271166E+004  0.915546353E+000 -0.140025844E+002  0.969268885E+000
  0.253199263E-004 -0.322271166E+004  0.915546353E+000 -0.140025844E+002  0.969268885E+000
  0.246606364E-004 -0.322271166E+004  0.915546353E+000 -0.140025844E+002  0.969268885E+000
  0.121469617E-004 -0.322271166E+004  0.915546353E+000 -0.140025844E+002  0.969268885E+000
  0.100717173E-004 -0.322271166E+004  0.915546353E+000 -0.140025844E+002  0.969268885E+000
  0.187874688E-003 -0.322271166E+004  0.915546353E+000 -0.140025844E+002  0.969268885E+000
  0.990134556E-004 -0.322271166E+004  0.915546353E+000 -0.140025844E+002  0.969268885E+000
  0.804327506E-004 -0.322271166E+004  0.915546353E+000 -0.140025844E+002  0.969268885E+000
  0.642352633E-004 -0.322271166E+004  0.915546353E+000 -0.140025844E+002  0.969268885E+000
  0.659720848E-004 -0.322271166E+004  0.915546353E+000 -0.140025844E+002  0.969268885E+000
  0.419953736E-003 -0.322271166E+004  0.915546353E+000 -0.140025844E+002  0.969268885E+000
  0.256625528E-003 -0.322271166E+004  0.915546353E+000 -0.140025844E+002  0.969268885E+000
  0.224378913E-003 -0.322271166E+004  0.915546353E+000 -0.140025844E+002  0.969268885E+000
  0.222500479E-003 -0.322271166E+004  0.915546353E+000 -0.140025844E+002  0.969268885E+000
  0.369321353E-003 -0.322271166E+004  0.915546353E+000 -0.140025844E+002  0.969268885E+000
  0.245336498E-003 -0.322271166E+004  0.915546353E+000 -0.140025844E+002  0.969268885E+000
  0.149789973E-003 -0.322271166E+004  0.915546353E+000 -0.140025844E+002  0.969268885E+000
  0.203186705E-003 -0.322271166E+004  0.915546353E+000 -0.140025844E+002  0.969268885E+000
  0.307207845E-003 -0.322271166E+004  0.915546353E+000 -0.140025844E+002  0.969268885E+000
  0.288897473E-003 -0.322271166E+004  0.915546353E+000 -0.140025844E+002  0.969268885E+000
  0.322632915E-003 -0.322271166E+004  0.915546353E+000 -0.140025844E+002  0.969268885E+000
  0.269444419E-002 -0.322271166E+004  0.915546353E+000 -0.140025844E+002  0.969268885E+000
  0.125648535E-002 -0.322271166E+004  0.915546353E+000 -0.140025844E+002  0.969268885E+000
  0.577403264E-003 -0.322271166E+004  0.915546353E+000 -0.140025844E+002  0.969268885E+000
  0.460919001E-003 -0.322271166E+004  0.915546353E+000 -0.140025844E+002  0.969268885E+000
  0.808322979E-003 -0.322271166E+004  0.915546353E+000 -0.140025844E+002  0.969268885E+000
  0.113019782E-002 -0.322271166E+004  0.915546353E+000 -0.140025844E+002  0.969268885E+000
  0.383418717E-003 -0.322271166E+004  0.915546353E+000 -0.140025844E+002  0.969268885E+000
  0.107371733E-002 -0.322271166E+004  0.915546353E+000 -0.140025844E+002  0.969268885E+000
  0.287305481E-002 -0.322271166E+004  0.915546353E+000 -0.140025844E+002  0.969268885E+000
  0.175134343E-002 -0.322271166E+004  0.915546353E+000 -0.140025844E+002  0.969268885E+000
  0.224393508E-002 -0.322271166E+004  0.915546353E+000 -0.140025844E+002  0.969268885E+000
  0.180612105E-002 -0.322271166E+004  0.915546353E+000 -0.140025844E+002  0.969268885E+000
  0.182201547E-002 -0.322271166E+004  0.915546353E+000 -0.140025844E+002  0.969268885E+000
  0.132895180E-002 -0.322271166E+004  0.915546353E+000 -0.140025844E+002  0.969268885E+000
  0.190467926E-002 -0.322271166E+004  0.915546353E+000 -0.140025844E+002  0.969268885E+000
  0.158718703E-002 -0.322271166E+004  0.915546353E+000 -0.140025844E+002  0.969268885E+000
  0.695102212E-002 -0.322271166E+004  0.915546353E+000 -0.140025844E+002  0.969268885E+000
  0.605882064E-002 -0.322271166E+004  0.915546353E+000 -0.140025844E+002  0.969268885E+000
  0.583163120E-002 -0.322271166E+004  0.915546353E+000 -0.140025844E+002  0.969268885E+000
  0.662113007E-002 -0.322271166E+004  0.915546353E+000 -0.140025844E+002  0.969268885E+000
  0.154413943E-001 -0.322271166E+004  0.915546353E+000 -0.140025844E+002  0.969268885E+000
  0.114977655E-001 -0.322271166E+004  0.915546353E+000 -0.140025844E+002  0.969268885E+000
  0.976156527E-002 -0.322271166E+004  0.915546353E+000 -0.140025844E+002  0.969268885E+000
  0.612598409E-002 -0.322271166E+004  0.915546353E+000 -0.140025844E+002  0.969268885E+000
  0.777443683E-002 -0.322271166E+004  0.915546353E+000 -0.140025844E+002  0.969268885E+000
  0.817815970E-001 -0.322271166E+004  0.915546353E+000 -0.140025844E+002  0.969268885E+000
  0.489855353E-001 -0.322271166E+004  0.915546353E+000 -0.140025844E+002  0.969268885E+000
  0.436181888E-001 -0.322271166E+004  0.915546353E+000 -0.140025844E+002  0.969268885E+000
  0.103894265E+000 -0.322271166E+004  0.915546353E+000 -0.140025844E+002  0.969268885E+000
  0.118172455E+000 -0.322271166E+004  0.915546353E+000 -0.140025844E+002  0.969268885E+000
  0.517432686E-001 -0.322271166E+004  0.915546353E+000 -0.140025844E+002  0.969268885E+000
  0.478488200E-001 -0.322271166E+004  0.915546353E+000 -0.140025844E+002  0.969268885E+000
  0.494403143E-001 -0.322271166E+004  0.915546353E+000 -0.140025844E+002  0.969268885E+000
  0.759387770E-001 -0.322271166E+004  0.915546353E+000 -0.140025844E+002  0.969268885E+000
  0.627331502E-001 -0.322271166E+004  0.915546353E+000 -0.140025844E+002  0.969268885E+000
  0.495711735E-001 -0.322271166E+004  0.915546353E+000 -0.140025844E+002  0.969268885E+000
  0.667675171E-001 -0.322271166E+004  0.915546353E+000 -0.140025844E+002  0.969268885E+000
  0.165043716E+000 -0.322271166E+004  0.915546353E+000 -0.140025844E+002  0.969268885E+000
  0.113883416E+000 -0.322271166E+004  0.915546353E+000 -0.140025844E+002  0.969268885E+000
  0.125549314E+000 -0.322271166E+004  0.915546353E+000 -0.140025844E+002  0.969268885E+000
