    0.103005694932438274E+01   -0.502975666585479502E+02
    0.987931615087230375E+00   -0.480242843667774224E+02
    0.988938465655885945E+00   -0.475297392903330618E+02
    0.102382198605477237E+01   -0.467472094903590971E+02
    0.102336560779870700E+01   -0.465347802700977127E+02
    0.991728546929744548E+00   -0.462874495136979291E+02
    0.102280031051724407E+01   -0.462804804548145228E+02
    0.991791823146844553E+00   -0.462614796304674414E+02
    0.102260024440476682E+01   -0.461928144309172097E+02
    0.102250374811264844E+01   -0.461509665340139037E+02
    0.993193205096944087E+00   -0.457116317887579839E+02
    0.102141749858856201E+01   -0.456993731911195127E+02
    0.993233574664504903E+00   -0.456965125533376622E+02
    0.993342182959125797E+00   -0.456560374576971668E+02
    0.102128407725155856E+01   -0.456463657289481333E+02
    0.993556869530202835E+00   -0.455768928677031511E+02
    0.993710033252188651E+00   -0.455211299023536213E+02
    0.102080251444243064E+01   -0.454595047954522258E+02
    0.102077164807908893E+01   -0.454477656146134308E+02
    0.994317466674340400E+00   -0.453057415743973380E+02
    0.994379379535377694E+00   -0.452843059283797942E+02
    0.102027264405578899E+01   -0.452619509149755075E+02
    0.994452414490073267E+00   -0.452591429425508665E+02
    0.994496770477159009E+00   -0.452439260328699433E+02
    0.102016102575422574E+01   -0.452214088079181167E+02
    0.994592284942355853E+00   -0.452113259282127871E+02
    0.102004392962094803E+01   -0.451792777002745609E+02
    0.101997550134540771E+01   -0.451548470504628199E+02
    0.994955266336530419E+00   -0.450895243264925512E+02
    0.994989097118377686E+00   -0.450783407153955835E+02
    0.995106717528694507E+00   -0.450396823504858475E+02
    0.995300067810639622E+00   -0.449768904928142774E+02
    0.995312292602856363E+00   -0.449729520573512715E+02
    0.995331723705363602E+00   -0.449666997312194852E+02
    0.995436234715350032E+00   -0.449332346085155905E+02
    0.101929618039295500E+01   -0.449198914157531064E+02
    0.101921852105782929E+01   -0.448939070351295726E+02
    0.101915415349214644E+01   -0.448725059072595442E+02
    0.996100876517294287E+00   -0.447268677195689861E+02
    0.101867665090710080E+01   -0.447175853854181256E+02
    0.101863538451968072E+01   -0.447045143295855709E+02
    0.996251099066532531E+00   -0.446817738205820874E+02
    0.996297962471660803E+00   -0.446678234611737253E+02
    0.101848302278446301E+01   -0.446566907203186076E+02
    0.996435186776652104E+00   -0.446272949514154504E+02
    0.996442954374714196E+00   -0.446250151302226641E+02
    0.101830166627612551E+01   -0.446006613032056052E+02
    0.101830090927009165E+01   -0.446004294664567453E+02
    0.996567188284308125E+00   -0.445887603304874318E+02
    0.101820052138884498E+01   -0.445698351590955610E+02
    0.996639170770038607E+00   -0.445679334369921349E+02
    0.996660380208147512E+00   -0.445618219880465745E+02
    0.101815682649612427E+01   -0.445566116150960951E+02
    0.996696942126213292E+00   -0.445513136293715277E+02
    0.996724092206810575E+00   -0.445435323618934476E+02
    0.996724092206810575E+00   -0.445435323618934476E+02
    0.996807551047407037E+00   -0.445197303905750061E+02
    0.101801892172128872E+01   -0.445152465144034934E+02
    0.996870672672657943E+00   -0.445018462897840621E+02
    0.101793784766140805E+01   -0.444911898198971727E+02
    0.101792816950899523E+01   -0.444883310161195098E+02
    0.997080208393102740E+00   -0.444432071244727354E+02
    0.101772540300800962E+01   -0.444290708330224362E+02
    0.997199378554233018E+00   -0.444103566903108700E+02
    0.997199378554233018E+00   -0.444103566903108700E+02
    0.101758528335814091E+01   -0.443888267995396504E+02
    0.997339836560948934E+00   -0.443721037295055254E+02
    0.997339836560948934E+00   -0.443721037295055254E+02
    0.997403747153962073E+00   -0.443548649514569604E+02
    0.101745775554035212E+01   -0.443527010903190302E+02
    0.101742085242448876E+01   -0.443423364305030319E+02
    0.101742085242448876E+01   -0.443423364305030319E+02
    0.997555842542614313E+00   -0.443142600533746673E+02
    0.997597098609257493E+00   -0.443033480116280600E+02
    0.997678121280931807E+00   -0.442820447591339246E+02
    0.997678121280931807E+00   -0.442820447591339246E+02
    0.997679532731490015E+00   -0.442816751375608888E+02
    0.997720266880924855E+00   -0.442710299389851869E+02
    0.997822105884552002E+00   -0.442446021031867716E+02
    0.101701191332213359E+01   -0.442301563166521490E+02
    0.101701191332213359E+01   -0.442301563166521490E+02
    0.997902524535966728E+00   -0.442239209465549052E+02
    0.997902524535966728E+00   -0.442239209465549052E+02
    0.998017311096191406E+00   -0.441946889997633647E+02
    0.101661693463124236E+01   -0.441264558346448865E+02
    0.998310409117958431E+00   -0.441215836289810284E+02
    0.998347015640959068E+00   -0.441126083519197607E+02
    0.101649641759381737E+01   -0.440957223291854277E+02
    0.101649641759381737E+01   -0.440957223291854277E+02
    0.101649522481010157E+01   -0.440954202719177815E+02
    0.998453461293165478E+00   -0.440867057910317328E+02
    0.998479682925270229E+00   -0.440803698056320812E+02
    0.998529267158121181E+00   -0.440684371007666940E+02
    0.998529267158121181E+00   -0.440684371007666940E+02
    0.998719979584407280E+00   -0.440231320219816098E+02
    0.998724172094724860E+00   -0.440221466032300839E+02
    0.998724172094724860E+00   -0.440221466032300839E+02
    0.998733434030230072E+00   -0.440199712616879779E+02
    0.101617309454205884E+01   -0.440153636086868829E+02
    0.998828216545001979E+00   -0.439978371000037356E+02
    0.998828216545001979E+00   -0.439978371000037356E+02
    0.998849735997831223E+00   -0.439928440727345915E+02
    0.998849735997831223E+00   -0.439928440727345915E+02
    0.998939767163591341E+00   -0.439720844467083651E+02
    0.101595614867855533E+01   -0.439631508984701398E+02
    0.101588985372688745E+01   -0.439474686814388420E+02
    0.101588985372688745E+01   -0.439474686814388420E+02
    0.999065620685374078E+00   -0.439434160348027305E+02
    0.999065620685374078E+00   -0.439434160348027305E+02
    0.999066027397836898E+00   -0.439433240531656750E+02
    0.999066027397836898E+00   -0.439433240531656750E+02
    0.999072349451008535E+00   -0.439418948150335211E+02
    0.999077975749969482E+00   -0.439406237370890480E+02
    0.101585659770594328E+01   -0.439396500114855755E+02
    0.101585659770594328E+01   -0.439396500114855755E+02
    0.101579649534616223E+01   -0.439256011403647051E+02
    0.101579649534616223E+01   -0.439256011403647051E+02
    0.101578587862212766E+01   -0.439231303961010440E+02
    0.101572304039939088E+01   -0.439085735872742404E+02
    0.101572304039939088E+01   -0.439085735872742404E+02
    0.101568687080418085E+01   -0.439002466930560828E+02
    0.101565899343128874E+01   -0.438938547295942953E+02
    0.101565899343128874E+01   -0.438938547295942953E+02
    0.999294464966019147E+00   -0.438923375557896236E+02
    0.999404687379623402E+00   -0.438682198525488261E+02
    0.999447524547576904E+00   -0.438589316907148046E+02
    0.101548686621649953E+01   -0.438548872635586093E+02
    0.101548686621649953E+01   -0.438548872635586093E+02
    0.999520912849095389E+00   -0.438431299387839459E+02
    0.999520912849095389E+00   -0.438431299387839459E+02
    0.999618398541657349E+00   -0.438223558168871108E+02
    0.101530451186496862E+01   -0.438145412833130976E+02
    0.101530451186496862E+01   -0.438145412833130976E+02
    0.999680997286358952E+00   -0.438091462144032704E+02
    0.101526182889938354E+01   -0.438052367323713057E+02
    0.101526182889938354E+01   -0.438052367323713057E+02
    0.101524651438497893E+01   -0.438019111418289881E+02
    0.101524651438497893E+01   -0.438019111418289881E+02
    0.101523024406809936E+01   -0.437983854313772412E+02
    0.101523024406809936E+01   -0.437983854313772412E+02
    0.999838670073099456E+00   -0.437763254315295569E+02
    0.999838670073099456E+00   -0.437763254315295569E+02
    0.101510386766114169E+01   -0.437712609198038010E+02
    0.101510386766114169E+01   -0.437712609198038010E+02
    0.101510026116250751E+01   -0.437704936251297099E+02
    0.999896496764756115E+00   -0.437644504266038652E+02
    0.999896496764756115E+00   -0.437644504266038652E+02
    0.999904300922668909E+00   -0.437628544674581192E+02
    0.999924089010869599E+00   -0.437588148865598185E+02
    0.999924089010869599E+00   -0.437588148865598185E+02
    0.101502688716696432E+01   -0.437549646910178964E+02
    0.101502688716696432E+01   -0.437549646910178964E+02
    0.999986627684763096E+00   -0.437461151311991472E+02
    0.101491067937598345E+01   -0.437306886236325951E+02
    0.101488180194075106E+01   -0.437247165549207821E+02
    0.101488180194075106E+01   -0.437247165549207821E+02
    0.100031298398971558E+01   -0.436814954453697410E+02
    0.100031298398971558E+01   -0.436814954453697410E+02
    0.101447711842128330E+01   -0.436435550945500310E+02
    0.100051983862805516E+01   -0.436419765723333555E+02
    0.100055908828575557E+01   -0.436346042565188768E+02
    0.100055908828575557E+01   -0.436346042565188768E+02
    0.101437908411026001E+01   -0.436246036073101919E+02
    0.101437314329679662E+01   -0.436234640461607128E+02
    0.101435371817574849E+01   -0.436197450246137493E+02
    0.101435371817574849E+01   -0.436197450246137493E+02
    0.100068160690749108E+01   -0.436118505769088571E+02
    0.100068160690749108E+01   -0.436118505769088571E+02
    0.100075660160120039E+01   -0.435981166467869485E+02
    0.100075660160120039E+01   -0.435981166467869485E+02
    0.101421979736609025E+01   -0.435944005655460103E+02
    0.101421979736609025E+01   -0.435944005655460103E+02
    0.100078328107198300E+01   -0.435932662889157356E+02
    0.100078328107198300E+01   -0.435932662889157356E+02
    0.101417419922673280E+01   -0.435858887678062317E+02
    0.101413382244719541E+01   -0.435784015005559198E+02
    0.101413382244719541E+01   -0.435784015005559198E+02
    0.101403687372821572E+01   -0.435606149612335685E+02
    0.101403687372821572E+01   -0.435606149612335685E+02
    0.100096803777695564E+01   -0.435601889969501883E+02
    0.100096803777695564E+01   -0.435601889969501883E+02
    0.101398046879444559E+01   -0.435503908547098462E+02
    0.101398046879444559E+01   -0.435503908547098462E+02
    0.101393432914435921E+01   -0.435420953285918202E+02
    0.101393432914435921E+01   -0.435420953285918202E+02
    0.101391775555318930E+01   -0.435391304396225038E+02
    0.101388489301364726E+01   -0.435332748743708109E+02
    0.101388489301364726E+01   -0.435332748743708109E+02
    0.101388237719404617E+01   -0.435328278725486442E+02
    0.101388237719404617E+01   -0.435328278725486442E+02
    0.100120733366689096E+01   -0.435186780246881000E+02
    0.100120733366689096E+01   -0.435186780246881000E+02
    0.100125761224706888E+01   -0.435101472512508352E+02
    0.100125761224706888E+01   -0.435101472512508352E+02
    0.100127832304527642E+01   -0.435066525608718138E+02
    0.100127886978873670E+01   -0.435065604573930855E+02
    0.100127886978873670E+01   -0.435065604573930855E+02
    0.101373246090334224E+01   -0.435065187411894243E+02
    0.101373246090334224E+01   -0.435065187411894243E+02
    0.100127935767716303E+01   -0.435064782751662804E+02
    0.100127935767716303E+01   -0.435064782751662804E+02
    0.101371479034423828E+01   -0.435034601151349420E+02
    0.101371479034423828E+01   -0.435034601151349420E+02
    0.100130145601846610E+01   -0.435027624846847374E+02
    0.100130145601846610E+01   -0.435027624846847374E+02
    0.101366877808304645E+01   -0.434955377288239333E+02
    0.101366877808304645E+01   -0.434955377288239333E+02
    0.101366471508088818E+01   -0.434948410739590017E+02
    0.101366471508088818E+01   -0.434948410739590017E+02
    0.100139388206731050E+01   -0.434873603578681411E+02
    0.100139388206731050E+01   -0.434873603578681411E+02
    0.101360532296621830E+01   -0.434847114540573969E+02
    0.101360532296621830E+01   -0.434847114540573969E+02
    0.101357472807962767E+01   -0.434795327365709454E+02
    0.101357472807962767E+01   -0.434795327365709454E+02
    0.100147846150427489E+01   -0.434734626717729000E+02
    0.100147846150427489E+01   -0.434734626717729000E+02
    0.100153159622633670E+01   -0.434648281009295445E+02
    0.100153159622633670E+01   -0.434648281009295445E+02
    0.100154471397399902E+01   -0.434627078609179947E+02
    0.100154471397399902E+01   -0.434627078609179947E+02
    0.100160176145221858E+01   -0.434535398922564795E+02
    0.100160176145221858E+01   -0.434535398922564795E+02
    0.101340208993042236E+01   -0.434508124329818983E+02
    0.101340208993042236E+01   -0.434508124329818983E+02
    0.100162544108168028E+01   -0.434497595648348423E+02
    0.100162544108168028E+01   -0.434497595648348423E+02
    0.100162599411290687E+01   -0.434496714528278929E+02
    0.100162599411290687E+01   -0.434496714528278929E+02
    0.101336382882362352E+01   -0.434445625890660949E+02
    0.101336382882362352E+01   -0.434445625890660949E+02
    0.100168546689528259E+01   -0.434402429442190652E+02
    0.100168546689528259E+01   -0.434402429442190652E+02
    0.100177396529822982E+01   -0.434263854227522259E+02
    0.100177396529822982E+01   -0.434263854227522259E+02
    0.100180020364839750E+01   -0.434223165773337101E+02
    0.100180020364839750E+01   -0.434223165773337101E+02
    0.101319444179534912E+01   -0.434173959385743018E+02
    0.101319444179534912E+01   -0.434173959385743018E+02
    0.100183868774537932E+01   -0.434163816006685792E+02
    0.100183868774537932E+01   -0.434163816006685792E+02
    0.100185406208038330E+01   -0.434140215086467123E+02
    0.100185406208038330E+01   -0.434140215086467123E+02
    0.100185993263456297E+01   -0.434131219735784981E+02
    0.101316310559730827E+01   -0.434124599389079364E+02
    0.101316310559730827E+01   -0.434124599389079364E+02
    0.101308112135162176E+01   -0.433996784886790508E+02
    0.101308112135162176E+01   -0.433996784886790508E+02
    0.100195264379562232E+01   -0.433990365977930637E+02
    0.100208599672765697E+01   -0.433791746170410377E+02
    0.100210327963989343E+01   -0.433766348393149599E+02
    0.100210327963989343E+01   -0.433766348393149599E+02
    0.101288541234297047E+01   -0.433699417659515305E+02
    0.101288541234297047E+01   -0.433699417659515305E+02
    0.101288237223348299E+01   -0.433694884468393482E+02
    0.101288237223348299E+01   -0.433694884468393482E+02
    0.101285661688228057E+01   -0.433656585531468863E+02
    0.101285661688228057E+01   -0.433656585531468863E+02
    0.100217977295798288E+01   -0.433654887146128516E+02
    0.100217977295798288E+01   -0.433654887146128516E+02
    0.100226398144394713E+01   -0.433533973118628424E+02
    0.100226398144394713E+01   -0.433533973118628424E+02
    0.100227564778318223E+01   -0.433517369501607206E+02
    0.100227564778318223E+01   -0.433517369501607206E+02
    0.100227830305829668E+01   -0.433513595526413411E+02
    0.100227830305829668E+01   -0.433513595526413411E+02
    0.100229570244548061E+01   -0.433488911732815154E+02
    0.100229570244548061E+01   -0.433488911732815154E+02
    0.100241211753259618E+01   -0.433325820290469252E+02
    0.100241211753259618E+01   -0.433325820290469252E+02
    0.100245327854364863E+01   -0.433269014677362136E+02
    0.100248849683215613E+01   -0.433220766849591641E+02
    0.100248849683215613E+01   -0.433220766849591641E+02
    0.101251354735162225E+01   -0.433164429010738061E+02
    0.101251354735162225E+01   -0.433164429010738061E+02
    0.100253016577156173E+01   -0.433164106376632674E+02
    0.100253016577156173E+01   -0.433164106376632674E+02
    0.101250447817780387E+01   -0.433151872521982853E+02
    0.101250447817780387E+01   -0.433151872521982853E+02
    0.101246400926801261E+01   -0.433096126993327175E+02
    0.101246400926801261E+01   -0.433096126993327175E+02
    0.100266202336288957E+01   -0.432987842727982795E+02
    0.100266202336288957E+01   -0.432987842727982795E+02
    0.100266890351292703E+01   -0.432978772125599605E+02
    0.100266890351292703E+01   -0.432978772125599605E+02
    0.100267107045934001E+01   -0.432975917883386785E+02
    0.100267107045934001E+01   -0.432975917883386785E+02
    0.100268089651662007E+01   -0.432962990905854710E+02
    0.100268089651662007E+01   -0.432962990905854710E+02
    0.100268965399187948E+01   -0.432951491327959488E+02
    0.100268965399187948E+01   -0.432951491327959488E+02
    0.101235312223434448E+01   -0.432945763331620412E+02
    0.101235312223434448E+01   -0.432945763331620412E+02
    0.100271438994903139E+01   -0.432919120091145757E+02
    0.100271438994903139E+01   -0.432919120091145757E+02
    0.101231362587291951E+01   -0.432893048631236468E+02
    0.101231362587291951E+01   -0.432893048631236468E+02
    0.100273728037826326E+01   -0.432889308724019415E+02
    0.100273728037826326E+01   -0.432889308724019415E+02
    0.100275661325274790E+01   -0.432864238889654445E+02
    0.101229012813284425E+01   -0.432861896767082470E+02
    0.101229012813284425E+01   -0.432861896767082470E+02
    0.100279989789246082E+01   -0.432808469515995498E+02
    0.100294434380095709E+01   -0.432625962311532746E+02
    0.101204533101745575E+01   -0.432546667379687975E+02
    0.101204533101745575E+01   -0.432546667379687975E+02
    0.101202016365176695E+01   -0.432515221155008618E+02
    0.101202016365176695E+01   -0.432515221155008618E+02
    0.100305456017277872E+01   -0.432490434698040858E+02
    0.101199526317639577E+01   -0.432484284847842986E+02
    0.100306625658953119E+01   -0.432476241838285844E+02
    0.100306625658953119E+01   -0.432476241838285844E+02
    0.101193239009001590E+01   -0.432406952257835115E+02
    0.101193239009001590E+01   -0.432406952257835115E+02
    0.101191935601946437E+01   -0.432391060576284048E+02
    0.101191935601946437E+01   -0.432391060576284048E+02
    0.101191679583571092E+01   -0.432387944740177161E+02
    0.101191679583571092E+01   -0.432387944740177161E+02
    0.100314111589839472E+01   -0.432386266956498559E+02
    0.101191265945498854E+01   -0.432382914532832032E+02
    0.101191265945498854E+01   -0.432382914532832032E+02
    0.101190144231505497E+01   -0.432369297847262075E+02
    0.101190144231505497E+01   -0.432369297847262075E+02
    0.101188733554313082E+01   -0.432352223903067454E+02
    0.101188733554313082E+01   -0.432352223903067454E+02
    0.100320547133580096E+01   -0.432310109386946166E+02
    0.100320547133580096E+01   -0.432310109386946166E+02
    0.101183428151217947E+01   -0.432288514434655937E+02
    0.101183428151217947E+01   -0.432288514434655937E+02
    0.101181311830088871E+01   -0.432263322801782905E+02
    0.101181311830088871E+01   -0.432263322801782905E+02
    0.101180670747886881E+01   -0.432255716661655995E+02
    0.101180670747886881E+01   -0.432255716661655995E+02
    0.101180539530591362E+01   -0.432254161262017078E+02
    0.100328516960144043E+01   -0.432217324181678180E+02
    0.100328516960144043E+01   -0.432217324181678180E+02
    0.101173614022445024E+01   -0.432172759468089467E+02
    0.101173614022445024E+01   -0.432172759468089467E+02
    0.101170294524095272E+01   -0.432134222793585820E+02
    0.101170294524095272E+01   -0.432134222793585820E+02
    0.100340823739629514E+01   -0.432077373104954248E+02
    0.100340948541641550E+01   -0.432075974556736284E+02
    0.100346329657502498E+01   -0.432016068197290153E+02
    0.100346329657502498E+01   -0.432016068197290153E+02
    0.101156032336178603E+01   -0.431972190603195827E+02
    0.101156032336178603E+01   -0.431972190603195827E+02
    0.100358027846363318E+01   -0.431888501527157516E+02
    0.100358027846363318E+01   -0.431888501527157516E+02
    0.100360396296240961E+01   -0.431863118721393491E+02
    0.100360396296240961E+01   -0.431863118721393491E+02
    0.101144625011010225E+01   -0.431846723782639330E+02
    0.101144625011010225E+01   -0.431846723782639330E+02
    0.100362362979212572E+01   -0.431842155522389746E+02
    0.100362362979212572E+01   -0.431842155522389746E+02
    0.100363177061080933E+01   -0.431833508321827182E+02
    0.100363177061080933E+01   -0.431833508321827182E+02
    0.101140515873160419E+01   -0.431802427183036528E+02
    0.101140515873160419E+01   -0.431802427183036528E+02
    0.101139364676805688E+01   -0.431790102608375932E+02
    0.101139364676805688E+01   -0.431790102608375932E+02
    0.101139337373410432E+01   -0.431789810754838470E+02
    0.101139337373410432E+01   -0.431789810754838470E+02
    0.101137534420890374E+01   -0.431770584996349172E+02
    0.101137534420890374E+01   -0.431770584996349172E+02
    0.101136143830766123E+01   -0.431755819031759955E+02
    0.101136143830766123E+01   -0.431755819031759955E+02
    0.100370870618349728E+01   -0.431752661491065766E+02
    0.100370870618349728E+01   -0.431752661491065766E+02
    0.101135498688742631E+01   -0.431748987102474686E+02
    0.101135397042771102E+01   -0.431747911760703715E+02
    0.101135397042771102E+01   -0.431747911760703715E+02
    0.100374031771693684E+01   -0.431719901378647606E+02
    0.100374031771693684E+01   -0.431719901378647606E+02
    0.100374652700133016E+01   -0.431713497872413186E+02
    0.100380104780197144E+01   -0.431657714332109350E+02
    0.100380834526438534E+01   -0.431650308171402841E+02
    0.100380834526438534E+01   -0.431650308171402841E+02
    0.101124941172158511E+01   -0.431638850898267279E+02
    0.101124941172158511E+01   -0.431638850898267279E+02
    0.101123406290954465E+01   -0.431623100335157446E+02
    0.100384246638285646E+01   -0.431615867805509126E+02
    0.100384246638285646E+01   -0.431615867805509126E+02
    0.101121137782278137E+01   -0.431599942921908308E+02
    0.100386723780137466E+01   -0.431591059745526024E+02
    0.100386723780137466E+01   -0.431591059745526024E+02
    0.101109737599928540E+01   -0.431485760130608611E+02
    0.101109737599928540E+01   -0.431485760130608611E+02
    0.100401339376212695E+01   -0.431448030632190864E+02
    0.100401339376212695E+01   -0.431448030632190864E+02
    0.101099424433264828E+01   -0.431385614051569490E+02
    0.101099424433264828E+01   -0.431385614051569490E+02
    0.101097929764272232E+01   -0.431371348130658703E+02
    0.101097929764272232E+01   -0.431371348130658703E+02
    0.101095750119958527E+01   -0.431350656973478550E+02
    0.101094023083695017E+01   -0.431334357175673020E+02
    0.100414191301011613E+01   -0.431326988092185175E+02
    0.100414191301011613E+01   -0.431326988092185175E+02
    0.101092697267703002E+01   -0.431321900961861289E+02
    0.100414742238850385E+01   -0.431321898171748828E+02
    0.100414742238850385E+01   -0.431321898171748828E+02
    0.100415020299651947E+01   -0.431319332355822453E+02
    0.100415020299651947E+01   -0.431319332355822453E+02
    0.101089924173948154E+01   -0.431296007044435541E+02
    0.101089924173948154E+01   -0.431296007044435541E+02
    0.101089335917961209E+01   -0.431290541942599148E+02
    0.101082700835010098E+01   -0.431229572700381354E+02
    0.101082700835010098E+01   -0.431229572700381354E+02
    0.101082149302772439E+01   -0.431224560361036424E+02
    0.101080248227849911E+01   -0.431207348787355969E+02
    0.101080248227849911E+01   -0.431207348787355969E+02
    0.101077436239737217E+01   -0.431182076168726738E+02
    0.101077436239737217E+01   -0.431182076168726738E+02
    0.100436363551304408E+01   -0.431128575438852764E+02
    0.101071260153099329E+01   -0.431127347736989748E+02
    0.101069272105734775E+01   -0.431109958638814632E+02
    0.101069272105734775E+01   -0.431109958638814632E+02
    0.101069121155504305E+01   -0.431108642832223623E+02
    0.100439344424979193E+01   -0.431102906592905484E+02
    0.100441004790026200E+01   -0.431088712354308541E+02
    0.101066417685462828E+01   -0.431085185374364244E+02
    0.100444799357975567E+01   -0.431056551072941474E+02
    0.100444799357975567E+01   -0.431056551072941474E+02
    0.101061118689924112E+01   -0.431039801613872342E+02
    0.100446984377941662E+01   -0.431038207184259363E+02
    0.100448440854971599E+01   -0.431026050878924565E+02
    0.100452759484651666E+01   -0.430990341080397883E+02
    0.100452759484651666E+01   -0.430990341080397883E+02
    0.101054745366675425E+01   -0.430986259336350201E+02
    0.101053633169017232E+01   -0.430977032419630817E+02
    0.100455955999018198E+01   -0.430964232644933460E+02
    0.100456089649539138E+01   -0.430963146999015834E+02
    0.100456909405057182E+01   -0.430956498614514558E+02
    0.101048808488333131E+01   -0.430937407562147001E+02
    0.101048808488333131E+01   -0.430937407562147001E+02
    0.100461881398213704E+01   -0.430916561894804815E+02
    0.101040435874081802E+01   -0.430870191012274546E+02
    0.100468571896534842E+01   -0.430863870924278913E+02
    0.101035007946296096E+01   -0.430827663344025993E+02
    0.100474863133365711E+01   -0.430815423147901839E+02
    0.100474863133365711E+01   -0.430815423147901839E+02
    0.100477054068422467E+01   -0.430798801236161708E+02
    0.100477054068422467E+01   -0.430798801236161708E+02
    0.100477585875187048E+01   -0.430794786083279462E+02
    0.100477585875187048E+01   -0.430794786083279462E+02
    0.100478265646407539E+01   -0.430789664883293213E+02
    0.100478265646407539E+01   -0.430789664883293213E+02
    0.100478663029243709E+01   -0.430786676878634438E+02
    0.100478663029243709E+01   -0.430786676878634438E+02
    0.101027879413778177E+01   -0.430773063769937465E+02
    0.100480570983968098E+01   -0.430772389789713017E+02
    0.100480898628385784E+01   -0.430769946195511793E+02
    0.100480898628385784E+01   -0.430769946195511793E+02
    0.100482779311615977E+01   -0.430755975860413756E+02
    0.100482792519360320E+01   -0.430755878085795771E+02
    0.100482792519360320E+01   -0.430755878085795771E+02
    0.101025575195774131E+01   -0.430755719055052424E+02
    0.101025575195774131E+01   -0.430755719055052424E+02
    0.100482817607306862E+01   -0.430755692377061976E+02
    0.100484402295050645E+01   -0.430743996385433405E+02
    0.100484402295050645E+01   -0.430743996385433405E+02
    0.101021107975460378E+01   -0.430722515538627206E+02
    0.100488377250028349E+01   -0.430714956391984742E+02
    0.100489680866775499E+01   -0.430705525208375946E+02
    0.100489791831542608E+01   -0.430704724534377661E+02
    0.100490566265819137E+01   -0.430699145789046653E+02
    0.100490566265819137E+01   -0.430699145789046653E+02
    0.100491881795276505E+01   -0.430689706237255407E+02
    0.100491881795276505E+01   -0.430689706237255407E+02
    0.100493168587626824E+01   -0.430680518014310181E+02
    0.100493334902766396E+01   -0.430679333713290404E+02
    0.100493334902766396E+01   -0.430679333713290404E+02
    0.101014671793691013E+01   -0.430675658182700190E+02
    0.101014671793691013E+01   -0.430675658182700190E+02
    0.101013627665511896E+01   -0.430668165749981924E+02
    0.101011440964473986E+01   -0.430652573164895998E+02
    0.101011440964473986E+01   -0.430652573164895998E+02
    0.101011243302361953E+01   -0.430651170290503487E+02
    0.100497753781956956E+01   -0.430648140744949330E+02
    0.100497753781956956E+01   -0.430648140744949330E+02
    0.100499326256346677E+01   -0.430637167616831817E+02
    0.101007436546219775E+01   -0.430624365376489422E+02
    0.100501432143767166E+01   -0.430622576639571264E+02
    0.101007100814085948E+01   -0.430622020773449208E+02
    0.100501568361928584E+01   -0.430621636948610700E+02
    0.100502928704992978E+01   -0.430612280176279327E+02
    0.100504956188152006E+01   -0.430598427287066556E+02
    0.100505127665787297E+01   -0.430597260742601051E+02
    0.101002290804275585E+01   -0.430588775412689486E+02
    0.100508979793762987E+01   -0.430571264198247761E+02
    0.100510935608333152E+01   -0.430558218403124897E+02
    0.100510935608333152E+01   -0.430558218403124897E+02
    0.100996938780356027E+01   -0.430552543033538768E+02
    0.100994754844655188E+01   -0.430537987805922171E+02
    0.100514321733313872E+01   -0.430535876154050214E+02
    0.100516539965342200E+01   -0.430521407655368122E+02
    0.100991363271803514E+01   -0.430515647895811853E+02
    0.100518054984875560E+01   -0.430511602234469350E+02
    0.100990116108365169E+01   -0.430507513673783890E+02
    0.100990116108365169E+01   -0.430507513673783890E+02
    0.100518922513583697E+01   -0.430506015369997357E+02
    0.100989691611911825E+01   -0.430504754930200093E+02
    0.100988151793135095E+01   -0.430494790047544882E+02
    0.100987590752734691E+01   -0.430491175732658675E+02
    0.100522616076400961E+01   -0.430482456379328156E+02
    0.100523963230674784E+01   -0.430473955402381350E+02
    0.100525235547578840E+01   -0.430465971686080593E+02
    0.100526149323021663E+01   -0.430460264778837427E+02
    0.100977426247145097E+01   -0.430427214318909321E+02
    0.100972733902265621E+01   -0.430398658792108577E+02
    0.100971631739922141E+01   -0.430392040501122963E+02
    0.100968114765842110E+01   -0.430371147980300535E+02
    0.100964349508285522E+01   -0.430349162401731391E+02
    0.100545099772140589E+01   -0.430346998395140616E+02
    0.100545244698042002E+01   -0.430346169591780310E+02
    0.100546142474415467E+01   -0.430341048043401528E+02
    0.100547288743945296E+01   -0.430334540608996363E+02
    0.100547344638830749E+01   -0.430334224199675219E+02
    0.100961563087220529E+01   -0.430333146497087569E+02
    0.100547734921282483E+01   -0.430332017247595786E+02
    0.100548710775426620E+01   -0.430326517065901015E+02
    0.100550319896123574E+01   -0.430317503896235749E+02
    0.100551182377369752E+01   -0.430312701722084796E+02
    0.100551452838413091E+01   -0.430311199979303893E+02
    0.100551657019193774E+01   -0.430310067571001724E+02
    0.100955723645368867E+01   -0.430300283449869738E+02
    0.100951371825042169E+01   -0.430276409556580006E+02
    0.100950845375007336E+01   -0.430273557203511388E+02
    0.100558693184023507E+01   -0.430271733738509923E+02
    0.100559116832311690E+01   -0.430269468433991378E+02
    0.100948743665966201E+01   -0.430262246789865870E+02
    0.100948608172910648E+01   -0.430261521845858894E+02
    0.100560907055991788E+01   -0.430259949527635044E+02
    0.100561238234041683E+01   -0.430258198113661692E+02
    0.100562880402888188E+01   -0.430249557490297221E+02
    0.100944185357564886E+01   -0.430238138319818759E+02
    0.100566535689651571E+01   -0.430230586660881258E+02
    0.100567253195045581E+01   -0.430226905326756963E+02
    0.100568746094123451E+01   -0.430219290352086432E+02
    0.100940522352619055E+01   -0.430219183748817997E+02
    0.100939657744671440E+01   -0.430214764170253048E+02
    0.100573600162250720E+01   -0.430194948165052580E+02
    0.100574286402626933E+01   -0.430191558327590471E+02
    0.100928906358025916E+01   -0.430161542280408753E+02
    0.100580946551954753E+01   -0.430159322257268428E+02
    0.100927137110442722E+01   -0.430153091830475276E+02
    0.100926970901024227E+01   -0.430152302432809321E+02
    0.100924291262486854E+01   -0.430139681612364697E+02
    0.100923920892265961E+01   -0.430137952892597966E+02
    0.100589815080190625E+01   -0.430118264775474870E+02
    0.100590459181405567E+01   -0.430115365978492363E+02
    0.100591229803469018E+01   -0.430111912563145253E+02
    0.100916000019124397E+01   -0.430101893553516348E+02
    0.100593937052134308E+01   -0.430099908241145812E+02
    0.100915427610905262E+01   -0.430099355172655891E+02
    0.100914973972604649E+01   -0.430097349943455569E+02
    0.100597632566048323E+01   -0.430083842945010417E+02
    0.100911671687349624E+01   -0.430082924860491218E+02
    0.100911524579150935E+01   -0.430082289300716312E+02
    0.100910384503431305E+01   -0.430077384125397373E+02
    0.100599879693650074E+01   -0.430074255410398294E+02
    0.100908556693094731E+01   -0.430069595220774517E+02
    0.100601404787003679E+01   -0.430067826596290459E+02
    0.100604440146129170E+01   -0.430055219442618082E+02
    0.100902293867293924E+01   -0.430043609965710800E+02
    0.100607951152914255E+01   -0.430040948885398180E+02
    0.100900082200227148E+01   -0.430034693351304540E+02
    0.100898801008405936E+01   -0.430029590098114838E+02
    0.100611160805609612E+01   -0.430028196224189045E+02
    0.100898173031149607E+01   -0.430027105352100278E+02
    0.100897518505960759E+01   -0.430024527197128208E+02
    0.100612189933050411E+01   -0.430024166543461632E+02
    0.100896556736432985E+01   -0.430020760360173071E+02
    0.100896524865501669E+01   -0.430020635974344572E+02
    0.100894829520760299E+01   -0.430014059963999458E+02
    0.100615302398898998E+01   -0.430012154459616340E+02
    0.100894175015381493E+01   -0.430011542539210581E+02
    0.100615932856871648E+01   -0.430009753375303205E+02
    0.100616333426033977E+01   -0.430008233430678359E+02
    0.100892104820807837E+01   -0.430003658102578825E+02
    0.100618589666510205E+01   -0.429999753694764379E+02
    0.100618717920838341E+01   -0.429999275827818224E+02
    0.100618887327804529E+01   -0.429998645314467112E+02
    0.100889880894179917E+01   -0.429995320473959453E+02
    0.100622280375763040E+01   -0.429986181122490976E+02
    0.100622420412713010E+01   -0.429985673431192978E+02
    0.100623642885640674E+01   -0.429981264116721249E+02
    0.100885871076266276E+01   -0.429980633669837857E+02
    0.100885772857200706E+01   -0.429980279509863905E+02
    0.100885206442857611E+01   -0.429978242336581360E+02
    0.100626358303961072E+01   -0.429971615351635919E+02
    0.100883163575776180E+01   -0.429970968744685678E+02
    0.100630405177516713E+01   -0.429957607742807468E+02
    0.100631610918642878E+01   -0.429953520426728488E+02
    0.100877405533675635E+01   -0.429951089201755963E+02
    0.100632900485833199E+01   -0.429949192736418340E+02
    0.100876361530961001E+01   -0.429947583094239931E+02
    0.100876320662068530E+01   -0.429947446456544711E+02
    0.100875475530394154E+01   -0.429944631275118709E+02
    0.100875015266328782E+01   -0.429943106423952415E+02
    0.100639408228253613E+01   -0.429928043851815929E+02
    0.100869985442507204E+01   -0.429926824738111364E+02
    0.100641600330902370E+01   -0.429921179563494391E+02
    0.100642161956269760E+01   -0.429919441963696087E+02
    0.100867338785288796E+01   -0.429918538493173301E+02
    0.100865659903154614E+01   -0.429913382631952459E+02
    0.100865064592319165E+01   -0.429911573150105966E+02
    0.100863518103256178E+01   -0.429906918309017527E+02
    0.100863518063780710E+01   -0.429906918191042919E+02
    0.100862817294254770E+01   -0.429904830691883433E+02
    0.100862280217159173E+01   -0.429903240002645219E+02
    0.100651627929795695E+01   -0.429891448214917062E+02
    0.100652207866400412E+01   -0.429889812535341918E+02
    0.100652721465429607E+01   -0.429888371610449482E+02
    0.100652992970261712E+01   -0.429887612796289389E+02
    0.100856547327491208E+01   -0.429886757509747639E+02
    0.100653801848802660E+01   -0.429885364014426088E+02
    0.100653820272392003E+01   -0.429885313002293756E+02
    0.100855803679603051E+01   -0.429884686035094248E+02
    0.100855232595424282E+01   -0.429883105622783859E+02
    0.100855191377853859E+01   -0.429882991906477159E+02
    0.100854851857826677E+01   -0.429882056981524627E+02
    0.100657655124553913E+01   -0.429874896272346732E+02
    0.100851665467383067E+01   -0.429873437965515777E+02
    0.100658527518146013E+01   -0.429872582537616665E+02
    0.100851060466862430E+01   -0.429871833163355959E+02
    0.100850848790564762E+01   -0.429871274066818287E+02
    0.100659082586300230E+01   -0.429871121204844613E+02
    0.100850014390217391E+01   -0.429869082239236278E+02
    0.100849710939164794E+01   -0.429868289894795765E+02
    0.100849320382673380E+01   -0.429867273852554632E+02
    0.100848397296000303E+01   -0.429864889169987805E+02
    0.100848357754412277E+01   -0.429864787544852405E+02
    0.100661851975388084E+01   -0.429863955731561518E+02
    0.100847924113480136E+01   -0.429863675886131489E+02
    0.100845608729097069E+01   -0.429857828200753502E+02
    0.100844865007860873E+01   -0.429855981294382445E+02
    0.100844424962997437E+01   -0.429854895710458891E+02
    0.100843322060621565E+01   -0.429852198365361886E+02
    0.100667713403878301E+01   -0.429849479824588272E+02
    0.100667730519839949E+01   -0.429849438925826490E+02
    0.100841859221040586E+01   -0.429848672552710127E+02
    0.100841443177495815E+01   -0.429847680575295072E+02
    0.100669740350103876E+01   -0.429844691990392107E+02
    0.100839055165188096E+01   -0.429842079251353368E+02
    0.100838801353961305E+01   -0.429841493167574598E+02
    0.100837143416413078E+01   -0.429837708518953221E+02
    0.100675295271581589E+01   -0.429832145399541545E+02
    0.100675647164530035E+01   -0.429831378964075910E+02
    0.100832371349118644E+01   -0.429827238574151735E+02
    0.100677702060627672E+01   -0.429826970831335728E+02
    0.100677799434328685E+01   -0.429826764807392365E+02
    0.100830584004133539E+01   -0.429823478896795166E+02
    0.100680341764606407E+01   -0.429821477342299261E+02
    0.100682806293648119E+01   -0.429816520158259081E+02
    0.100683252181175309E+01   -0.429815641014620908E+02
    0.100683269575259926E+01   -0.429815606829245596E+02
    0.100683944006376280E+01   -0.429814287711253797E+02
    0.100684029596154745E+01   -0.429814121194779020E+02
    0.100824657218354519E+01   -0.429811642582083238E+02
    0.100686627869254242E+01   -0.429809161445235475E+02
    0.100687279061676627E+01   -0.429807947309080731E+02
    0.100822609395479668E+01   -0.429807778115354893E+02
    0.100690051244652090E+01   -0.429802908264580523E+02
    0.100690453464587870E+01   -0.429802194585601782E+02
    0.100819318230329391E+01   -0.429801809592241284E+02
    0.100690704301967759E+01   -0.429801751750354271E+02
    0.100819052544648358E+01   -0.429801340799228555E+02
    0.100816602186149029E+01   -0.429797108963330246E+02
    0.100694538262538003E+01   -0.429795197161196754E+02
    0.100815421572821284E+01   -0.429795129094788138E+02
    0.100694938415178559E+01   -0.429794536208154625E+02
    0.100695030028711985E+01   -0.429794385501010510E+02
    0.100814483850387648E+01   -0.429793583925169855E+02
    0.100695706496954407E+01   -0.429793279790677261E+02
    0.100813832276078630E+01   -0.429792524537642819E+02
    0.100813354061415383E+01   -0.429791754458532722E+02
    0.100698050046934706E+01   -0.429789545915405142E+02
    0.100811937735595425E+01   -0.429789510691808161E+02
    0.100811468544597482E+01   -0.429788779580685443E+02
    0.100811369175651411E+01   -0.429788625518628891E+02
    0.100808722917042104E+01   -0.429784622841889785E+02
    0.100808597923683529E+01   -0.429784438551154864E+02
    0.100806966964044342E+01   -0.429782073304868248E+02
    0.100806931622471940E+01   -0.429782022863018938E+02
    0.100806331858805143E+01   -0.429781172086556538E+02
    0.100704042851097419E+01   -0.429780680818182361E+02
    0.100704836928874952E+01   -0.429779579839051635E+02
    0.100803521189134759E+01   -0.429777317107026136E+02
    0.100707521645531117E+01   -0.429775985247735193E+02
    0.100708649137632023E+01   -0.429774534430736352E+02
    0.100800892275284526E+01   -0.429773908326003422E+02
    0.100800276858541915E+01   -0.429773137835091958E+02
    0.100798580652138359E+01   -0.429771068192199905E+02
    0.100797754927700334E+01   -0.429770089341620718E+02
    0.100796817730960520E+01   -0.429769001088126572E+02
    0.100713865912007461E+01   -0.429768274467615612E+02
    0.100795884923752554E+01   -0.429767941939863647E+02
    0.100795718638069953E+01   -0.429767755647479319E+02
    0.100794720310018437E+01   -0.429766653206049511E+02
    0.100793714703256621E+01   -0.429765570458364081E+02
    0.100792495826057471E+01   -0.429764295389567224E+02
    0.100718707855057943E+01   -0.429763130782369771E+02
    0.100719705389001701E+01   -0.429762150817973421E+02
    0.100790277900698677E+01   -0.429762080094014962E+02
    0.100789758331013779E+01   -0.429761580708237574E+02
    0.100720539594617353E+01   -0.429761352224500968E+02
    0.100789256358361135E+01   -0.429761105290131269E+02
    0.100721531000149378E+01   -0.429760427921773669E+02
    0.100721848208458287E+01   -0.429760137867056855E+02
    0.100786354306413228E+01   -0.429758492643081595E+02
    0.100785797548034428E+01   -0.429758017893731861E+02
    0.100783630269582258E+01   -0.429756251040330142E+02
    0.100782296926815662E+01   -0.429755228228892534E+02
    0.100727930043415581E+01   -0.429755109594300038E+02
    0.100782093232891889E+01   -0.429755076279544141E+02
    0.100780727889589339E+01   -0.429754087229984236E+02
    0.100730007696897483E+01   -0.429753624050730068E+02
    0.100733682677133496E+01   -0.429751286042278693E+02
    0.100775743000045015E+01   -0.429750911357415646E+02
    0.100775044411228532E+01   -0.429750520858806482E+02
    0.100773474290806009E+01   -0.429749692142221136E+02
    0.100772397670172209E+01   -0.429749163053562171E+02
    0.100738402982590403E+01   -0.429748826061350471E+02
    0.100771491215372810E+01   -0.429748742289317605E+02
    0.100739425317615994E+01   -0.429748373744079402E+02
    0.100769683546583000E+01   -0.429747970600558560E+02
    0.100740708158267411E+01   -0.429747846709813857E+02
    0.100769023786085588E+01   -0.429747711314872731E+02
    0.100767699242045872E+01   -0.429747226873810604E+02
    0.100743337152548351E+01   -0.429746907632338448E+02
    0.100744563360100936E+01   -0.429746534452022857E+02
    0.100744951678494976E+01   -0.429746424870074932E+02
    0.100764912152334429E+01   -0.429746364917975043E+02
    0.100747341579852057E+01   -0.429745841510929267E+02
    0.100758464895088928E+01   -0.429745188539158391E+02
    0.100760404044258656E+01   -0.429745422337051437E+02
    0.100760658166666572E+01   -0.429745460627481393E+02
    0.100756681423195493E+01   -0.429745064647182531E+02
    0.100748283284387163E+01   -0.429745654679411402E+02
    0.100762782478402069E+01   -0.429745850082165788E+02
    0.100756615160465146E+01   -0.429745061726480557E+02
    0.100750688896358143E+01   -0.429745287873154638E+02
    0.100757404854451904E+01   -0.429745104375522757E+02
