    0.165928125381469727E+01   -0.449479280843683142E+02
    0.161947309970855713E+01   -0.444263940073265147E+02
    0.155442476272583008E+01   -0.438123849993370413E+02
    0.155442476272583008E+01   -0.438123849993370413E+02
    0.155442476272583008E+01   -0.438123849993370413E+02
   -0.498166203498840332E+01   -0.437434119109596296E+02
   -0.498166203498840332E+01   -0.437434119109596296E+02
   -0.498166203498840332E+01   -0.437434119109596296E+02
   -0.493986010551452637E+01   -0.437434118185417304E+02
   -0.493986010551452637E+01   -0.437434118185417304E+02
   -0.493986010551452637E+01   -0.437434118185417304E+02
   -0.491901576519012451E+01   -0.437434117690257978E+02
   -0.491901576519012451E+01   -0.437434117690257978E+02
   -0.491901576519012451E+01   -0.437434117690257978E+02
   -0.485970437526702881E+01   -0.437434116144047138E+02
   -0.485970437526702881E+01   -0.437434116144047138E+02
   -0.485755801200866699E+01   -0.437434116084036972E+02
   -0.485755801200866699E+01   -0.437434116084036972E+02
   -0.485173225402832031E+01   -0.437434115919651418E+02
   -0.485173225402832031E+01   -0.437434115919651418E+02
   -0.485173225402832031E+01   -0.437434115919651418E+02
   -0.484782218933105469E+01   -0.437434115808078161E+02
   -0.484782218933105469E+01   -0.437434115808078161E+02
   -0.484782218933105469E+01   -0.437434115808078161E+02
   -0.484631717205047607E+01   -0.437434115764863947E+02
   -0.484631717205047607E+01   -0.437434115764863947E+02
   -0.483903884887695312E+01   -0.437434115553752534E+02
   -0.483903884887695312E+01   -0.437434115553752534E+02
   -0.483903884887695312E+01   -0.437434115553752534E+02
   -0.481213033199310303E+01   -0.437434114741805331E+02
   -0.481213033199310303E+01   -0.437434114741805331E+02
   -0.475010335445404053E+01   -0.437434112666959578E+02
   -0.475010335445404053E+01   -0.437434112666959578E+02
   -0.475010335445404053E+01   -0.437434112666959578E+02
   -0.472782075405120850E+01   -0.437434111846221469E+02
   -0.472782075405120850E+01   -0.437434111846221469E+02
   -0.472782075405120850E+01   -0.437434111846221469E+02
   -0.467550933361053467E+01   -0.437434109745604189E+02
   -0.467550933361053467E+01   -0.437434109745604189E+02
   -0.467550933361053467E+01   -0.437434109745604189E+02
   -0.467206656932830811E+01   -0.437434109598280116E+02
   -0.467206656932830811E+01   -0.437434109598280116E+02
   -0.467206656932830811E+01   -0.437434109598280116E+02
   -0.465164601802825928E+01   -0.437434108700015756E+02
   -0.465164601802825928E+01   -0.437434108700015756E+02
   -0.459813177585601807E+01   -0.437434106135484342E+02
   -0.459813177585601807E+01   -0.437434106135484342E+02
   -0.459813177585601807E+01   -0.437434106135484342E+02
   -0.456117033958435059E+01   -0.437434104170397973E+02
   -0.456117033958435059E+01   -0.437434104170397973E+02
   -0.451875329017639160E+01   -0.437434101699220150E+02
   -0.451875329017639160E+01   -0.437434101699220150E+02
   -0.451875329017639160E+01   -0.437434101699220150E+02
   -0.445473134517669678E+01   -0.437434097480969655E+02
   -0.445473134517669678E+01   -0.437434097480969655E+02
   -0.444683909416198730E+01   -0.437434096916586341E+02
   -0.444683909416198730E+01   -0.437434096916586341E+02
   -0.443468332290649414E+01   -0.437434096027000123E+02
   -0.443468332290649414E+01   -0.437434096027000123E+02
   -0.443468332290649414E+01   -0.437434096027000123E+02
   -0.442618787288665771E+01   -0.437434095390336211E+02
   -0.442618787288665771E+01   -0.437434095390336211E+02
   -0.438398838043212891E+01   -0.437434092036495556E+02
   -0.438398838043212891E+01   -0.437434092036495556E+02
   -0.438398838043212891E+01   -0.437434092036495556E+02
   -0.438274860382080078E+01   -0.437434091932950935E+02
   -0.438274860382080078E+01   -0.437434091932950935E+02
   -0.438274860382080078E+01   -0.437434091932950935E+02
   -0.437701225280761719E+01   -0.437434091449991200E+02
   -0.437701225280761719E+01   -0.437434091449991200E+02
   -0.437701225280761719E+01   -0.437434091449991200E+02
   -0.435860812664031982E+01   -0.437434089856719339E+02
   -0.435860812664031982E+01   -0.437434089856719339E+02
   -0.435860812664031982E+01   -0.437434089856719339E+02
   -0.435319185256958008E+01   -0.437434089374820587E+02
   -0.435319185256958008E+01   -0.437434089374820587E+02
   -0.435319185256958008E+01   -0.437434089374820587E+02
   -0.434880256652832031E+01   -0.437434088979862565E+02
   -0.434880256652832031E+01   -0.437434088979862565E+02
   -0.434880256652832031E+01   -0.437434088979862565E+02
   -0.434767723083496094E+01   -0.437434088877957876E+02
   -0.434767723083496094E+01   -0.437434088877957876E+02
   -0.427946150302886963E+01   -0.437434082180441735E+02
   -0.427946150302886963E+01   -0.437434082180441735E+02
   -0.425006449222564697E+01   -0.437434078953618339E+02
   -0.425006449222564697E+01   -0.437434078953618339E+02
   -0.420732557773590088E+01   -0.437434073854962833E+02
   -0.420732557773590088E+01   -0.437434073854962833E+02
   -0.418298363685607910E+01   -0.437434070718722694E+02
   -0.418298363685607910E+01   -0.437434070718722694E+02
   -0.418298363685607910E+01   -0.437434070718722694E+02
   -0.417519330978393555E+01   -0.437434069677305217E+02
   -0.417519330978393555E+01   -0.437434069677305217E+02
   -0.412991285324096680E+01   -0.437434063239970143E+02
   -0.412991285324096680E+01   -0.437434063239970143E+02
   -0.412113130092620850E+01   -0.437434061911939196E+02
   -0.412113130092620850E+01   -0.437434061911939196E+02
   -0.412113130092620850E+01   -0.437434061911939196E+02
   -0.411938369274139404E+01   -0.437434061644430017E+02
   -0.411938369274139404E+01   -0.437434061644430017E+02
   -0.411938369274139404E+01   -0.437434061644430017E+02
   -0.406876742839813232E+01   -0.437434053410412815E+02
   -0.406876742839813232E+01   -0.437434053410412815E+02
   -0.405882239341735840E+01   -0.437434051676720017E+02
   -0.405882239341735840E+01   -0.437434051676720017E+02
   -0.403683304786682129E+01   -0.437434047699476167E+02
   -0.403683304786682129E+01   -0.437434047699476167E+02
   -0.403300285339355469E+01   -0.437434046985875256E+02
   -0.403300285339355469E+01   -0.437434046985875256E+02
   -0.403300285339355469E+01   -0.437434046985875256E+02
   -0.402662932872772217E+01   -0.437434045784389411E+02
   -0.402662932872772217E+01   -0.437434045784389411E+02
   -0.402662932872772217E+01   -0.437434045784389411E+02
   -0.402235209941864014E+01   -0.437434044968136604E+02
   -0.402235209941864014E+01   -0.437434044968136604E+02
   -0.402235209941864014E+01   -0.437434044968136604E+02
   -0.397326469421386719E+01   -0.437434035001610795E+02
   -0.397326469421386719E+01   -0.437434035001610795E+02
   -0.397326469421386719E+01   -0.437434035001610795E+02
   -0.391842246055603027E+01   -0.437434022449674416E+02
   -0.391842246055603027E+01   -0.437434022449674416E+02
   -0.391842246055603027E+01   -0.437434022449674416E+02
   -0.390939116477966309E+01   -0.437434020226356850E+02
   -0.390939116477966309E+01   -0.437434020226356850E+02
   -0.381779491901397705E+01   -0.437433994861097091E+02
   -0.381779491901397705E+01   -0.437433994861097091E+02
   -0.380261898040771484E+01   -0.437433990117363010E+02
   -0.380261898040771484E+01   -0.437433990117363010E+02
   -0.380261898040771484E+01   -0.437433990117363010E+02
   -0.374526262283325195E+01   -0.437433970614174399E+02
   -0.374526262283325195E+01   -0.437433970614174399E+02
   -0.373038530349731445E+01   -0.437433965120399364E+02
   -0.373038530349731445E+01   -0.437433965120399364E+02
   -0.370358765125274658E+01   -0.437433954737279436E+02
   -0.370358765125274658E+01   -0.437433954737279436E+02
   -0.370358765125274658E+01   -0.437433954737279436E+02
   -0.365317821502685547E+01   -0.437433933381229565E+02
   -0.365317821502685547E+01   -0.437433933381229565E+02
   -0.365317821502685547E+01   -0.437433933381229565E+02
   -0.362649083137512207E+01   -0.437433921030643020E+02
   -0.362649083137512207E+01   -0.437433921030643020E+02
   -0.359975755214691162E+01   -0.437433907874032144E+02
   -0.359975755214691162E+01   -0.437433907874032144E+02
   -0.358939647674560547E+01   -0.437433902553129812E+02
   -0.358939647674560547E+01   -0.437433902553129812E+02
   -0.358939647674560547E+01   -0.437433902553129812E+02
   -0.358723342418670654E+01   -0.437433901426193046E+02
   -0.358723342418670654E+01   -0.437433901426193046E+02
   -0.356181561946868896E+01   -0.437433887754498016E+02
   -0.356181561946868896E+01   -0.437433887754498016E+02
   -0.345235586166381836E+01   -0.437433818815758642E+02
   -0.345235586166381836E+01   -0.437433818815758642E+02
   -0.344723641872406006E+01   -0.437433815146538549E+02
   -0.344723641872406006E+01   -0.437433815146538549E+02
   -0.344152867794036865E+01   -0.437433811004354851E+02
   -0.344152867794036865E+01   -0.437433811004354851E+02
   -0.341002464294433594E+01   -0.437433787135647663E+02
   -0.341002464294433594E+01   -0.437433787135647663E+02
   -0.340796828269958496E+01   -0.437433785516647475E+02
   -0.340796828269958496E+01   -0.437433785516647475E+02
   -0.335563778877258301E+01   -0.437433741627448143E+02
   -0.335563778877258301E+01   -0.437433741627448143E+02
   -0.334926962852478027E+01   -0.437433735916520874E+02
   -0.334926962852478027E+01   -0.437433735916520874E+02
   -0.333726823329925537E+01   -0.437433724923454719E+02
   -0.333726823329925537E+01   -0.437433724923454719E+02
   -0.332090020179748535E+01   -0.437433709432443010E+02
   -0.332090020179748535E+01   -0.437433709432443010E+02
   -0.331966280937194824E+01   -0.437433708237443710E+02
   -0.331966280937194824E+01   -0.437433708237443710E+02
   -0.331911623477935791E+01   -0.437433707708509445E+02
   -0.331911623477935791E+01   -0.437433707708509445E+02
   -0.329607963562011719E+01   -0.437433684799168248E+02
   -0.329607963562011719E+01   -0.437433684799168248E+02
   -0.328244030475616455E+01   -0.437433670651278206E+02
   -0.328244030475616455E+01   -0.437433670651278206E+02
   -0.327858090400695801E+01   -0.437433666566662680E+02
   -0.327858090400695801E+01   -0.437433666566662680E+02
   -0.327858090400695801E+01   -0.437433666566662680E+02
   -0.307746887207031250E+01   -0.437433394657858798E+02
   -0.307746887207031250E+01   -0.437433394657858798E+02
   -0.304359495639801025E+01   -0.437433335149843501E+02
   -0.304359495639801025E+01   -0.437433335149843501E+02
   -0.300399899482727051E+01   -0.437433259443143498E+02
   -0.300399899482727051E+01   -0.437433259443143498E+02
   -0.299872696399688721E+01   -0.437433248832385644E+02
   -0.299872696399688721E+01   -0.437433248832385644E+02
   -0.299166858196258545E+01   -0.437433234423162034E+02
   -0.299166858196258545E+01   -0.437433234423162034E+02
   -0.290896534919738770E+01   -0.437433046929277438E+02
   -0.290896534919738770E+01   -0.437433046929277438E+02
   -0.290333211421966553E+01   -0.437433032812522100E+02
   -0.290333211421966553E+01   -0.437433032812522100E+02
   -0.282545506954193115E+01   -0.437432817674554855E+02
   -0.282545506954193115E+01   -0.437432817674554855E+02
   -0.281624555587768555E+01   -0.437432789587217457E+02
   -0.281624555587768555E+01   -0.437432789587217457E+02
   -0.280301034450531006E+01   -0.437432748164861351E+02
   -0.280301034450531006E+01   -0.437432748164861351E+02
   -0.275797069072723389E+01   -0.437432597361341138E+02
   -0.275797069072723389E+01   -0.437432597361341138E+02
   -0.271987318992614746E+01   -0.437432457008236142E+02
   -0.271987318992614746E+01   -0.437432457008236142E+02
   -0.270281553268432617E+01   -0.437432390064762160E+02
   -0.270281553268432617E+01   -0.437432390064762160E+02
   -0.264429688453674316E+01   -0.437432139357224017E+02
   -0.264429688453674316E+01   -0.437432139357224017E+02
   -0.262375473976135254E+01   -0.437432043028373556E+02
   -0.262375473976135254E+01   -0.437432043028373556E+02
   -0.259441792964935303E+01   -0.437431897314257796E+02
   -0.259441792964935303E+01   -0.437431897314257796E+02
   -0.255447089672088623E+01   -0.437431682392387629E+02
   -0.255447089672088623E+01   -0.437431682392387629E+02
   -0.254433929920196533E+01   -0.437431624667082346E+02
   -0.254433929920196533E+01   -0.437431624667082346E+02
   -0.250754833221435547E+01   -0.437431403354116881E+02
   -0.250754833221435547E+01   -0.437431403354116881E+02
   -0.249071955680847168E+01   -0.437431295702461966E+02
   -0.249071955680847168E+01   -0.437431295702461966E+02
   -0.246041297912597656E+01   -0.437431090997060537E+02
   -0.246041297912597656E+01   -0.437431090997060537E+02
   -0.237184464931488037E+01   -0.437430403992001970E+02
   -0.237184464931488037E+01   -0.437430403992001970E+02
   -0.235132455825805664E+01   -0.437430223822703965E+02
   -0.235132455825805664E+01   -0.437430223822703965E+02
   -0.233751416206359863E+01   -0.437430097684553516E+02
   -0.233013570308685303E+01   -0.437430028631230599E+02
   -0.233013570308685303E+01   -0.437430028631230599E+02
   -0.230170071125030518E+01   -0.437429751269715652E+02
   -0.230170071125030518E+01   -0.437429751269715652E+02
   -0.230019271373748779E+01   -0.437429736047294853E+02
   -0.230019271373748779E+01   -0.437429736047294853E+02
   -0.229433059692382812E+01   -0.437429676367867373E+02
   -0.223760545253753662E+01   -0.437429055305556957E+02
   -0.223471581935882568E+01   -0.437429021445121009E+02
   -0.223471581935882568E+01   -0.437429021445121009E+02
   -0.220695614814758301E+01   -0.437428684424332914E+02
   -0.220695614814758301E+01   -0.437428684424332914E+02
   -0.217704951763153076E+01   -0.437428296412795135E+02
   -0.217704951763153076E+01   -0.437428296412795135E+02
   -0.216264665126800537E+01   -0.437428099802313071E+02
   -0.216264665126800537E+01   -0.437428099802313071E+02
   -0.215860307216644287E+01   -0.437428043422323185E+02
   -0.215860307216644287E+01   -0.437428043422323185E+02
   -0.214127659797668457E+01   -0.437427795807174462E+02
   -0.214127659797668457E+01   -0.437427795807174462E+02
   -0.213769316673278809E+01   -0.437427743351891678E+02
   -0.207291841506958008E+01   -0.437426716610682931E+02
   -0.207291841506958008E+01   -0.437426716610682931E+02
   -0.205126881599426270E+01   -0.437426337871794360E+02
   -0.205126881599426270E+01   -0.437426337871794360E+02
   -0.202450454235076904E+01   -0.437425842804946043E+02
   -0.202450454235076904E+01   -0.437425842804946043E+02
   -0.198447763919830322E+01   -0.437425043113154786E+02
   -0.198447763919830322E+01   -0.437425043113154786E+02
   -0.197466135025024414E+01   -0.437424835487564181E+02
   -0.192662179470062256E+01   -0.437423748926101510E+02
   -0.192662179470062256E+01   -0.437423748926101510E+02
   -0.192415118217468262E+01   -0.437423689732054157E+02
   -0.190664410591125488E+01   -0.437423260494433990E+02
   -0.190664410591125488E+01   -0.437423260494433990E+02
   -0.188079655170440674E+01   -0.437422594301341476E+02
   -0.188079655170440674E+01   -0.437422594301341476E+02
   -0.186706602573394775E+01   -0.437422223965097174E+02
   -0.184586107730865479E+01   -0.437421628542386856E+02
   -0.184586107730865479E+01   -0.437421628542386856E+02
   -0.184542179107666016E+01   -0.437421615897755771E+02
   -0.181847572326660156E+01   -0.437420815317664662E+02
   -0.181847572326660156E+01   -0.437420815317664662E+02
   -0.181626081466674805E+01   -0.437420747277679851E+02
   -0.181626081466674805E+01   -0.437420747277679851E+02
   -0.180654168128967285E+01   -0.437420444581938028E+02
   -0.180654168128967285E+01   -0.437420444581938028E+02
   -0.177969276905059814E+01   -0.437419572348036638E+02
   -0.177969276905059814E+01   -0.437419572348036638E+02
   -0.176275134086608887E+01   -0.437418993600298407E+02
   -0.176275134086608887E+01   -0.437418993600298407E+02
   -0.174020469188690186E+01   -0.437418187541037682E+02
   -0.174020469188690186E+01   -0.437418187541037682E+02
   -0.173699736595153809E+01   -0.437418069442589186E+02
   -0.172243654727935791E+01   -0.437417522198724740E+02
   -0.172243654727935791E+01   -0.437417522198724740E+02
   -0.164068996906280518E+01   -0.437414085174481428E+02
   -0.164068996906280518E+01   -0.437414085174481428E+02
   -0.164064109325408936E+01   -0.437414082920164091E+02
   -0.160742759704589844E+01   -0.437412490894157955E+02
   -0.160742759704589844E+01   -0.437412490894157955E+02
   -0.159999549388885498E+01   -0.437412117694072649E+02
   -0.159999549388885498E+01   -0.437412117694072649E+02
   -0.152844369411468506E+01   -0.437408178864217945E+02
   -0.152844369411468506E+01   -0.437408178864217945E+02
   -0.150450646877288818E+01   -0.437406709761151475E+02
   -0.150450646877288818E+01   -0.437406709761151475E+02
   -0.148807346820831299E+01   -0.437405653392296614E+02
   -0.148807346820831299E+01   -0.437405653392296614E+02
   -0.148788154125213623E+01   -0.437405640817351298E+02
   -0.148474752902984619E+01   -0.437405434691898307E+02
   -0.147510409355163574E+01   -0.437404791045452868E+02
   -0.146067500114440918E+01   -0.437403800946115950E+02
   -0.145924746990203857E+01   -0.437403701194840053E+02
   -0.140338599681854248E+01   -0.437399529348506846E+02
   -0.140338599681854248E+01   -0.437399529348506846E+02
   -0.140230715274810791E+01   -0.437399443390736025E+02
   -0.140230715274810791E+01   -0.437399443390736025E+02
   -0.139111042022705078E+01   -0.437398538589014407E+02
   -0.138340771198272705E+01   -0.437397902486533496E+02
   -0.136562764644622803E+01   -0.437396390483908988E+02
   -0.136562764644622803E+01   -0.437396390483908988E+02
   -0.134743750095367432E+01   -0.437394778363228767E+02
   -0.133751392364501953E+01   -0.437393870065083661E+02
   -0.133751392364501953E+01   -0.437393870065083661E+02
   -0.131837844848632812E+01   -0.437392059075187376E+02
   -0.131837844848632812E+01   -0.437392059075187376E+02
   -0.128722727298736572E+01   -0.437388935280808298E+02
   -0.128722727298736572E+01   -0.437388935280808298E+02
   -0.128425717353820801E+01   -0.437388625611177702E+02
   -0.128425717353820801E+01   -0.437388625611177702E+02
   -0.126704633235931396E+01   -0.437386788999780620E+02
   -0.126704633235931396E+01   -0.437386788999780620E+02
   -0.126536011695861816E+01   -0.437386605125957217E+02
   -0.126525640487670898E+01   -0.437386593793394454E+02
   -0.124399304389953613E+01   -0.437384212441375055E+02
   -0.124321699142456055E+01   -0.437384123311344837E+02
   -0.123777806758880615E+01   -0.437383494173220768E+02
   -0.121357619762420654E+01   -0.437380597459479787E+02
   -0.121357619762420654E+01   -0.437380597459479787E+02
   -0.120394289493560791E+01   -0.437379398943217552E+02
   -0.119772017002105713E+01   -0.437378610548153688E+02
   -0.119772017002105713E+01   -0.437378610548153688E+02
   -0.116968810558319092E+01   -0.437374916065142116E+02
   -0.116968810558319092E+01   -0.437374916065142116E+02
   -0.116614997386932373E+01   -0.437374432645762923E+02
   -0.116614997386932373E+01   -0.437374432645762923E+02
   -0.116002738475799561E+01   -0.437373586784738890E+02
   -0.116002738475799561E+01   -0.437373586784738890E+02
   -0.115823566913604736E+01   -0.437373336996923712E+02
   -0.112983703613281250E+01   -0.437369237694768813E+02
   -0.112617552280426025E+01   -0.437368689467125975E+02
   -0.111584961414337158E+01   -0.437367118377141892E+02
   -0.111432194709777832E+01   -0.437366882767782030E+02
   -0.108570337295532227E+01   -0.437362312992697682E+02
   -0.108570337295532227E+01   -0.437362312992697682E+02
   -0.107672572135925293E+01   -0.437360816583395575E+02
   -0.105487048625946045E+01   -0.437357042404145062E+02
   -0.105231225490570068E+01   -0.437356588140385867E+02
   -0.998694896697998047E+00   -0.437346428340452889E+02
   -0.998694896697998047E+00   -0.437346428340452889E+02
   -0.981969833374023438E+00   -0.437342995325482136E+02
   -0.981969833374023438E+00   -0.437342995325482136E+02
   -0.977912545204162598E+00   -0.437342142522984716E+02
   -0.959513187408447266E+00   -0.437338174213041810E+02
   -0.950050354003906250E+00   -0.437336067310430607E+02
   -0.950050354003906250E+00   -0.437336067310430607E+02
   -0.945823788642883301E+00   -0.437335111427129704E+02
   -0.934275984764099121E+00   -0.437332452152249189E+02
   -0.933477282524108887E+00   -0.437332265613724758E+02
   -0.932900309562683105E+00   -0.437332130648369102E+02
   -0.924058556556701660E+00   -0.437330039955686516E+02
   -0.911628007888793945E+00   -0.437327028249828089E+02
   -0.911628007888793945E+00   -0.437327028249828089E+02
   -0.882370471954345703E+00   -0.437319592552484124E+02
   -0.847943425178527832E+00   -0.437310181978721673E+02
   -0.846087336540222168E+00   -0.437309653289258407E+02
   -0.794672966003417969E+00   -0.437294081314639271E+02
   -0.793883204460144043E+00   -0.437293827582051406E+02
   -0.782406330108642578E+00   -0.437290088264506736E+02
   -0.766148567199707031E+00   -0.437284620912322595E+02
   -0.758436322212219238E+00   -0.437281955617008364E+02
   -0.758436322212219238E+00   -0.437281955617008364E+02
   -0.758379697799682617E+00   -0.437281935874229220E+02
   -0.746183395385742188E+00   -0.437277623553318193E+02
   -0.746183395385742188E+00   -0.437277623553318193E+02
   -0.745431780815124512E+00   -0.437277353859004592E+02
   -0.725182294845581055E+00   -0.437269911352366023E+02
   -0.718467831611633301E+00   -0.437267366752947311E+02
   -0.716542005538940430E+00   -0.437266629707956085E+02
   -0.708375573158264160E+00   -0.437263468120526113E+02
   -0.702112317085266113E+00   -0.437261003194139661E+02
   -0.702112317085266113E+00   -0.437261003194139661E+02
   -0.690342187881469727E+00   -0.437256274869217449E+02
   -0.677762031555175781E+00   -0.437251079149655340E+02
   -0.671064257621765137E+00   -0.437248251652386628E+02
   -0.659446716308593750E+00   -0.437243243946114433E+02
   -0.639705657958984375E+00   -0.437234425368294310E+02
   -0.630711317062377930E+00   -0.437230274417732829E+02
   -0.619835853576660156E+00   -0.437225140725850636E+02
   -0.612428188323974609E+00   -0.437221570690385448E+02
   -0.608437657356262207E+00   -0.437219622474412972E+02
   -0.608278512954711914E+00   -0.437219544412055683E+02
   -0.607913136482238770E+00   -0.437219365083518454E+02
   -0.607913136482238770E+00   -0.437219365083518454E+02
   -0.598091483116149902E+00   -0.437214488420728884E+02
   -0.596796870231628418E+00   -0.437213837472039302E+02
   -0.595540404319763184E+00   -0.437213203873161547E+02
   -0.578568577766418457E+00   -0.437204466163578260E+02
   -0.565007925033569336E+00   -0.437197238906429817E+02
   -0.561255216598510742E+00   -0.437195199315138154E+02
   -0.557669401168823242E+00   -0.437193234159102886E+02
   -0.534797906875610352E+00   -0.437180317083700203E+02
   -0.529461503028869629E+00   -0.437177205790782608E+02
   -0.526406168937683105E+00   -0.437175407444870672E+02
   -0.490974187850952148E+00   -0.437153618903328365E+02
   -0.438719987869262695E+00   -0.437118129514884330E+02
   -0.418683886528015137E+00   -0.437103373362153604E+02
   -0.414754748344421387E+00   -0.437100400728590515E+02
   -0.407856702804565430E+00   -0.437095117919296072E+02
   -0.401822924613952637E+00   -0.437090429291417664E+02
   -0.397422909736633301E+00   -0.437086969854623177E+02
   -0.391255617141723633E+00   -0.437082062951065851E+02
   -0.390824675559997559E+00   -0.437081717529737332E+02
   -0.388172864913940430E+00   -0.437079584589870223E+02
   -0.388115644454956055E+00   -0.437079538425275658E+02
   -0.371928811073303223E+00   -0.437066237892337739E+02
   -0.370640158653259277E+00   -0.437065158094190380E+02
   -0.334642529487609863E+00   -0.437033697669241334E+02
   -0.333438515663146973E+00   -0.437032600901721580E+02
   -0.329886078834533691E+00   -0.437029347602933598E+02
   -0.322831273078918457E+00   -0.437022809618702652E+02
   -0.315002202987670898E+00   -0.437015432200092704E+02
   -0.291905999183654785E+00   -0.436992900405729543E+02
   -0.287053585052490234E+00   -0.436988016940302657E+02
   -0.283685326576232910E+00   -0.436984595882918967E+02
   -0.274423360824584961E+00   -0.436975055058185049E+02
   -0.267413258552551270E+00   -0.436967701696164212E+02
   -0.262789726257324219E+00   -0.436962788486800235E+02
   -0.243192315101623535E+00   -0.436941392158923989E+02
   -0.243092179298400879E+00   -0.436941280416596243E+02
   -0.242583155632019043E+00   -0.436940712007989305E+02
   -0.234609246253967285E+00   -0.436931723300655150E+02
    0.153765738010406494E+01   -0.436927295925532775E+02
   -0.224324464797973633E+00   -0.436919891800440681E+02
   -0.222079753875732422E+00   -0.436917273366083094E+02
   -0.217320919036865234E+00   -0.436911678869424662E+02
   -0.194792747497558594E+00   -0.436884377940502304E+02
   -0.192590355873107910E+00   -0.436881635060730673E+02
   -0.186197161674499512E+00   -0.436873596703492453E+02
   -0.172632336616516113E+00   -0.436856159848904326E+02
   -0.170378684997558594E+00   -0.436853211887441404E+02
   -0.141905546188354492E+00   -0.436814675038449636E+02
   -0.140168666839599609E+00   -0.436812245017200809E+02
   -0.135058164596557617E+00   -0.436805040881861544E+02
   -0.133281350135803223E+00   -0.436802517097469973E+02
   -0.120628476142883301E+00   -0.436784256741502119E+02
   -0.119361281394958496E+00   -0.436782399799971159E+02
   -0.989329814910888672E-01   -0.436751739791376465E+02
   -0.930529832839965820E-01   -0.436742656995828824E+02
   -0.867825746536254883E-01   -0.436732841310869162E+02
   -0.744950771331787109E-01   -0.436713211318949632E+02
   -0.736653804779052734E-01   -0.436711866717102311E+02
   -0.446039438247680664E-01   -0.436663199492968488E+02
   -0.396627187728881836E-01   -0.436654613704288153E+02
   -0.639855861663818359E-02   -0.436594351676723491E+02
    0.265359878540039062E-02   -0.436577186247738638E+02
    0.387787818908691406E-02   -0.436574838757636954E+02
    0.258219242095947266E-01   -0.436531692284151163E+02
    0.288796424865722656E-01   -0.436525516470352599E+02
    0.443398952484130859E-01   -0.436493660966050641E+02
    0.479066371917724609E-01   -0.436486160313413833E+02
    0.592666864395141602E-01   -0.436461884719529323E+02
    0.768184661865234375E-01   -0.436423197695371528E+02
    0.825631618499755859E-01   -0.436410217111278129E+02
    0.843197107315063477E-01   -0.436406216201868560E+02
    0.102185606956481934E+00   -0.436364661446723332E+02
    0.114343762397766113E+00   -0.436335467044212564E+02
    0.114636421203613281E+00   -0.436334754990369476E+02
    0.124798417091369629E+00   -0.436309754803595169E+02
    0.126178860664367676E+00   -0.436306317050851220E+02
    0.127909183502197266E+00   -0.436301993802611321E+02
    0.136221647262573242E+00   -0.436281003389948694E+02
    0.140553712844848633E+00   -0.436269917485515037E+02
    0.140650868415832520E+00   -0.436269667699499877E+02
    0.159336328506469727E+00   -0.436220666451575099E+02
    0.171284079551696777E+00   -0.436188312779412257E+02
    0.183169841766357422E+00   -0.436155315372514565E+02
    0.206347703933715820E+00   -0.436088572752974528E+02
    0.221384763717651367E+00   -0.436043526414363285E+02
    0.230029821395874023E+00   -0.436016989013192529E+02
    0.236759185791015625E+00   -0.435996003165152075E+02
    0.250968933105468750E+00   -0.435950726876720438E+02
    0.253440141677856445E+00   -0.435942717746100712E+02
    0.256001949310302734E+00   -0.435934372242884791E+02
    0.256584882736206055E+00   -0.435932467146293590E+02
    0.256875753402709961E+00   -0.435931515699027727E+02
    0.262247920036315918E+00   -0.435913841435116041E+02
    0.268057584762573242E+00   -0.435894509162147372E+02
    0.269332528114318848E+00   -0.435890236037412393E+02
    0.275617241859436035E+00   -0.435869009817702633E+02
    0.278941988945007324E+00   -0.435857670921943097E+02
    0.279190540313720703E+00   -0.435856820180621796E+02
    0.294527411460876465E+00   -0.435803490644772893E+02
    0.302343964576721191E+00   -0.435775670824003498E+02
    0.313407778739929199E+00   -0.435735541143907525E+02
    0.340206027030944824E+00   -0.435634595245882181E+02
    0.343127250671386719E+00   -0.435623263923110926E+02
    0.350402593612670898E+00   -0.435594757994325192E+02
    0.356003642082214355E+00   -0.435572532779531727E+02
    0.371219515800476074E+00   -0.435510910887183869E+02
    0.374391674995422363E+00   -0.435497832214988350E+02
    0.383716225624084473E+00   -0.435458917899901721E+02
    0.387511253356933594E+00   -0.435442877817469380E+02
    0.401057600975036621E+00   -0.435384656537150363E+02
    0.420525074005126953E+00   -0.435298297850934475E+02
    0.426319241523742676E+00   -0.435271971487038485E+02
    0.441027879714965820E+00   -0.435203834918692465E+02
    0.150930166244506836E+01   -0.435198755035138660E+02
    0.150921523571014404E+01   -0.435194008524845657E+02
    0.448466539382934570E+00   -0.435168653744177689E+02
    0.451435446739196777E+00   -0.435154475419110156E+02
    0.457017421722412109E+00   -0.435127605328017850E+02
    0.457558631896972656E+00   -0.435124985263510027E+02
    0.459440350532531738E+00   -0.435115855169396823E+02
    0.464811325073242188E+00   -0.435089619832086001E+02
    0.472201704978942871E+00   -0.435053093374398898E+02
    0.478954911231994629E+00   -0.435019280410359457E+02
    0.482621788978576660E+00   -0.435000745087330856E+02
    0.491642951965332031E+00   -0.434954615635695134E+02
    0.493489503860473633E+00   -0.434945080067510261E+02
    0.506271719932556152E+00   -0.434878196609407581E+02
    0.520603060722351074E+00   -0.434801368849437750E+02
    0.522093176841735840E+00   -0.434793268042866146E+02
    0.527253746986389160E+00   -0.434765048420526270E+02
    0.530491471290588379E+00   -0.434747212495108286E+02
    0.534138679504394531E+00   -0.434726999388654889E+02
    0.546436309814453125E+00   -0.434657891794884961E+02
    0.550816059112548828E+00   -0.434632922431915532E+02
    0.559161305427551270E+00   -0.434584823132780542E+02
    0.562122464179992676E+00   -0.434567590703541882E+02
    0.563970208168029785E+00   -0.434556793785144322E+02
    0.568840503692626953E+00   -0.434528172862410358E+02
    0.569230914115905762E+00   -0.434525868359434142E+02
    0.570361614227294922E+00   -0.434519185538969026E+02
    0.149580419063568115E+01   -0.434493085455656711E+02
    0.579694509506225586E+00   -0.434463538023025961E+02
    0.583381652832031250E+00   -0.434441313356850998E+02
    0.585625171661376953E+00   -0.434427723589318475E+02
    0.149433135986328125E+01   -0.434420304027112110E+02
    0.588514208793640137E+00   -0.434410149241361765E+02
    0.595619082450866699E+00   -0.434366572248740610E+02
    0.596283078193664551E+00   -0.434362473707066243E+02
    0.149165093898773193E+01   -0.434289911145661449E+02
    0.607970952987670898E+00   -0.434289600394461743E+02
    0.612159371376037598E+00   -0.434263149169480016E+02
    0.621602535247802734E+00   -0.434202859131824965E+02
    0.622047185897827148E+00   -0.434199997909447717E+02
    0.622338056564331055E+00   -0.434198125137079245E+02
    0.622939467430114746E+00   -0.434194250220626046E+02
    0.632917881011962891E+00   -0.434129421603310988E+02
    0.640447139739990234E+00   -0.434079833509539768E+02
    0.649256706237792969E+00   -0.434021079801925467E+02
    0.650873184204101562E+00   -0.434010213144294710E+02
    0.652262568473815918E+00   -0.434000851835159338E+02
    0.654360055923461914E+00   -0.433986682264762038E+02
    0.660486817359924316E+00   -0.433945036447718593E+02
    0.663474202156066895E+00   -0.433924591602307146E+02
    0.668315887451171875E+00   -0.433891263801646332E+02
    0.671945810317993164E+00   -0.433866121078273395E+02
    0.678074359893798828E+00   -0.433823368477033426E+02
    0.678718090057373047E+00   -0.433818855767534828E+02
    0.684055685997009277E+00   -0.433781276585395759E+02
    0.686883926391601562E+00   -0.433761247930710070E+02
    0.689677000045776367E+00   -0.433741389259257559E+02
    0.690697431564331055E+00   -0.433734114452309640E+02
    0.695925354957580566E+00   -0.433696679854745142E+02
    0.705048441886901855E+00   -0.433630699078151167E+02
    0.711648464202880859E+00   -0.433582449641734726E+02
    0.712131857872009277E+00   -0.433578898842611196E+02
    0.147569775581359863E+01   -0.433566941682667633E+02
    0.714635848999023438E+00   -0.433560468695441799E+02
    0.726488828659057617E+00   -0.433472391581158760E+02
    0.736286044120788574E+00   -0.433398558826513352E+02
    0.738124847412109375E+00   -0.433384598432712806E+02
    0.743004083633422852E+00   -0.433347398226582712E+02
    0.746187567710876465E+00   -0.433323004830054757E+02
    0.757764577865600586E+00   -0.433233493553688191E+02
    0.759014487266540527E+00   -0.433223754926967075E+02
    0.770776867866516113E+00   -0.433131408788821162E+02
    0.771214962005615234E+00   -0.433127945123823395E+02
    0.775541067123413086E+00   -0.433093649922354018E+02
    0.777655839920043945E+00   -0.433076824545804513E+02
    0.780346393585205078E+00   -0.433055361206761233E+02
    0.782052278518676758E+00   -0.433041719999601256E+02
    0.789508819580078125E+00   -0.432981797337565197E+02
    0.790914893150329590E+00   -0.432970444345212897E+02
    0.145835161209106445E+01   -0.432877419250874311E+02
    0.803504728161495763E+00   -0.432868052544916182E+02
    0.806329846382141113E+00   -0.432844897222788205E+02
    0.813412070274353027E+00   -0.432786569462274286E+02
    0.145587265491485596E+01   -0.432786563705457183E+02
    0.814123749732971191E+00   -0.432780686381598372E+02
    0.819549560546875000E+00   -0.432735705447150494E+02
    0.145417988300323486E+01   -0.432725582814209844E+02
    0.145240485668182373E+01   -0.432662552816343862E+02
    0.144942402839660645E+01   -0.432558785386568303E+02
    0.144710004329681396E+01   -0.432479668468795921E+02
    0.144437193870544434E+01   -0.432388759166990724E+02
    0.865269469552884196E+00   -0.432348430164910411E+02
    0.144224340857897593E+01   -0.432319283857261141E+02
    0.877947807312011719E+00   -0.432238775864938205E+02
    0.888195304358668558E+00   -0.432149567767654830E+02
    0.888901352882385254E+00   -0.432143404145060472E+02
    0.890444941111620203E+00   -0.432129921734261799E+02
    0.891841053962707520E+00   -0.432117718995086761E+02
    0.903189778327941895E+00   -0.432018250351407502E+02
    0.905924439430236816E+00   -0.431994215277241622E+02
    0.916259304296766608E+00   -0.431903187677089733E+02
    0.918890833854675293E+00   -0.431879967337698005E+02
    0.142740666866302490E+01   -0.431869132604508721E+02
    0.142679241200487139E+01   -0.431851740130951569E+02
    0.925327358721641069E+00   -0.431823114465663522E+02
    0.939236651403868805E+00   -0.431700065892034388E+02
    0.943131446838378906E+00   -0.431665588377337812E+02
    0.945054888725280762E+00   -0.431648561441449488E+02
    0.947090983390808105E+00   -0.431630538088617683E+02
    0.948007187043408805E+00   -0.431622428410950150E+02
    0.952654480934143066E+00   -0.431581301227420084E+02
    0.955103635787963867E+00   -0.431559634493671425E+02
    0.964678525924682617E+00   -0.431475011872708052E+02
    0.971895160015874282E+00   -0.431411359851133724E+02
    0.971987072075668479E+00   -0.431410550089288947E+02
    0.974480732060655441E+00   -0.431388590510836494E+02
    0.975227355957031250E+00   -0.431382019531773082E+02
    0.100633045022998324E+01   -0.431110578476674249E+02
    0.100969053850602020E+01   -0.431081611034189294E+02
    0.101122021675109863E+01   -0.431068452832141347E+02
    0.101244390010833740E+01   -0.431057940438768554E+02
    0.101715078335036679E+01   -0.431017622965069762E+02
    0.102317929267883301E+01   -0.430966278814589643E+02
    0.138584350050396887E+01   -0.430892805590006205E+02
    0.103488445281982422E+01   -0.430867652194777122E+02
    0.103695461440631487E+01   -0.430850370909298164E+02
    0.103797266308946146E+01   -0.430841891585241328E+02
    0.138191544113367693E+01   -0.430819837895337443E+02
    0.104712247848510742E+01   -0.430766282403599021E+02
    0.105454564094543457E+01   -0.430705799429878198E+02
    0.137448430061340332E+01   -0.430690003624859585E+02
    0.137320777625044599E+01   -0.430668754596536374E+02
    0.106333456190268461E+01   -0.430635295585334816E+02
    0.106537386973882064E+01   -0.430619121218618588E+02
    0.107075803728709040E+01   -0.430576774121298840E+02
    0.107110977172851562E+01   -0.430574026222068582E+02
    0.107177445841061880E+01   -0.430568839764702389E+02
    0.107680380344390869E+01   -0.430529872182438993E+02
    0.108544468431175156E+01   -0.430464121352123499E+02
    0.108936851626108311E+01   -0.430434796895225560E+02
    0.135681993537071488E+01   -0.430422078635839824E+02
    0.135610580444335938E+01   -0.430412391281113216E+02
    0.135093668866753047E+01   -0.430344798936802846E+02
    0.110388338565826416E+01   -0.430329500322472356E+02
    0.110456950696271239E+01   -0.430324655004901615E+02
    0.134844005107879639E+01   -0.430313716600241918E+02
    0.134816410735722103E+01   -0.430310342716916665E+02
    0.134726859350632511E+01   -0.430299477268703541E+02
    0.134671986103057861E+01   -0.430292882426854675E+02
    0.133896270192432221E+01   -0.430204684533722741E+02
    0.133668163818781149E+01   -0.430180498559055735E+02
    0.112624920532998640E+01   -0.430178474416421039E+02
    0.133288447109494079E+01   -0.430141951354660321E+02
    0.113448798656463623E+01   -0.430126790569669097E+02
    0.113680243492126465E+01   -0.430112693147683842E+02
    0.114136866399638137E+01   -0.430085446816852510E+02
    0.132511788504098416E+01   -0.430069590495191747E+02
    0.114748537540435791E+01   -0.430050172659243444E+02
    0.132240914244811769E+01   -0.430046341615073970E+02
    0.115466564211833500E+01   -0.430010646111396184E+02
    0.131783604621887207E+01   -0.430009352609589612E+02
    0.115505456924438477E+01   -0.430008565360787145E+02
    0.115845282646889469E+01   -0.429990656240009272E+02
    0.130168505627406939E+01   -0.429900364895370828E+02
    0.129940448897604854E+01   -0.429887565038488901E+02
    0.129840885395427819E+01   -0.429882169714962359E+02
    0.118486306847988709E+01   -0.429869512601455241E+02
    0.119918628409626971E+01   -0.429818836400276254E+02
    0.120265903019329778E+01   -0.429808328603577579E+02
    0.120385408401489258E+01   -0.429804880927201367E+02
    0.120422214052552645E+01   -0.429803836675917026E+02
    0.127406438415682288E+01   -0.429784620271114051E+02
    0.127017361393402917E+01   -0.429774774636804864E+02
    0.121734878342197428E+01   -0.429772205108064398E+02
    0.126779146664950293E+01   -0.429769476610985066E+02
    0.126536384140616587E+01   -0.429764636950532974E+02
    0.126362814248139177E+01   -0.429761517955987671E+02
    0.125994291710336714E+01   -0.429755822744427363E+02
    0.123440627357463839E+01   -0.429748673761138491E+02
    0.125024386419807554E+01   -0.429746656967353360E+02
    0.125233916901884879E+01   -0.429747940433938069E+02
