11  -0.360319844409566059E+01  +/-    0.147643353599107956E-01
13  -0.399958632900199440E+01  +/-    0.851987781285340126E-02
15  -0.394036740770390104E+01  +/-    0.146362890602479388E-01
17  -0.426436763261072649E+01  +/-    0.857848034369319487E-02
1 -0.140257970049929015E+01  +/-    0.613443077082431298E-02
19  -0.420045058701695417E+01  +/-    0.152891090415450751E-01
3 -0.210248091106478574E+01  +/-    0.689650546175149971E-02
5 -0.271490806481141256E+01  +/-    0.160176989195293662E-01
7 -0.316705555885199930E+01  +/-    0.145457730644736345E-01
9 -0.337710726176752907E+01  +/-    0.152127369585571895E-01
