  0.969558863E+000 -0.308485999E+000  0.483530639E+000 -0.525387309E+001 -0.518648450E+001  0.701368269E+000 -0.472242817E+000  0.142480502E+001  0.209669093E+000  0.361822476E+004
  0.301648743E+001 -0.202629343E+001  0.206045759E+001  0.826738718E+001  0.705920903E+001 -0.137427600E+001  0.143106045E+001  0.204413807E+001  0.163467228E+000  0.361827524E+004
  0.880338473E+000 -0.378283051E+001  0.397613691E+001  0.870769383E+000  0.169646790E+001 -0.364722626E+001  0.361148201E+001  0.204529439E+000  0.141977499E+000  0.362971449E+004
  0.463545666E+000  0.514129036E+001 -0.537394304E+001  0.547164384E+001  0.386605431E+001  0.755977344E+001 -0.779864710E+001 -0.225652186E+001  0.801911808E-001  0.362244890E+004
  0.220496438E+001  0.318091922E+000 -0.367354302E+000  0.119722695E+001  0.222475579E+000 -0.707040410E+000  0.409689371E+000 -0.368304766E+001  0.146868100E-001  0.363244823E+004
  0.326794424E+000 -0.474712317E+001  0.478182818E+001 -0.341044815E+001 -0.357672692E+001 -0.510422130E+001  0.488334340E+001 -0.188717075E+001  0.156525373E+000  0.362127953E+004
  0.306439343E+001  0.148043711E+001 -0.131587708E+001 -0.264478548E+001 -0.355857383E+001  0.159979280E+001 -0.167375847E+001  0.197275429E+001  0.739181779E-001  0.362555638E+004
  0.836600679E+000 -0.456762334E+001  0.433329694E+001  0.871512622E+001  0.958820306E+001 -0.365753923E+001  0.340439052E+001  0.146299542E+001  0.136406392E+000  0.362041759E+004
  0.364969956E+000 -0.235785558E+001  0.235417718E+001 -0.300125536E+001 -0.330539113E+001 -0.148124215E+001  0.132325558E+001 -0.171702515E+001  0.916416183E-001  0.364481949E+004
  0.219808996E+001  0.372941379E+000 -0.201861321E-001  0.591907153E+001  0.447712590E+001 -0.930786228E+000  0.116004139E+001  0.208741732E+001  0.660251048E-001  0.362342464E+004
  0.914947740E-001 -0.143068567E+001  0.135574549E+001  0.265961849E+001  0.151786571E+001 -0.251822849E+001  0.244596695E+001 -0.858449258E+001  0.920581097E-001  0.362000212E+004
  0.124351004E+001  0.364577538E+001 -0.330919653E+001  0.118385322E+000 -0.267912310E+000  0.800888927E+000 -0.746056180E+000 -0.499599428E+001  0.105083505E+000  0.362228049E+004
 -0.650178381E-001 -0.338102945E+001  0.316470614E+001  0.651324804E+000 -0.144200117E+001 -0.156736116E+001  0.114258716E+001  0.220788637E+001  0.669053976E-001  0.361972066E+004
  0.221849845E+001  0.862021703E+000 -0.103737310E+001  0.144633835E+001  0.119769336E+001  0.654764981E+000 -0.856940231E+000 -0.485388434E+001 -0.649753821E-001  0.363046002E+004
  0.190697879E+001 -0.838254714E+000  0.866426378E+000  0.544508171E+001  0.434484788E+001 -0.328877213E+001  0.322051861E+001 -0.764947118E+000 -0.867231164E-004  0.362951452E+004
  0.168202641E+001 -0.155990175E+001  0.149031266E+001  0.269126687E+000 -0.605571528E+000 -0.202012467E+000 -0.129549976E+000 -0.407791412E+001  0.137742857E+000  0.363194236E+004
 -0.451566035E+000  0.374800124E+001 -0.377594949E+001  0.540309717E+001  0.560617890E+001  0.438603586E+001 -0.426051154E+001  0.190058483E+001  0.186771834E+000  0.362036807E+004
  0.121127182E+001  0.436113818E+001 -0.412869794E+001  0.777999641E+001  0.865542137E+001  0.510926707E+001 -0.488386999E+001 -0.239580781E+001  0.122435485E+000  0.362298748E+004
  0.321603702E+001 -0.377372742E+001  0.355279488E+001 -0.749876902E+000 -0.691342959E+000 -0.491332141E+001  0.478487064E+001  0.170673130E+001  0.814901870E-001  0.362155702E+004
  0.216861904E+001  0.184939002E+001 -0.234386598E+001  0.154593880E+001  0.222379881E+001  0.583097979E+000 -0.991987953E+000  0.968115511E+000  0.115026432E+000  0.363335663E+004
  0.881055355E+000  0.511373361E+001 -0.544523261E+001  0.246055494E+001  0.921491414E+000  0.657381619E+001 -0.682192713E+001 -0.707911100E+000  0.104236049E+000  0.363253962E+004
 -0.917952612E-001 -0.247297617E-001 -0.222821274E+000  0.731619500E+001  0.567710804E+001 -0.331734715E+000 -0.100914195E+000  0.233421436E+000  0.887157498E-001  0.362436101E+004
  0.879453650E+000 -0.241028816E+001  0.194888496E+001 -0.126731666E+001 -0.255687281E+001 -0.621424890E+000  0.170357101E+000 -0.244110910E+001 -0.233171395E-001  0.362139275E+004
  0.307145642E+001  0.587938978E+000 -0.742969855E+000 -0.267659414E+001 -0.298267834E+001  0.331703383E+001 -0.347026358E+001 -0.100968684E+001  0.145829713E+000  0.362728573E+004
  0.821433605E+000  0.258048213E+001 -0.302170481E+001  0.681604211E+000  0.129252375E+001  0.293724420E+001 -0.316658492E+001  0.131176311E+001  0.119666986E+000  0.363456955E+004
 -0.214898763E+000 -0.828948444E+001  0.835506356E+001  0.734104703E+000 -0.388850009E+000 -0.661751871E+001  0.663757315E+001 -0.114647540E+001  0.771478367E-001  0.361881723E+004
  0.163313635E+001  0.458474086E+001 -0.435072083E+001 -0.168842801E+001 -0.841334746E+000  0.431739385E+001 -0.419373539E+001  0.242664218E+001  0.235704467E-001  0.364052766E+004
  0.915103787E+000  0.461380090E+000 -0.750184319E+000 -0.756677660E+001 -0.789356134E+001  0.485164520E+000 -0.598286478E+000  0.683581120E+000  0.120557026E+000  0.361930227E+004
  0.287405480E+000 -0.304818446E+001  0.305366420E+001  0.586497245E+001  0.476778918E+001 -0.237087482E+001  0.232376271E+001  0.473057404E+001  0.135644976E+000  0.363392878E+004
  0.185259362E+001 -0.467381137E+001  0.460452853E+001 -0.197064840E+001 -0.276995996E+001 -0.300493978E+001  0.269789497E+001  0.155238393E+001  0.320814027E-001  0.362838142E+004
  0.208844946E+000  0.598183868E+001 -0.612385341E+001  0.255752318E+001  0.170186476E+001  0.737561731E+001 -0.731222969E+001 -0.307052819E+001  0.166381821E+000  0.361825446E+004
 -0.206897176E+000  0.509560424E+001 -0.515481158E+001 -0.327085289E+001 -0.412069858E+001  0.292280112E+001 -0.293623625E+001 -0.283652681E+001  0.123876315E-001  0.362295509E+004
  0.258367526E+001  0.183644613E+001 -0.161052488E+001 -0.151719341E+001 -0.127281353E+001  0.338267455E+001 -0.345545565E+001  0.381345890E+001  0.117573551E+000  0.362085715E+004
  0.163660015E+001 -0.215698692E+001  0.227963206E+001  0.724750670E+000  0.812137044E+000 -0.234541648E+001  0.254881152E+001 -0.533255074E+001 -0.293130307E-001  0.362219661E+004
 -0.873938041E+000  0.182541772E+001 -0.207688612E+001  0.623353168E+001  0.503348862E+001  0.319189230E+001 -0.333892936E+001 -0.469747682E+000  0.590986280E-001  0.362326564E+004
  0.315845179E+001  0.132423785E+001 -0.106483541E+001  0.555109991E+001  0.431103721E+001  0.882849711E+000 -0.745042397E+000  0.203601628E+001  0.773488607E-001  0.362251442E+004
  0.370303861E+000 -0.121971739E+001  0.126468913E+001  0.295684080E+001  0.847460270E+000  0.194991779E+001 -0.188449384E+001  0.445695785E+001  0.144081171E+000  0.361986925E+004
  0.224051126E+001  0.362456553E+001 -0.335805956E+001  0.687807631E+001  0.629376042E+001  0.328321795E+001 -0.320861605E+001  0.879163185E+000  0.468730235E-002  0.361966325E+004
 -0.121168701E+001  0.199307100E+001 -0.215998934E+001 -0.524228185E+001 -0.509511468E+001  0.376055454E+001 -0.389751259E+001  0.175987315E+001  0.532988398E-001  0.361853285E+004
 -0.644498234E+000 -0.185580824E+001  0.186581140E+001  0.414334471E+001  0.332093751E+001 -0.264685957E+001  0.255210413E+001  0.273920638E+001  0.107107742E+000  0.363637140E+004
  0.714108044E+000  0.370872733E+001 -0.383697039E+001  0.164232396E+001  0.381626714E+000  0.308417767E+001 -0.331608338E+001 -0.579769029E+001 -0.181127048E-001  0.363009505E+004
  0.172617794E+001  0.724907678E+001 -0.727051523E+001 -0.105561963E+001 -0.130110786E+001  0.730385669E+001 -0.740177645E+001  0.306223972E+001  0.200394201E+000  0.362457589E+004
  0.210011959E+001  0.190646887E+001 -0.189102579E+001  0.237567585E+001  0.215632080E+001  0.613483324E+001 -0.595686906E+001  0.348667963E+001  0.947259754E-001  0.362044760E+004
 -0.475911490E+000  0.131023917E+001 -0.171091536E+001  0.270706874E+001  0.188345381E+001  0.121225671E+001 -0.157956845E+001  0.799028285E+001  0.145358701E+000  0.362062916E+004
  0.316176074E+001  0.433717819E+001 -0.456077159E+001 -0.530657356E+001 -0.520876196E+001  0.210636693E+001 -0.236353885E+001  0.926322350E+000  0.805155978E-001  0.362151682E+004
  0.187689847E+001  0.180339736E+001 -0.204446670E+001 -0.445437783E+000  0.661441647E+000  0.520024517E+001 -0.537432376E+001  0.135474770E+000  0.141455318E+000  0.362872500E+004
  0.973220507E+000 -0.137593335E+001  0.813883550E+000  0.302032905E+001  0.257667267E+001 -0.183060339E+001  0.144134808E+001  0.541735392E+001  0.455283635E-001  0.362477560E+004
  0.278081073E+001 -0.327157152E+001  0.286992470E+001 -0.415453322E+001 -0.373867366E+001 -0.259280514E+001  0.212626499E+001  0.127254828E+001  0.999009588E-001  0.362334561E+004
  0.154019204E+001  0.122970529E+001 -0.136152940E+001  0.123781834E+001  0.274251751E+001  0.979929541E-001 -0.223074090E+000  0.233428327E+001 -0.445426892E-002  0.363567811E+004
  0.320213355E+001 -0.127253208E+001  0.152787068E+001 -0.170177720E+001 -0.940913212E+000 -0.222885931E+000  0.245048946E+000 -0.132772770E+001  0.119582948E+000  0.361890804E+004
  0.488660697E+000 -0.108222320E+001  0.118788372E+001 -0.385018819E+001 -0.454302942E+001 -0.306814948E+001  0.288463497E+001 -0.168469349E+001  0.123165251E+000  0.362507147E+004
  0.199705233E+001  0.632255601E+001 -0.637101090E+001 -0.387506074E+000 -0.151910349E+000  0.904779366E+001 -0.918493348E+001  0.456421418E+001  0.175571817E+000  0.361958475E+004
  0.993503913E+000 -0.321148872E+001  0.320305212E+001  0.373315195E+001  0.281547427E+001 -0.250778404E+001  0.258007909E+001 -0.695180479E+001  0.505543889E-001  0.362772891E+004
  0.994188937E-001  0.896423083E+000 -0.107809636E+001  0.371201799E+001  0.403951849E+001  0.309802759E+001 -0.310729138E+001  0.821006289E+001  0.133556950E+000  0.361883959E+004
  0.439724664E+000 -0.329920727E+001  0.305560083E+001 -0.134142820E+001 -0.115190240E+001 -0.102257317E+001  0.866037838E+000 -0.166585015E+001 -0.305055347E-001  0.363035585E+004
  0.268221646E+001  0.461607280E+001 -0.474350090E+001 -0.375908844E+001 -0.431080273E+001  0.483304583E+001 -0.509721912E+001 -0.558987138E+001  0.128869098E+000  0.362465877E+004
  0.206647422E+001  0.646326068E+001 -0.651600006E+001 -0.122740401E+001 -0.170238482E+001  0.551989315E+001 -0.589815979E+001 -0.218912905E+001  0.155865684E+000  0.362059310E+004
 -0.345486131E+000  0.181707079E+000  0.783309294E-001  0.353260510E+001  0.276935801E+001 -0.971491231E+000  0.999878440E+000  0.224272571E+001  0.172435388E+000  0.362359148E+004
  0.408675253E+000  0.651605034E+001 -0.640576708E+001  0.216367225E+001  0.141810274E+001  0.381889050E+001 -0.393688742E+001 -0.218978414E+001 -0.855397577E-002  0.361895496E+004
  0.568039523E+000 -0.377323706E+001  0.337504574E+001  0.502065774E+001  0.537608483E+001 -0.125955202E+001  0.103984739E+001  0.522988557E+001  0.162502143E+000  0.361865806E+004
  0.103352020E+001  0.197759370E+001 -0.196529367E+001  0.232299373E+001  0.156921241E+001  0.248861534E+001 -0.268082719E+001 -0.307692763E+001  0.210055768E+000  0.362595469E+004
  0.112052995E+001 -0.107794469E+001  0.980357233E+000  0.125763118E+001  0.314596619E+000 -0.286092470E+000  0.520897596E-001  0.114652974E+000  0.219171877E+000  0.362706336E+004
  0.170791999E+001 -0.277940041E+001  0.294935897E+001  0.177655957E+001  0.142569643E+001  0.545710639E+000 -0.396506268E+000 -0.312557171E+001 -0.219748812E-001  0.362725426E+004
 -0.499193207E+000  0.464803081E+001 -0.465514606E+001  0.550356933E+001  0.636659705E+001  0.582251921E+001 -0.601631055E+001 -0.987118782E+000  0.121205063E+000  0.362047141E+004
  0.224818471E+001 -0.404732946E+001  0.387797031E+001  0.915370304E+000  0.148920790E+001 -0.533077352E+000  0.149316699E+000  0.183455625E+000  0.127652037E+000  0.362127377E+004
  0.144518895E+001 -0.177533901E+000  0.179689932E+000  0.373103545E+001  0.404195204E+001  0.234288645E+001 -0.210501480E+001 -0.312489724E+001  0.100432473E+000  0.362680858E+004
  0.121602904E+001  0.830412806E+001 -0.813103814E+001  0.292349140E+001  0.231669326E+001  0.700734179E+001 -0.675989917E+001  0.175740310E+001  0.785586594E-001  0.362869863E+004
  0.394600292E+000  0.214044070E+001 -0.217540282E+001 -0.412163743E+001 -0.282459258E+001  0.172829692E+001 -0.157856815E+001 -0.302904934E+001  0.133681278E+000  0.362135475E+004
  0.170115533E+001  0.307647707E+001 -0.301014956E+001  0.681285852E+001  0.541706497E+001  0.794220983E+000 -0.696697585E+000 -0.329011060E+000  0.628793872E-002  0.362101885E+004
  0.339251910E+000  0.369961264E+001 -0.346315748E+001  0.400130246E+001  0.413884126E+001  0.351603001E+001 -0.353109257E+001 -0.300052372E+001  0.102609834E+000  0.363379589E+004
  0.795953612E+000  0.535262004E+001 -0.491575374E+001  0.196255082E+001  0.157253661E+001  0.688917035E+001 -0.652772861E+001 -0.478147341E+001  0.142060784E+000  0.362230323E+004
  0.300336387E+001  0.281121681E+001 -0.297742451E+001 -0.139651214E+001 -0.260419087E+001  0.159258548E-001 -0.342450773E+000  0.460568384E+000  0.149693337E+000  0.362125134E+004
  0.359593555E+000 -0.130246644E+001  0.119536648E+001  0.996668101E+000  0.152967178E+001 -0.427095520E+001  0.435953030E+001  0.328376979E+001  0.978288398E-001  0.361955045E+004
  0.119433237E+001  0.812969788E+001 -0.781550964E+001 -0.281366735E+001 -0.275897595E+001  0.507224993E+001 -0.491101544E+001 -0.125438446E+001  0.149507222E+000  0.362114838E+004
  0.793296960E-001 -0.442889071E+001  0.418860775E+001  0.689820828E+001  0.645190866E+001 -0.322403197E+001  0.314758442E+001 -0.390747354E+001  0.830590343E-001  0.362212884E+004
 -0.903320051E+000  0.244035223E+001 -0.219200751E+001  0.137104099E+001  0.251030926E+001  0.432409713E+001 -0.414102751E+001  0.495395104E+000  0.161201190E+000  0.362018473E+004
  0.147313867E+001 -0.630348618E+001  0.609905345E+001  0.496416153E+000  0.119529343E+001 -0.431341972E+001  0.414564990E+001  0.402586386E+001  0.126689704E+000  0.362892919E+004
  0.239904222E+001 -0.118070115E+001  0.114508532E+001  0.109689658E+001  0.133325416E+001  0.224933027E+001 -0.221779992E+001  0.145420202E+001  0.118056210E-001  0.363413797E+004
 -0.652488030E+000 -0.390108855E+000  0.151707969E+000 -0.126001950E+001 -0.244992317E+001  0.120406627E+001 -0.139413276E+001  0.153576867E+001  0.122935472E-001  0.363157064E+004
  0.522978060E+000  0.418835095E+001 -0.442865652E+001  0.293495260E+001  0.334464883E+001  0.267826815E+001 -0.270964029E+001  0.386968713E+001  0.149861224E+000  0.362650396E+004
  0.584611339E+000 -0.204572846E+001  0.164794823E+001  0.353884456E+001  0.355497888E+001 -0.450277730E+000  0.195709908E+000  0.304848200E+001  0.993754593E-001  0.364016131E+004
  0.150758909E+001 -0.263297293E+001  0.247395778E+001 -0.346121038E+001 -0.304317321E+001  0.328073330E+000 -0.583773689E+000 -0.333498064E+000 -0.377317677E-001  0.362271283E+004
  0.777775132E+000  0.572534445E+001 -0.579383090E+001  0.877764620E+000  0.271168361E+001  0.698349582E+001 -0.707111580E+001 -0.191124824E+001  0.504172483E-001  0.362637385E+004
  0.676831568E+000  0.578319900E+001 -0.616632121E+001  0.342250753E+001  0.209296806E+001  0.468327233E+001 -0.516302092E+001 -0.107091726E+001  0.200263298E+000  0.361897656E+004
 -0.968041897E-001  0.342441114E+001 -0.372323724E+001  0.258810264E+001  0.113197114E+001  0.255450139E+001 -0.288118629E+001 -0.649291557E+001  0.163724051E+000  0.361981038E+004
 -0.564410176E+000  0.363555675E+001 -0.393048327E+001  0.105404878E+001  0.260478916E+000  0.305421426E+001 -0.333429863E+001  0.135599490E+001  0.125005353E-001  0.364021656E+004
  0.178124679E+001 -0.675696986E+000  0.692058772E+000 -0.953380473E-002  0.298291696E+000  0.266335455E+001 -0.286059675E+001 -0.336668063E+001  0.156813972E+000  0.362648568E+004
 -0.233712779E+000 -0.650889508E+001  0.652449731E+001 -0.244369885E+001 -0.300874598E+001 -0.419756283E+001  0.412880236E+001 -0.250944694E+001  0.512225849E-001  0.362038306E+004
  0.452785023E+000 -0.839781523E+000  0.840957295E+000 -0.245847287E+001 -0.806547307E+000 -0.389902073E+000  0.165017373E+000 -0.264934560E+001  0.279829282E-001  0.361887110E+004
  0.898920637E+000  0.344261889E+001 -0.380416124E+001  0.642731669E+000  0.185203631E-001  0.368260108E+001 -0.380414766E+001  0.225875591E+000  0.399923566E-001  0.363385057E+004
  0.164236637E+001 -0.388317525E+001  0.366499390E+001  0.846170337E+001  0.671155759E+001 -0.138571160E+001  0.120502295E+001 -0.130400938E+001  0.160783981E+000  0.361889452E+004
  0.301732421E+001  0.225220708E+001 -0.240416371E+001  0.405096825E+000  0.146562746E+001  0.340737096E+001 -0.358692059E+001 -0.378879157E+001  0.240247788E-001  0.362571862E+004
  0.279231113E+001  0.268815716E+001 -0.246980406E+001  0.136559376E+001  0.120482781E+001  0.261469572E+001 -0.253022704E+001  0.247998816E+001  0.843996920E-001  0.364021181E+004
  0.139973856E+001 -0.390975851E+000  0.260686748E+000 -0.392843168E+001 -0.311877295E+001  0.134550576E+001 -0.160948921E+001 -0.746461753E+001  0.118488417E+000  0.362204394E+004
  0.145560971E+001 -0.353456458E+001  0.334261529E+001  0.633959410E+001  0.635803161E+001 -0.428616020E+001  0.415200813E+001 -0.197867336E+001  0.627725999E-001  0.363773226E+004
 -0.517864576E+000  0.376331995E+001 -0.346234664E+001  0.482151234E+000  0.860029465E+000  0.253496475E+001 -0.217605883E+001  0.366922247E+000  0.177915953E+000  0.362180093E+004
 -0.254061462E+000  0.189825076E+001 -0.224764102E+001 -0.356834108E+001 -0.332332056E+001  0.231016055E+001 -0.242660321E+001  0.287079053E+001  0.724503455E-001  0.362285023E+004
 -0.952603167E+000 -0.330633719E+001  0.293309939E+001  0.259121832E+001  0.202970669E+001 -0.310049155E+001  0.272263840E+001 -0.206007388E+000  0.186112822E+000  0.362105667E+004
  0.293674666E+000 -0.247500811E+001  0.252428930E+001  0.471234734E+001  0.440454313E+001 -0.317507037E+001  0.303154008E+001 -0.342263867E+001  0.101286235E+000  0.363737466E+004
  0.608507165E+000  0.280453551E+001 -0.283460452E+001 -0.942447639E+000 -0.305958467E+000  0.459642405E+001 -0.449119392E+001  0.145150505E+001  0.399490676E-003  0.363999611E+004
  0.137086009E+001  0.630510456E+001 -0.619900432E+001  0.866022327E+000  0.101296341E+001  0.346963931E+001 -0.355471303E+001 -0.518237951E+001  0.193936796E+000  0.361822557E+004
  0.158505824E+001 -0.773037342E+001  0.768545888E+001  0.539233740E+001  0.482933894E+001 -0.728537531E+001  0.705589875E+001 -0.121952709E+001  0.783608056E-001  0.362364052E+004
  0.108041820E+001 -0.194030869E+000  0.166491404E+000 -0.126157656E+001 -0.133835007E+001  0.102237087E+001 -0.110008584E+001 -0.921638777E+001  0.342920035E-001  0.362456092E+004
  0.179077143E+001  0.525004075E+001 -0.544177272E+001  0.411693332E+001  0.285809945E+001  0.430589766E+001 -0.432533277E+001  0.306413799E+001  0.152127471E+000  0.362377891E+004
  0.262017310E+001  0.257694778E+001 -0.292480016E+001  0.497037865E+001  0.520467190E+001  0.378536898E+001 -0.423951443E+001 -0.349844250E+001  0.122660604E+000  0.362590544E+004
  0.280570189E+001  0.748398817E+001 -0.757802444E+001 -0.319135597E+001 -0.258959694E+001  0.751632150E+001 -0.773562861E+001  0.629666368E+000  0.134792359E+000  0.362526679E+004
  0.506060083E+000  0.561101322E+001 -0.593412644E+001  0.105499997E+001  0.410753423E+000  0.399496262E+001 -0.452526820E+001 -0.551095978E+001  0.171710474E+000  0.361853879E+004
  0.103821784E+001  0.420745992E+001 -0.423592061E+001  0.137440303E+001  0.620726096E+000  0.192538065E+001 -0.224478650E+001  0.144972753E+001  0.140863343E+000  0.363051858E+004
  0.372253075E-001 -0.225773523E+001  0.254302913E+001 -0.376951284E+001 -0.382825743E+001 -0.278678396E+001  0.308312967E+001  0.177765527E+001  0.180564095E+000  0.361955551E+004
  0.409779805E+000 -0.385875008E+001  0.405251916E+001 -0.168408299E+001 -0.193994005E+001 -0.272302295E+001  0.270011277E+001  0.347629569E+001  0.773469298E-001  0.363345837E+004
 -0.156875052E+001  0.571555259E+001 -0.606188252E+001 -0.363908738E+000 -0.667218002E+000  0.572618452E+001 -0.600723278E+001  0.459802644E-001  0.831161291E-001  0.361838233E+004
  0.705286206E+000  0.900233833E+001 -0.939015007E+001 -0.125784630E+001 -0.190508738E+001  0.974699071E+001 -0.999030578E+001  0.144062321E+000  0.629020191E-001  0.361866723E+004
  0.135568605E+000  0.185467745E+001 -0.237552331E+001  0.317618359E+001  0.415468272E+001  0.601517560E+000 -0.118730565E+001 -0.421689118E+001  0.828154676E-001  0.361879276E+004
  0.173518996E+001  0.526601555E+001 -0.538150327E+001 -0.580490580E+001 -0.545657144E+001  0.474158862E+001 -0.505635924E+001 -0.140917065E+001  0.137709861E+000  0.362976295E+004
  0.119013991E+000 -0.121939793E+001  0.109479084E+001 -0.106604447E+001 -0.122467870E+001 -0.185933867E+000 -0.128750367E+000 -0.793391483E+001  0.959715043E-001  0.362559257E+004
  0.300488902E+000 -0.232503936E+000  0.241232140E+000  0.710233210E+001  0.847703496E+001  0.683240047E+000 -0.595851525E+000 -0.161446714E+001  0.164584537E+000  0.362089345E+004
  0.345545243E+000 -0.261687853E+001  0.203280853E+001  0.558899897E+001  0.387048838E+001 -0.293811732E+000 -0.254285418E+000 -0.653583496E+000  0.938972041E-001  0.361899634E+004
  0.164647430E+001  0.539465224E+001 -0.541478661E+001  0.172367302E+001  0.216302148E+000  0.542827104E+001 -0.568824432E+001 -0.620466668E+001  0.835893192E-001  0.362158502E+004
  0.846082376E+000 -0.483093216E+001  0.469572480E+001  0.197200300E+000 -0.468316203E+000 -0.102859087E+001  0.102097446E+001 -0.109561604E+001  0.140150737E+000  0.362672907E+004
  0.106995620E+001  0.612797873E+000 -0.591826035E+000  0.309288845E+000  0.138006270E+001  0.158302408E+001 -0.175519884E+001 -0.484710193E+001  0.827189858E-001  0.363706722E+004
 -0.990958335E+000 -0.366556564E+001  0.383036031E+001  0.289093108E+001  0.263562510E+001 -0.472621860E+001  0.476461558E+001 -0.486828536E+001  0.882066529E-001  0.361859328E+004
  0.158126553E+000 -0.205606989E+001  0.186526342E+001  0.292562379E+001  0.206328731E+001 -0.655882869E+000  0.513550198E+000  0.772727160E+001  0.912487816E-001  0.363251199E+004
 -0.876540298E-001  0.356824463E+001 -0.367074515E+001 -0.162451807E+001 -0.926259488E+000  0.516264684E+000 -0.793370256E+000  0.984930315E+000 -0.153303173E-001  0.361994195E+004
 -0.666603286E+000 -0.120885586E+001  0.100033273E+001 -0.396461198E+001 -0.407917018E+001 -0.159736065E+001  0.153543643E+001 -0.420514875E+000  0.150201716E+000  0.362256387E+004
  0.215084628E+001  0.145378521E+001 -0.170503734E+001  0.371159626E+001  0.371446553E+001  0.159224094E+001 -0.164311236E+001  0.255609486E+001  0.177432216E+000  0.362705446E+004
 -0.115746777E+001  0.162780638E+000 -0.212998795E+000  0.212407741E+001  0.105606299E+001  0.416335722E+000 -0.332677796E+000  0.137721202E+001  0.129369421E+000  0.362605208E+004
  0.940343731E+000 -0.178572169E+001  0.177356378E+001 -0.133115362E+000 -0.666045849E+000 -0.180336383E+001  0.166369440E+001 -0.634396634E+001 -0.415998482E-001  0.362807212E+004
  0.103707185E+001  0.225141855E+001 -0.231129446E+001 -0.250087807E+000 -0.150157284E+001  0.993447756E+000 -0.126473532E+001  0.102028443E+001  0.139177084E+000  0.363939153E+004
  0.190638756E+001  0.860303340E+000 -0.733135564E+000 -0.324811961E+001 -0.375017503E+001 -0.631549238E+000  0.732663868E+000  0.220300332E+001  0.622899098E-001  0.364298646E+004
  0.203430745E+001 -0.266639697E+001  0.237644905E+001  0.131036892E+001  0.293662007E+001 -0.150299940E+001  0.115512027E+001 -0.916536925E+000  0.139362498E+000  0.362549091E+004
  0.708872944E+000  0.336908630E+001 -0.332876046E+001  0.608311001E+001  0.527933296E+001 -0.238442466E+000  0.166428992E+000 -0.235357994E+001  0.148077977E-001  0.362038947E+004
  0.163871288E+001  0.668496479E+001 -0.676083257E+001  0.395081829E+001  0.261181090E+001  0.752538281E+001 -0.783043872E+001  0.138546014E+001  0.715376023E-001  0.362442095E+004
 -0.797112962E+000  0.244115151E+001 -0.279631824E+001 -0.509272793E+001 -0.527984927E+001  0.349836413E+001 -0.391211964E+001 -0.395940875E+000  0.279788496E-001  0.362303990E+004
  0.467269106E+000  0.675523840E+001 -0.691716680E+001 -0.176190927E+001 -0.381180101E+001  0.638653481E+001 -0.663224892E+001  0.415307141E+000  0.728102223E-001  0.362504460E+004
  0.140496149E+001  0.695763919E+001 -0.698377206E+001  0.252345816E+001  0.102094897E+001  0.794726338E+001 -0.811591125E+001 -0.346195195E+001  0.612489704E-001  0.362773419E+004
  0.277076201E-001  0.525582653E+001 -0.569510249E+001 -0.993313680E+000 -0.990234470E+000  0.804832476E+001 -0.858964610E+001 -0.209061743E+001  0.158041801E+000  0.361880257E+004
 -0.566411202E+000  0.744803421E+001 -0.725224729E+001  0.145266710E+001  0.841435104E+000  0.738273639E+001 -0.730743492E+001 -0.377302531E+001  0.535423184E-001  0.362328839E+004
  0.211296287E+001  0.476223387E+001 -0.476156197E+001  0.412463999E+000 -0.989788273E-001  0.609700659E+001 -0.603321217E+001 -0.333032713E+001  0.673719154E-001  0.364148558E+004
  0.182963809E+001  0.195872741E+001 -0.193140144E+001 -0.109133001E+000 -0.137289908E+001 -0.925643375E+000  0.701067670E+000  0.119748523E+001  0.116101736E+000  0.363001132E+004
  0.145445146E+001 -0.118831084E+001  0.990928717E+000  0.882039932E+000  0.175006672E-001 -0.779499938E+000  0.559803390E+000 -0.907384228E+001  0.491050142E-001  0.362407464E+004
  0.168632103E+001  0.165734500E+001 -0.200584775E+001 -0.616240253E+000  0.573731048E+000  0.405108900E+001 -0.459976322E+001  0.411247761E+001  0.134200413E+000  0.361833364E+004
  0.271172890E+001  0.392503341E+001 -0.377383943E+001 -0.239297328E+001 -0.116502463E+001  0.279597681E+001 -0.274143213E+001 -0.190636908E+001  0.960498511E-001  0.363027534E+004
  0.805867380E+000  0.579138849E+001 -0.570632937E+001  0.136213309E+001  0.267921403E+001  0.648401829E+001 -0.652192654E+001 -0.281079680E+000  0.354471219E-001  0.363580056E+004
  0.120769308E+001  0.723615292E+000 -0.130615366E+001  0.241459694E+001  0.286620262E+001 -0.195900257E+001  0.151035295E+001 -0.125036277E+001  0.125494153E+000  0.362151368E+004
  0.733972168E+000  0.566951885E+001 -0.569203644E+001 -0.417997392E+001 -0.370957332E+001  0.286756049E+001 -0.275094481E+001  0.319191963E+001  0.152284959E+000  0.362035949E+004
  0.118077270E+001  0.330479704E+001 -0.369407336E+001  0.844427202E+001  0.738521002E+001  0.395678064E+001 -0.445508510E+001  0.190155032E+001  0.913922890E-001  0.362359224E+004
 -0.563762274E-001 -0.228555285E+001  0.233639532E+001  0.377030287E+001  0.373124492E+001  0.138405499E+001 -0.130542244E+001  0.436362508E+001  0.487452206E-002  0.362336950E+004
  0.175395706E+001  0.132482336E+001 -0.101045686E+001 -0.766483423E+000  0.320456119E+000  0.219627051E+001 -0.172939695E+001  0.439475130E+001  0.104985191E+000  0.361929625E+004
  0.136090551E+001  0.486177418E+000 -0.543370764E+000 -0.306832595E+001 -0.327316318E+001  0.246109645E+001 -0.269275011E+001  0.285638974E+001  0.112726611E+000  0.364218538E+004
  0.112681763E+001  0.399218335E+001 -0.389809058E+001  0.260801124E+001  0.324552720E+001  0.492388121E+001 -0.481654847E+001 -0.327768847E+001  0.802866167E-001  0.364652831E+004
  0.118718584E+001  0.687288660E+001 -0.687400124E+001 -0.444987553E+001 -0.449649466E+001  0.660085831E+001 -0.674199235E+001 -0.135731310E+001 -0.690385333E-003  0.363588519E+004
  0.133524647E+001  0.596497280E+001 -0.595194335E+001  0.406434980E+001  0.396109660E+001  0.475761811E+001 -0.488499465E+001  0.638778560E+000  0.198858341E+000  0.362621231E+004
 -0.731714028E+000 -0.532860239E-001  0.129786445E-001  0.305316276E+001  0.101412223E+001  0.284663942E+001 -0.297838946E+001  0.336016605E+001  0.115514016E+000  0.361887964E+004
 -0.709929362E+000  0.284100044E+001 -0.257050427E+001  0.345826640E+001  0.336025768E+001  0.250083570E+000 -0.222431739E+000 -0.261549747E+001  0.141730461E+000  0.361867140E+004
  0.441152541E+000  0.140037184E+000 -0.132629973E-001  0.690316667E+001  0.624409556E+001  0.653983554E+000 -0.629305219E+000 -0.265428630E+001  0.130138799E+000  0.363810110E+004
  0.131576757E+001 -0.956129689E+000  0.964587987E+000 -0.162005046E+001 -0.138736944E+001 -0.926988717E+000  0.897429418E+000 -0.287586324E+001 -0.608312275E-001  0.364363979E+004
  0.692933759E+000  0.531540321E+001 -0.543563712E+001 -0.270673019E+001 -0.411017782E+001  0.723701833E+001 -0.754223151E+001  0.459138357E+001  0.101936157E+000  0.362289301E+004
  0.170997820E+001  0.373180338E+001 -0.383583561E+001  0.172915530E+001  0.105704196E+001  0.213407728E+001 -0.237086034E+001 -0.364255953E+001  0.149618903E+000  0.363789925E+004
  0.877354506E+000 -0.110660897E+001  0.705555634E+000 -0.203284010E+001 -0.147958058E+001 -0.209496986E+001  0.154817558E+001 -0.154730543E+001  0.110339727E+000  0.363492816E+004
  0.827241691E+000 -0.623600717E+001  0.601040221E+001  0.183564310E+001  0.144126370E+001 -0.450699637E+001  0.416259846E+001  0.857995588E+000  0.517667970E-001  0.364011587E+004
  0.132241698E+001  0.559973128E+001 -0.577432136E+001  0.739482292E+001  0.704219798E+001  0.808375970E+001 -0.841648794E+001  0.141693645E+001  0.985707075E-001  0.361859353E+004
 -0.552599618E+000  0.137341809E+001 -0.189645851E+001  0.679399742E+001  0.653120234E+001  0.166807033E+001 -0.202518341E+001  0.762224651E+000  0.144277294E+000  0.361842812E+004
  0.283435443E+000  0.135381983E+001 -0.149541061E+001 -0.128174321E+001 -0.117640915E+001  0.521955525E+001 -0.516810626E+001  0.227359921E-001  0.963594267E-001  0.362623690E+004
  0.107549871E+001  0.564883740E+001 -0.562626620E+001  0.259705039E+001  0.282138365E+001  0.519687771E+001 -0.543595588E+001  0.309578575E+001  0.193371752E+000  0.362124867E+004
  0.207614121E+001 -0.558643271E+001  0.566351675E+001 -0.469842296E+001 -0.475479870E+001 -0.418559635E+001  0.412535327E+001 -0.220189954E+000  0.544181458E-001  0.362286669E+004
  0.593747648E+000  0.512137462E+001 -0.520987237E+001 -0.936136785E+000 -0.659926671E+000  0.577152321E+001 -0.611939782E+001  0.540435006E+001  0.145412857E+000  0.362496322E+004
  0.159712650E+000 -0.407171094E+001  0.377306995E+001 -0.460599045E+001 -0.444179064E+001 -0.357870223E+001  0.345245899E+001  0.205870213E+001  0.818430584E-001  0.362068475E+004
  0.116315496E+001 -0.789523318E+000  0.105303516E+001  0.439750666E+001  0.329783195E+001  0.213482424E+001 -0.208524670E+001 -0.439934863E+001  0.144927781E+000  0.362335564E+004
  0.131617277E+001  0.167302125E+001 -0.217275007E+001 -0.337224791E+001 -0.346636742E+001  0.408927938E+000 -0.105201723E+001  0.285502885E+001  0.192900100E+000  0.362016926E+004
  0.183543113E+001  0.422250576E+001 -0.393011868E+001  0.318331283E+001  0.270779791E+001  0.389243681E+001 -0.359064497E+001  0.264729328E+000  0.198998814E+000  0.362464279E+004
  0.131893781E+001  0.203707749E+001 -0.189058147E+001 -0.710223358E+001 -0.680464602E+001  0.192716284E+001 -0.182600627E+001  0.607475297E+001  0.136101791E+000  0.362110105E+004
  0.150988492E+001  0.570043634E+001 -0.566562831E+001  0.252168471E+001  0.126266541E+001  0.691373874E+001 -0.686955215E+001  0.276705422E+001 -0.113036780E-001  0.363084380E+004
  0.154591410E+001 -0.217963397E+001  0.216984282E+001 -0.191777755E+001 -0.143571103E+001 -0.522014893E+001  0.524587139E+001 -0.205520822E+001  0.231414249E-001  0.362213737E+004
  0.129085044E+001 -0.351799843E+001  0.311845815E+001 -0.441915996E+001 -0.332749671E+001 -0.648190466E+000  0.289661655E+000  0.122814941E+001  0.650593415E-001  0.362024165E+004
 -0.100730413E+001  0.681066218E+001 -0.686514805E+001  0.286881419E+001  0.343239347E+001  0.512946513E+001 -0.516762593E+001 -0.357478267E+001  0.133997712E+000  0.361978637E+004
  0.716459422E-001  0.150509125E+001 -0.142742593E+001  0.146048117E+001  0.203510129E+001  0.171752757E+001 -0.160579570E+001 -0.505528233E+000 -0.248596287E-001  0.364851843E+004
  0.221762185E+001 -0.380843315E+001  0.365035618E+001  0.734176273E+000  0.943238386E-001 -0.574015219E+000  0.161321795E+000 -0.909508383E+000  0.944036574E-001  0.362531165E+004
  0.647078720E+000 -0.119881337E+001  0.116641885E+001  0.390583640E+001  0.327705635E+001  0.257259192E+001 -0.268117745E+001 -0.274269000E+001  0.987205777E-001  0.363851517E+004
  0.970947529E+000  0.321591601E+001 -0.373452079E+001  0.289569108E+001  0.277644833E+001  0.168638532E+001 -0.199550667E+001  0.102974374E+001  0.193369943E+000  0.361852516E+004
  0.176517977E+001  0.835887597E+001 -0.837486275E+001  0.482880183E+001  0.552091621E+001  0.630149435E+001 -0.638712604E+001 -0.134998016E+001  0.125208806E+000  0.362476888E+004
  0.288429388E+001 -0.388270069E+000  0.379841517E+000 -0.426723265E+001 -0.460256324E+001  0.182874354E+001 -0.206144992E+001 -0.421412979E+001  0.101047397E+000  0.361913871E+004
 -0.791647947E+000  0.466632692E+001 -0.483717160E+001 -0.159580107E+000  0.927805176E+000  0.232981234E+001 -0.249006395E+001  0.114289595E+001  0.672833842E-001  0.362714425E+004
 -0.139362118E+000  0.775703337E+001 -0.802608377E+001 -0.206489590E+001 -0.153530243E+001  0.899627052E+001 -0.938880398E+001 -0.267882509E+001  0.759673838E-001  0.362270739E+004
  0.651568028E+000 -0.194922397E+001  0.218299869E+001  0.210317862E+001  0.109404700E+001 -0.478001683E+000  0.549872175E+000  0.186151679E+001  0.551389794E-001  0.364540462E+004
  0.873123794E+000  0.127026318E+001 -0.917872808E+000  0.256445582E+001  0.257010394E+001  0.466755988E+001 -0.439710062E+001  0.134070810E+001  0.189087500E+000  0.362143438E+004
  0.144046496E+001 -0.478169033E+001  0.438256454E+001 -0.298208840E+001 -0.282269352E+001 -0.292722963E+001  0.270154845E+001  0.224343406E+001  0.522521808E-001  0.362256351E+004
  0.113274929E+001  0.974987860E+000 -0.804811272E+000  0.812475675E+000  0.191497336E+001  0.157457348E+001 -0.148858964E+001 -0.752441004E+001  0.523112918E-001  0.362800142E+004
 -0.905489293E+000  0.630482870E+000 -0.656948454E+000  0.550272604E+000  0.139140738E+000 -0.465447147E+000  0.440224390E+000 -0.336658215E+001  0.755361992E-001  0.363784948E+004
 -0.496630424E+000  0.211097305E+001 -0.204152301E+001  0.711898636E+001  0.612190485E+001  0.488886025E+000 -0.375511646E+000  0.346951124E+001  0.119804552E+000  0.362385879E+004
  0.918072128E+000  0.190281739E+001 -0.182838216E+001  0.458718753E+001  0.321844833E+001  0.620316439E+000 -0.742987100E+000 -0.307273146E+001  0.482161704E-001  0.363873492E+004
  0.263491126E+001 -0.221550686E+001  0.200304813E+001  0.325045658E+000 -0.114007473E+001 -0.218994325E+001  0.182892611E+001 -0.650343853E+001  0.144844868E+000  0.361860699E+004
  0.121542691E+001 -0.360208025E+001  0.330741486E+001  0.587852351E+001  0.668363893E+001 -0.289784791E+001  0.275327385E+001 -0.291732219E+001  0.152578528E+000  0.362328700E+004
  0.858609261E+000  0.323122840E+001 -0.320975397E+001 -0.402095512E+001 -0.387051713E+001  0.359603470E+001 -0.383834894E+001  0.349643210E+001  0.457238091E-001  0.363468186E+004
  0.328880550E+001 -0.251927494E+001  0.241367520E+001  0.608521040E+000  0.286797581E+000  0.375447039E+000 -0.408010222E+000  0.572850895E+001  0.121672046E+000  0.361950252E+004
 -0.213690248E+000  0.324271643E+001 -0.315931530E+001 -0.387844782E+001 -0.545133210E+001  0.314258393E+001 -0.329063479E+001 -0.394451437E+001  0.790531435E-001  0.362079043E+004
  0.516353239E+000 -0.257029675E+001  0.258747085E+001 -0.453499893E+001 -0.431774494E+001 -0.343621529E+001  0.352810092E+001  0.468250769E+001  0.163192359E+000  0.362160245E+004
  0.207791790E+001 -0.280697877E+001  0.242870426E+001 -0.384978736E+000 -0.303704344E+000 -0.456178091E+001  0.406532067E+001  0.355303222E+000  0.130177432E+000  0.363035099E+004
 -0.375638485E+000 -0.468474915E+001  0.472599561E+001 -0.313152008E+001 -0.271844850E+001 -0.468093242E+001  0.466601538E+001 -0.269054323E+001  0.181335884E+000  0.361886148E+004
  0.247365770E+001  0.149198616E+001 -0.157742985E+001 -0.823896928E+000 -0.176841407E+001 -0.873833807E+000  0.729314989E+000 -0.258957688E+001  0.391642103E-001  0.363745696E+004
  0.109331078E+001 -0.818637347E+000  0.423244570E+000  0.394401717E+001  0.277269295E+001  0.754487503E+000 -0.107330020E+001  0.750687626E+000 -0.252332676E-001  0.363804841E+004
  0.578209207E+000  0.493369375E+001 -0.484308553E+001  0.409111935E+001  0.322422743E+001  0.321734471E+001 -0.322619981E+001  0.735246494E+001  0.171824819E-001  0.361916141E+004
 -0.573401367E+000 -0.203900061E+001  0.238739533E+001 -0.265404864E+001 -0.251028101E+001 -0.375523548E+001  0.390263035E+001  0.113063676E+000  0.768752441E-001  0.361831977E+004
  0.324800568E+000 -0.180235369E+001  0.139413158E+001  0.105287582E+001 -0.105957465E+001 -0.158474302E+001  0.106233442E+001 -0.214647935E+001  0.146394363E+000  0.362350012E+004
  0.165424617E+001  0.419885261E+000 -0.262122838E+000 -0.138545751E+001 -0.254674404E+001  0.200685303E+001 -0.189386530E+001 -0.782704343E+001  0.172915173E+000  0.361865783E+004
  0.947130895E+000 -0.354301088E+001  0.363198332E+001  0.521072671E+001  0.538953264E+001 -0.592555238E+001  0.613165470E+001 -0.682161410E+000  0.869202735E-001  0.362374239E+004
  0.192616195E+000 -0.328817948E+000  0.433932441E+000  0.812268818E+001  0.649051883E+001 -0.767365177E+000  0.897159089E+000 -0.716954933E+000  0.162086577E+000  0.362288881E+004
  0.174028776E+000  0.500851730E+001 -0.554988431E+001 -0.399818874E+000 -0.220559974E+000  0.415016162E+001 -0.468120924E+001  0.508638954E+001  0.108479645E+000  0.362805332E+004
  0.120501394E+001 -0.931997383E+000  0.820268306E+000 -0.379761995E+001 -0.539400697E+001  0.290479283E+000 -0.721798989E+000 -0.476070357E-001  0.952487844E-001  0.362141819E+004
  0.305713333E+000 -0.876717371E+000  0.125586526E+001  0.299544812E+001  0.234388861E+001 -0.280675980E+001  0.318273221E+001  0.971998964E-001  0.436948346E-001  0.362923524E+004
  0.261528200E+001 -0.972802989E-001 -0.232055297E+000  0.552965680E+000 -0.105042876E+001  0.333895178E+001 -0.357418748E+001  0.218848808E+001  0.117240862E+000  0.362123512E+004
 -0.298253112E+000  0.610416940E+001 -0.624916135E+001 -0.552484581E+000 -0.715199483E+000  0.749967914E+001 -0.763395985E+001  0.207305192E+000  0.208354521E+000  0.362131941E+004
  0.234862472E+001  0.244740801E+001 -0.230711553E+001  0.348756625E+000 -0.803739250E+000  0.426940589E+001 -0.420428576E+001 -0.598224032E+001  0.180232737E+000  0.362074950E+004
  0.876932226E+000  0.728828238E+001 -0.742558746E+001  0.474828044E+001  0.409684542E+001  0.658994801E+001 -0.656469083E+001  0.320078969E+001  0.112962990E+000  0.362671013E+004
  0.154673062E+001 -0.437238485E+001  0.411881931E+001 -0.103799455E+001 -0.186917539E+001 -0.615845967E+001  0.590643618E+001  0.100026815E+001  0.785469356E-001  0.363415143E+004
  0.991334635E+000 -0.419688230E+001  0.414389605E+001 -0.116547085E+001 -0.832320821E+000 -0.260694478E+001  0.233116613E+001  0.528363303E+001  0.827923915E-001  0.362939486E+004
  0.163214363E+001  0.336691859E+000 -0.949802333E+000  0.112506615E+000  0.353086768E+000  0.449218128E+001 -0.508686669E+001 -0.808020978E+000  0.122606478E+000  0.361851362E+004
  0.127426043E+001  0.328321363E+001 -0.311268600E+001  0.474903368E+001  0.343319785E+001  0.247772443E+001 -0.251089664E+001  0.520725630E+000  0.136168163E+000  0.363477572E+004
  0.138285844E+001 -0.537862832E+001  0.494524666E+001  0.727273213E+001  0.624589042E+001 -0.464000544E+001  0.417263848E+001 -0.319869772E+001  0.156614617E+000  0.361885222E+004
  0.957748472E+000 -0.565718256E+001  0.581804532E+001 -0.143806325E+001 -0.203591747E+001 -0.442577095E+001  0.471665195E+001 -0.231554253E+001  0.605986057E-001  0.362023980E+004
  0.134950841E+001 -0.273538804E+000  0.754896630E-001 -0.189210044E+001 -0.208862195E+001  0.280687304E+001 -0.320424148E+001  0.382051278E+001  0.709637996E-001  0.363419271E+004
 -0.468575774E+000  0.219484561E+001 -0.256493595E+001  0.560331658E+001  0.536710947E+001  0.350523180E+001 -0.387533983E+001  0.462301588E+001  0.271004520E-001  0.362505999E+004
  0.624383191E+000 -0.196537228E+001  0.230904222E+001 -0.433821966E+001 -0.429411583E+001  0.363870772E-003  0.336154194E+000 -0.326251215E+001  0.535256514E-001  0.362171852E+004
  0.652209170E+000  0.322380624E+001 -0.308805051E+001 -0.158024137E+001 -0.211892586E+001  0.616702760E+001 -0.614320621E+001 -0.131199285E+001  0.785625131E-001  0.364038244E+004
 -0.631947187E+000 -0.115320555E+001  0.133514892E+001 -0.559894919E+000 -0.479645871E+000 -0.125536426E+001  0.123294022E+001 -0.497922788E+001  0.464586284E-001  0.362699625E+004
  0.130900430E+001  0.455373627E+001 -0.520782491E+001  0.356827747E+001  0.384617203E+001  0.346053368E+001 -0.405937668E+001 -0.701820040E+000  0.163718204E+000  0.362034429E+004
  0.471529564E+000  0.452363051E+001 -0.428903796E+001  0.484830763E+001  0.398188818E+001  0.498407357E+001 -0.457542431E+001 -0.192223678E+000  0.131698842E+000  0.362294371E+004
 -0.768433695E-001 -0.274066398E+001  0.272965470E+001  0.483203138E+001  0.415304268E+001 -0.445278140E+001  0.434099951E+001 -0.349626418E+001  0.443909012E-001  0.363242180E+004
  0.113123688E+001  0.255627836E+001 -0.265126282E+001  0.860220246E+001  0.793064534E+001  0.768902897E+000 -0.101800857E+001 -0.470176357E+001  0.953788663E-001  0.362254404E+004
  0.152605446E+001  0.674112812E+000 -0.682266764E+000  0.916753784E+001  0.804250636E+001  0.997789581E+000 -0.119324688E+001 -0.319627626E+001  0.668525449E-001  0.362502435E+004
  0.132969044E+001  0.660848451E+001 -0.663887103E+001 -0.929212233E+000  0.251829137E+000  0.849670221E+001 -0.858906053E+001  0.294490850E+001  0.527327966E-001  0.363028828E+004
  0.210584805E+001 -0.705584213E+001  0.693509236E+001  0.660729106E+001  0.548945491E+001 -0.479283921E+001  0.455168884E+001 -0.229801473E+000  0.132682214E+000  0.362216745E+004
  0.110163294E+001  0.159954899E+001 -0.109510615E+001 -0.621148744E+000  0.537989489E+000  0.228632184E+001 -0.200732530E+001 -0.604240423E+000  0.535632430E-001  0.362153625E+004
 -0.137694009E+001 -0.395904413E+000  0.409247543E+000  0.144427159E+001  0.170560711E+000  0.230979181E+000 -0.294273691E+000 -0.665549321E+000  0.142023660E+000  0.362700046E+004
  0.632979469E+000  0.671949312E+001 -0.663600555E+001  0.135933378E+001  0.117352486E+001  0.630788141E+001 -0.625038093E+001  0.238238788E+001  0.703587630E-001  0.364733173E+004
  0.775982829E+000 -0.197229713E+001  0.133593279E+001  0.621768945E+001  0.519175276E+001 -0.184403367E+001  0.124121027E+001  0.293091681E+001  0.628973221E-001  0.362296545E+004
  0.107585730E+001  0.206676751E+001 -0.212843208E+001 -0.345939404E+001 -0.355885273E+001  0.219966920E+001 -0.220863984E+001 -0.337750669E+001  0.677319463E-001  0.364876424E+004
  0.117599220E+001  0.411154623E+001 -0.446238415E+001 -0.158435944E+001 -0.761480542E+000  0.560802580E+001 -0.607815053E+001 -0.490664885E+001  0.159203953E+000  0.362392341E+004
  0.415455972E+000  0.347544619E+001 -0.378866082E+001 -0.351066927E+001 -0.241263929E+001  0.339087574E+001 -0.373964024E+001 -0.100295830E+001  0.101011284E+000  0.363922049E+004
  0.170475326E+001  0.631145114E+001 -0.656512477E+001  0.184779560E+001  0.869661544E+000  0.543227478E+001 -0.551568624E+001 -0.440862943E+001  0.125576256E+000  0.362398187E+004
  0.120661862E+001  0.267684308E+001 -0.249126016E+001  0.438515137E+001  0.317030639E+001  0.460680036E+001 -0.465984440E+001 -0.191397294E+000  0.879498401E-001  0.363397394E+004
  0.757856464E+000  0.111361427E+000 -0.458101396E-001  0.776083413E+000  0.824154628E+000  0.119491345E+001 -0.116533146E+001 -0.730737111E+000 -0.331842645E-001  0.366019727E+004
  0.397741401E+000  0.286035142E+001 -0.281010225E+001  0.359019481E+001  0.318710975E+001  0.534635051E+001 -0.535397776E+001  0.702308991E+001  0.160884234E+000  0.362479113E+004
  0.107529823E+001  0.715075739E+000 -0.844075812E+000 -0.428279599E+001 -0.304614837E+001  0.415073326E+000 -0.821573357E+000  0.634461647E+000  0.887929041E-001  0.362575581E+004
  0.340495096E+000  0.118186208E+001 -0.138532353E+001 -0.359991996E+001 -0.384461967E+001 -0.239827109E+001  0.195262040E+001 -0.543179221E+000  0.464226432E-001  0.361853894E+004
  0.257943745E+001  0.231391100E+001 -0.238553483E+001 -0.133553613E+000 -0.923658571E+000  0.289595143E+001 -0.302706524E+001 -0.503147731E+001  0.110274776E+000  0.363854342E+004
  0.111638405E+001 -0.325178540E+001  0.331374706E+001 -0.461350869E+001 -0.434334479E+001 -0.507267032E+001  0.513563478E+001 -0.420968843E+001  0.120943335E+000  0.362196892E+004
  0.241474478E+001  0.516731352E+001 -0.496547711E+001  0.372109743E+001  0.405551551E+001  0.283702947E+001 -0.266829209E+001 -0.431189990E+001  0.109946782E+000  0.362664711E+004
 -0.114001028E+001  0.175304542E+001 -0.170894854E+001 -0.126064916E+001 -0.579787406E+000 -0.813935879E+000  0.739754297E+000 -0.193603760E+001  0.749704158E-001  0.362329094E+004
 -0.132918295E+000  0.236921247E+001 -0.225324002E+001 -0.229677521E+001 -0.346428513E+001  0.467002802E+001 -0.468598687E+001 -0.343946781E+001  0.704092904E-001  0.363100192E+004
 -0.176822047E+001  0.266059707E+001 -0.275656867E+001  0.305735561E+001  0.304802866E+001  0.288724868E+001 -0.294644735E+001 -0.226957637E+001  0.121973667E+000  0.362254039E+004
  0.168893732E+001  0.169454876E+001 -0.200811945E+001 -0.285814740E+001 -0.282066783E+001  0.486443196E+001 -0.512874693E+001 -0.127426594E+001  0.106638456E+000  0.363631516E+004
  0.972159625E+000  0.375363673E+001 -0.406653879E+001 -0.261273241E+001 -0.242167427E+001  0.189883866E+001 -0.215431110E+001  0.194220351E+001  0.217609394E+000  0.362147617E+004
  0.281158687E+001  0.533173734E+001 -0.526041891E+001 -0.183553021E+001 -0.116822714E+001  0.511600724E+001 -0.533675974E+001  0.913031450E+000  0.966640442E-001  0.362182824E+004
  0.216805470E+001 -0.135039087E+001  0.103863678E+001  0.308904320E+001  0.296701152E+001 -0.288145466E+001  0.255228394E+001 -0.191882513E+001  0.183413256E+000  0.362793162E+004
  0.785777877E+000  0.299241569E+001 -0.304410900E+001 -0.881176050E+001 -0.828206900E+001  0.327034745E+001 -0.346928718E+001  0.472952624E+001  0.100944221E+000  0.361871177E+004
  0.532206098E+000 -0.156988890E+001  0.127070303E+001  0.203210973E+001  0.191075495E+001 -0.229449517E+001  0.210303213E+001  0.593408203E+001  0.111988833E+000  0.363700788E+004
  0.106959890E+001  0.770326962E+001 -0.809004998E+001 -0.502466723E+000 -0.681468442E+000  0.464314664E+001 -0.524026456E+001  0.220686575E+001  0.127129095E+000  0.361843938E+004
  0.327340166E+001  0.302424565E+001 -0.298338706E+001 -0.686910997E+000 -0.112813646E+001  0.677736524E+001 -0.676722899E+001 -0.109431785E+001  0.119834593E+000  0.361923476E+004
 -0.580306264E+000  0.127434416E+001 -0.115987683E+001  0.618036567E+001  0.579766530E+001 -0.134229256E+000  0.338503602E+000  0.532782937E+001  0.913655188E-001  0.362134030E+004
  0.272226107E+001 -0.552366553E+001  0.567007197E+001  0.215352175E+001  0.255123223E+001 -0.331714778E+001  0.336871638E+001 -0.295512462E+000  0.333942348E-001  0.362392759E+004
 -0.612370759E-001 -0.336106367E+001  0.333040225E+001  0.709474985E+001  0.671048279E+001 -0.448010831E+001  0.427927193E+001  0.280945707E+001  0.182461356E-001  0.362097055E+004
 -0.184135271E+000 -0.468850970E+001  0.486518158E+001  0.421463071E+000 -0.109654951E+001 -0.390354017E+001  0.403557587E+001 -0.253478437E+001  0.596986320E-001  0.362592439E+004
  0.161978620E+001 -0.207944186E+001  0.193334232E+001 -0.104428306E+001  0.350788318E+000 -0.251219780E+001  0.255329733E+001 -0.527932020E+000  0.109818209E+000  0.362672288E+004
  0.297281833E+001  0.240057178E+001 -0.223682863E+001  0.370042892E+001  0.393413118E+001  0.280938992E-001  0.115687418E+000 -0.410312772E+001  0.138642115E+000  0.362269473E+004
  0.283810412E+000  0.750563625E+001 -0.756022433E+001 -0.292895866E+001 -0.371001421E+001  0.617109994E+001 -0.639033431E+001 -0.215914487E+001  0.160232036E+000  0.362684516E+004
  0.268446347E+001  0.298223756E+001 -0.282570437E+001  0.147260027E+001  0.101208603E+001  0.806785004E+000 -0.628724149E+000 -0.368757747E+001  0.165580080E+000  0.362488670E+004
  0.255352244E+001 -0.580698535E-001  0.373608277E+000 -0.280364870E+001 -0.191122540E+001 -0.836210069E+000  0.997609767E+000  0.111378737E-001  0.138759780E+000  0.362586813E+004
  0.191408190E+001  0.441461365E+001 -0.460714890E+001 -0.265614848E+001 -0.450187589E+001  0.485553821E+001 -0.504409265E+001 -0.570834249E-001  0.167962366E+000  0.362432749E+004
  0.117948558E+001  0.555884293E-001  0.508626482E-001  0.668943136E+001  0.545858517E+001 -0.869205048E+000  0.109761105E+001  0.675942343E+001  0.914829731E-001  0.361948301E+004
  0.246680597E+001 -0.438671329E+001  0.441709070E+001  0.144420702E+001  0.239602496E+001 -0.422679068E+001  0.428458756E+001  0.253596008E+001  0.161209541E+000  0.362514858E+004
  0.247996099E+001 -0.634299169E+000  0.639283438E+000 -0.412388961E+000 -0.179770684E+001 -0.294709559E+001  0.288507604E+001  0.475275762E+001  0.487279630E-001  0.362425364E+004
  0.224345863E+001 -0.155286102E+001  0.179961135E+001  0.481585849E+000 -0.212004994E+000  0.110004580E+001 -0.815859436E+000  0.402206768E+001  0.512191985E-001  0.362872067E+004
 -0.565733640E-001 -0.443588023E+000  0.418372249E+000 -0.376618431E+001 -0.408759526E+001  0.209273979E+001 -0.237965305E+001 -0.125541366E+001  0.120872347E+000  0.362707954E+004
  0.163995302E+001 -0.526581810E+001  0.496775081E+001  0.246912920E+001  0.282239603E+001 -0.371065392E+001  0.360466185E+001  0.228338765E+001  0.108254248E+000  0.362949986E+004
  0.520974674E+000 -0.524019259E+001  0.530088273E+001  0.198037124E+001  0.150518391E+001 -0.529455069E+001  0.551554691E+001 -0.123862214E+001  0.152917631E+000  0.362452223E+004
  0.827293621E+000  0.228609296E+001 -0.270343765E+001 -0.182841744E+001 -0.228874354E+001  0.388322354E+001 -0.451051071E+001 -0.188402546E+000  0.734616183E-001  0.363458402E+004
  0.724766214E+000  0.535128884E+001 -0.518526910E+001 -0.495644919E+001 -0.576034281E+001  0.687372852E+001 -0.668819548E+001 -0.273753726E+001  0.176300376E+000  0.361921148E+004
  0.108196378E+001  0.282117688E+001 -0.317230236E+001  0.237127187E+001  0.102103083E+001  0.226857614E+001 -0.255977457E+001  0.559817951E+001 -0.268575371E-001  0.362419308E+004
  0.850431548E+000 -0.588286056E+000  0.921370634E+000  0.374753885E+001  0.422888513E+001  0.129480943E+001 -0.112681906E+001  0.485323541E+001  0.836178981E-002  0.362278974E+004
  0.240931895E+000  0.340091634E+001 -0.310806875E+001  0.130799336E+001  0.396567505E+000  0.542965824E+000 -0.234944295E+000 -0.301278473E+001  0.130964699E+000  0.362524901E+004
  0.705379840E+000  0.524313331E+001 -0.504568266E+001  0.197294704E+001  0.134240762E+001  0.584420729E+001 -0.593913023E+001 -0.320222110E+001  0.275383336E-001  0.362738888E+004
  0.471837801E+000 -0.264997739E+001  0.273556219E+001  0.723353470E+000  0.214775007E+000  0.206565659E+001 -0.223133791E+001  0.671923476E+000  0.692817861E-001  0.361864499E+004
  0.116560498E+001 -0.168404690E+001  0.165221873E+001 -0.212140965E+001 -0.252102275E+001 -0.183530468E+001  0.164300874E+001  0.719914316E+001  0.866711172E-001  0.363469474E+004
  0.350135897E+000 -0.863826154E+000  0.102561420E+001 -0.326610733E+001 -0.104964530E+001 -0.122759282E+000  0.239112540E+000  0.226392132E+000  0.100911982E+000  0.361901826E+004
  0.451899649E+000  0.107953559E+001 -0.945191971E+000 -0.118648040E+000  0.111226777E+001 -0.112881943E+001  0.108436925E+001 -0.404313715E+001  0.163970319E-001  0.362305749E+004
  0.299167478E+001  0.495918759E+001 -0.543516705E+001  0.436493759E+001  0.359809252E+001  0.353790954E+001 -0.402104422E+001 -0.150933046E+001  0.764191927E-001  0.361873257E+004
  0.141877140E+001  0.521599585E+001 -0.558944480E+001  0.222371432E+001  0.272474156E+001  0.562512118E+001 -0.603951897E+001  0.688268682E+001  0.269978355E-001  0.362377398E+004
  0.240506296E+001  0.273000431E+001 -0.266145048E+001 -0.247511754E+001 -0.264147607E+001  0.820487103E+000 -0.930339648E+000  0.330507458E+001  0.888403545E-001  0.363717563E+004
  0.700067647E+000  0.641555536E+001 -0.677498977E+001 -0.181004152E+001 -0.263833183E+001  0.662160389E+001 -0.709188432E+001 -0.213312822E+001  0.206670548E+000  0.361929595E+004
  0.134739074E+001  0.595046594E+001 -0.628388480E+001 -0.413128282E+001 -0.348031718E+001  0.791597866E+001 -0.833421208E+001 -0.403765489E+001  0.969716046E-001  0.362379643E+004
 -0.341244723E+000  0.291781566E+001 -0.340273661E+001  0.482933324E+001  0.433756419E+001  0.214848180E+001 -0.265470159E+001  0.320397382E+001  0.660696969E-001  0.362960688E+004
  0.199185066E+000 -0.291718912E+001  0.271160675E+001  0.609869915E+000  0.273979269E+000 -0.151361134E+001  0.131088457E+001 -0.296251003E+001 -0.927971599E-001  0.362183870E+004
  0.332686986E+000  0.352902942E+001 -0.316237457E+001 -0.192351267E-001 -0.331980920E+000  0.399065889E+001 -0.380088462E+001  0.383224290E+001  0.160430797E+000  0.362843931E+004
  0.882706447E-001  0.202730619E+000 -0.229885492E+000 -0.137369670E+001 -0.237370938E+001  0.376554674E+001 -0.389176637E+001 -0.610165916E+001  0.552213400E-001  0.362132505E+004
 -0.508654218E+000 -0.143092228E+001  0.956182232E+000  0.514733773E+000  0.993190943E+000 -0.226077747E+001  0.196626525E+001 -0.281282681E+001  0.710028274E-001  0.361931937E+004
  0.239569773E+001 -0.226732624E+001  0.198619368E+001  0.759743903E+001  0.689007114E+001 -0.140925638E+001  0.122655214E+001  0.344505662E+000  0.151349736E+000  0.362720069E+004
  0.222055653E+001  0.825534067E+000 -0.888764503E+000  0.901968048E+000  0.428782034E+000 -0.127442251E+001  0.144375856E+001 -0.333757239E+001  0.102677603E+000  0.362045551E+004
  0.537274428E+000 -0.104193572E+001  0.825286375E+000  0.243846188E+001  0.196516359E+001 -0.297282376E+001  0.273913026E+001 -0.213729991E+000  0.208155372E+000  0.362627712E+004
  0.186628321E+001  0.976502281E+000 -0.136264964E+001  0.450776618E+001  0.352106061E+001  0.341815346E+001 -0.363196760E+001  0.462421468E+001  0.149605506E+000  0.362345545E+004
  0.224701148E+001  0.111064863E+001 -0.125635199E+001  0.507053232E-001  0.435384683E+000  0.564711863E+001 -0.572640414E+001 -0.930060584E+000  0.119849613E+000  0.362608081E+004
  0.212594724E+001 -0.477221822E+001  0.460859283E+001  0.137375696E+001  0.145574217E+001 -0.683213089E+001  0.668991381E+001  0.112109590E+000  0.444704285E-001  0.362950081E+004
  0.193755982E+001  0.544035963E+001 -0.543828772E+001 -0.684250841E+000 -0.436322380E+000  0.378959260E+001 -0.373671435E+001  0.303774291E+001  0.131527599E-001  0.364130827E+004
  0.216357333E+001  0.360752968E+001 -0.353532822E+001 -0.564661266E+000 -0.171173150E+001  0.473642766E+001 -0.483970715E+001  0.851111213E+000  0.113743324E+000  0.363963224E+004
  0.785737389E+000  0.678934339E+001 -0.708296354E+001  0.158548449E+001  0.127822494E+001  0.798717358E+001 -0.850408248E+001  0.279284189E+001  0.596432843E-001  0.362414629E+004
  0.764031366E+000 -0.316738647E+001  0.305694081E+001  0.191099903E+001  0.106672632E+001 -0.492408986E+001  0.496437240E+001  0.624828140E+001  0.144406073E+000  0.362069851E+004
 -0.119118186E+001 -0.590304950E+000  0.419271623E+000 -0.276977535E-001 -0.609492900E+000  0.317522327E+000 -0.372880691E+000 -0.117352732E+001  0.608932445E-001  0.363055213E+004
  0.166985247E+001 -0.317521461E+001  0.333517575E+001  0.362271641E+001  0.375335103E+001  0.126882085E+001 -0.134194859E+001 -0.192505746E+001  0.116293089E+000  0.361900936E+004
  0.128350328E+001  0.390165093E+001 -0.364939216E+001  0.298160647E+001  0.342205580E+001  0.566312221E+001 -0.572493055E+001  0.183510923E+000  0.989270878E-001  0.362475396E+004
  0.931157223E+000  0.180092564E+001 -0.202556020E+001  0.844449004E+001  0.733950208E+001 -0.670929577E+000  0.311579933E+000 -0.596641891E+000  0.142427970E+000  0.362175204E+004
  0.736197265E+000  0.198399641E+001 -0.212653083E+001 -0.249730646E+000  0.709014345E+000 -0.719856962E+000  0.394181742E+000 -0.434812554E+001  0.128199529E+000  0.362774366E+004
  0.115070106E+001 -0.735292369E+000  0.131759707E+001  0.511877651E+001  0.456224888E+001  0.848747883E+000 -0.270899933E+000 -0.163549887E+000  0.120141984E+000  0.362020061E+004
  0.308527990E+001 -0.227526767E+001  0.241368128E+001  0.660200138E+001  0.663548080E+001 -0.387861766E+000  0.355921918E+000  0.306066628E+001  0.118138027E+000  0.361973495E+004
 -0.238644482E+000  0.518961243E+001 -0.504643661E+001  0.291253201E+001  0.263941212E+001  0.356548007E+001 -0.323567181E+001  0.232307547E+001  0.120636307E+000  0.362167942E+004
  0.197910615E+001  0.181026241E+001 -0.214288887E+001 -0.376252696E+000 -0.579966904E+000  0.354085406E+001 -0.370241210E+001  0.623217158E+001  0.960119831E-003  0.362130404E+004
  0.591805361E+000  0.104017701E+001 -0.120691869E+001  0.183913945E+001  0.221282186E+001 -0.197475532E+001  0.178456870E+001  0.540154778E+001  0.104444122E+000  0.363390022E+004
 -0.112059101E+000 -0.535889141E+001  0.528280034E+001  0.578469992E+001  0.523547524E+001 -0.514841288E+001  0.495655788E+001 -0.892766900E-001  0.134661596E+000  0.363126723E+004
  0.801968056E+000  0.445790323E+001 -0.464668914E+001 -0.174574040E+001 -0.533248727E+000  0.435913839E+001 -0.482393854E+001  0.395425565E+001  0.117211062E+000  0.362115352E+004
  0.167602452E+001  0.283852361E+001 -0.308792511E+001  0.433126954E+001  0.345346862E+001  0.447886361E+001 -0.481561549E+001 -0.222335625E+000  0.115835567E+000  0.364241925E+004
  0.533829308E+000  0.352195899E+001 -0.422824684E+001 -0.169037031E+001 -0.194693436E+001  0.181178735E+001 -0.241258604E+001  0.231797190E+000  0.573539892E-001  0.361975989E+004
 -0.100018774E+001  0.221332624E+001 -0.237665793E+001  0.317647222E+001  0.222170432E+001  0.215963530E+001 -0.223816792E+001  0.769064521E+000  0.126276525E+000  0.363251353E+004
  0.166974242E+001 -0.460019365E+001  0.471701996E+001 -0.419024209E+001 -0.459782834E+001 -0.566192639E+001  0.572883188E+001  0.373485356E+001  0.162491120E+000  0.361967432E+004
  0.191211370E+001 -0.373440592E+001  0.358233774E+001  0.244271240E+001  0.211611550E+001 -0.373366243E+001  0.341112054E+001  0.285895095E+001  0.271398080E-001  0.364225020E+004
  0.758320697E+000  0.298260917E+001 -0.342093771E+001  0.500358948E+001  0.360965130E+001  0.327054280E+001 -0.373897894E+001 -0.255897857E+001  0.926441574E-001  0.363389186E+004
  0.153736590E+000 -0.283308523E+000  0.383716369E+000 -0.474805864E+000 -0.267333850E+001 -0.780396077E+000  0.770079233E+000 -0.202957517E+001  0.105748421E+000  0.362931289E+004
 -0.356795001E+000  0.469049388E+001 -0.475266163E+001 -0.119609005E+001 -0.773343793E+000  0.199512270E+001 -0.220554961E+001 -0.342377504E+001  0.699161545E-002  0.362515467E+004
  0.237640025E+001 -0.355308220E-001 -0.377050639E+000  0.149812808E+001 -0.464951552E-001 -0.391560426E+000 -0.211242998E+000 -0.280766271E+001  0.955773147E-001  0.362539317E+004
  0.171159239E+000  0.646488573E+001 -0.653137213E+001  0.102904837E+001  0.235476543E+001  0.489665020E+001 -0.480194393E+001  0.400814006E+001  0.149711931E+000  0.361890418E+004
 -0.458411340E+000 -0.133074344E+001  0.127881374E+001  0.192008894E+001  0.720051803E+000  0.264678198E+001 -0.273944994E+001 -0.238282189E+001  0.133208693E-001  0.362005558E+004
  0.820175506E+000 -0.402895833E+001  0.392382765E+001 -0.147024275E+001 -0.179268719E+001 -0.351833047E+001  0.334490416E+001 -0.794910246E+001  0.103071970E+000  0.362623680E+004
  0.333945087E+000 -0.335133821E+001  0.339849248E+001 -0.231395555E+001 -0.154204901E+001  0.882264564E+000 -0.972192378E+000  0.374988389E+001  0.892359562E-001  0.361881784E+004
 -0.252118090E+000  0.617424126E+001 -0.596578011E+001 -0.412073387E+001 -0.393755878E+001  0.598048840E+001 -0.594470282E+001  0.136033876E+001  0.144055098E+000  0.362673992E+004
  0.364111519E+000  0.129224062E+001 -0.128108856E+001  0.428346637E+001  0.319203935E+001  0.341073034E+001 -0.330529589E+001 -0.690875401E+001  0.485306602E-001  0.362172184E+004
  0.213583147E+001  0.746603037E+000 -0.962923604E+000  0.933355393E+001  0.967876202E+001 -0.423549900E+000  0.131919984E+000  0.830122179E+000  0.637089795E-001  0.362190423E+004
  0.249346134E+001 -0.183552418E+000  0.421729914E+000  0.284195268E+001  0.828419105E+000  0.117525378E+001 -0.910125490E+000  0.495935976E+000  0.686362413E-001  0.362251340E+004
  0.796538586E+000 -0.183765749E+001  0.190628480E+001  0.139436305E+001  0.626779776E+000 -0.693900204E+000  0.578052179E+000 -0.641426902E+001  0.697960145E-001  0.363764772E+004
  0.261537449E+001  0.534574546E+001 -0.506501627E+001  0.146821388E+001  0.158471112E+001  0.208164510E+001 -0.187957273E+001  0.202542024E+001  0.422814751E-001  0.362036537E+004
  0.187410984E+001 -0.302834051E+001  0.267564900E+001 -0.188708819E+001 -0.328667370E+001 -0.535682702E+001  0.496942624E+001 -0.154809065E+001  0.132318628E+000  0.362171384E+004
  0.122966843E+001 -0.786216398E+000  0.973692352E+000  0.311227258E+001  0.164598246E+001 -0.313741828E+000  0.641115763E+000  0.454260318E+000  0.101565169E+000  0.363269189E+004
  0.144947377E+001  0.220383998E+000  0.213281636E+000  0.618945158E+001  0.646178383E+001  0.468557982E+000 -0.821457278E-001  0.370582608E+001  0.178643810E+000  0.361997007E+004
  0.979694382E+000 -0.508193444E+000  0.238068314E+000  0.947060832E+001  0.916108411E+001 -0.323481166E+000  0.224486878E+000 -0.403249897E+000  0.156323652E+000  0.362241930E+004
  0.332091781E+000 -0.284667032E+001  0.222742887E+001 -0.246823473E+001 -0.332562800E+001 -0.400824642E+001  0.348317068E+001  0.467710450E+000  0.139234744E+000  0.361873742E+004
  0.416163227E+000 -0.445384307E+001  0.435626110E+001  0.977444600E+000  0.103289050E+001 -0.687545634E+001  0.660799316E+001  0.255809214E+001  0.623890888E-001  0.362725424E+004
  0.120677912E+001  0.458279176E+001 -0.459954286E+001  0.257332582E+001  0.180454903E+001  0.164557916E+001 -0.162991376E+001  0.560262486E+001  0.199240622E+000  0.361856233E+004
  0.297323784E+001 -0.674128994E+000  0.969793608E+000 -0.519907265E+000 -0.397531396E+000  0.826768652E+000 -0.721883216E+000 -0.468851083E+001  0.146424762E+000  0.362100031E+004
  0.116041444E+001 -0.322792821E+001  0.315614234E+001 -0.107395427E+001 -0.140569062E+001 -0.213024013E+001  0.206901987E+001 -0.266094495E+001  0.209194375E+000  0.362632581E+004
  0.147028995E+000 -0.353441385E+001  0.323016470E+001 -0.194894508E+001 -0.325046329E+001 -0.412434591E+001  0.365818402E+001  0.187776815E+001  0.597823583E-002  0.362222099E+004
 -0.846380026E-002 -0.797935036E+000  0.670698407E+000  0.867489183E+001  0.863747148E+001 -0.127524192E+001  0.122285271E+001  0.176884593E+001  0.394437897E-001  0.363018858E+004
 -0.640298511E+000  0.216140807E+001 -0.216449238E+001 -0.342518685E+001 -0.322363805E+001  0.565508235E+001 -0.574947766E+001 -0.176545686E+001  0.717729548E-001  0.362426220E+004
  0.455284078E+000  0.233288356E+001 -0.221934941E+001  0.234678544E+001  0.261587472E+001  0.585905233E+001 -0.581162604E+001  0.653438863E+001  0.612501500E-001  0.362360819E+004
  0.771627585E-002 -0.267809921E+001  0.242959562E+001 -0.443987245E+000 -0.234275599E+001 -0.290184597E+001  0.262287021E+001 -0.332205067E+001  0.110396240E+000  0.362802915E+004
  0.112941248E+001  0.192239611E+001 -0.209932635E+001  0.303192679E+001  0.468371813E+001  0.313592224E+001 -0.328670776E+001  0.181964650E+001  0.796641902E-001  0.363716585E+004
  0.212588278E+001  0.384698030E+001 -0.415091663E+001 -0.345236613E+001 -0.224023531E+001  0.246380595E+001 -0.286598258E+001 -0.385196372E+001  0.172380401E+000  0.362006829E+004
  0.403221085E+000  0.242816705E+001 -0.241866332E+001 -0.627899000E+000  0.814811210E+000  0.519806201E+000 -0.587118801E+000  0.131922482E+000  0.276717708E-001  0.363836592E+004
  0.101273031E+001  0.271204878E+001 -0.264862306E+001  0.138854297E+001 -0.449899565E+000  0.290829594E+000 -0.402765192E+000  0.379353256E+001 -0.232637967E-002  0.361953919E+004
  0.202646088E+000  0.569311559E+001 -0.572189677E+001  0.488855487E+001  0.262965818E+001  0.613037612E+001 -0.627110993E+001  0.124996978E+001  0.962164346E-001  0.362075240E+004
  0.446319946E+000 -0.261416102E+001  0.256851670E+001  0.194688120E+001  0.436098074E+000  0.195947080E-002 -0.133937839E+000  0.344162274E+001  0.114556909E+000  0.363733741E+004
  0.185835215E+000  0.213640623E+001 -0.226519065E+001 -0.566288302E+001 -0.524527911E+001  0.383092951E+001 -0.398176158E+001  0.480800360E+000  0.176702316E+000  0.362753595E+004
 -0.574497879E-001 -0.481024637E-001  0.276051634E+000  0.379394662E+001  0.303183689E+001 -0.162772679E+000  0.456221468E+000  0.820304112E+001  0.992471927E-001  0.361907914E+004
  0.151663208E+001 -0.104758273E+001  0.126657809E+001 -0.154654859E+001 -0.162266157E+001  0.444957669E+000 -0.324479035E+000 -0.283325636E+001  0.103132205E+000  0.364473090E+004
 -0.108089568E+000  0.594835630E+001 -0.589091793E+001  0.502368527E+000  0.165139696E+001  0.540938489E+001 -0.547486692E+001  0.270902322E+001  0.634826380E-001  0.363394710E+004
  0.129744880E+001  0.637544438E+001 -0.663637550E+001  0.763750698E+001  0.771450564E+001  0.613329450E+001 -0.632311056E+001 -0.642198844E+000  0.114643335E+000  0.362698674E+004
  0.122130218E+001  0.136956242E+001 -0.977853192E+000 -0.310744066E+001 -0.305132670E+001  0.183535851E+001 -0.154824253E+001  0.197709461E+001 -0.441793567E-001  0.362143649E+004
 -0.751523969E+000  0.248109822E+001 -0.220981644E+001  0.186727304E+001  0.265836890E+001  0.261117960E-001  0.640808710E-001  0.328647678E+001  0.140685257E+000  0.361827074E+004
  0.194830709E+001 -0.143000712E+001  0.109697857E+001  0.244056991E+001  0.204621523E+001 -0.364897812E+001  0.329692944E+001 -0.307057383E+001  0.162688563E+000  0.362848631E+004
  0.192598097E+001 -0.607194127E+001  0.591410036E+001 -0.194985307E+001 -0.201118427E+001 -0.632209202E+001  0.610666526E+001 -0.462473303E+001  0.153956421E+000  0.362151043E+004
  0.115194457E+001  0.419825415E+001 -0.416387324E+001  0.788873454E+001  0.738407590E+001  0.659655997E+001 -0.645121680E+001  0.104927115E+000  0.401473135E-001  0.362267225E+004
  0.591374798E+000  0.138797229E+001 -0.100362539E+001  0.149052767E+001  0.237889726E+001  0.128180549E+001 -0.965866071E+000  0.142918406E+000  0.188386429E+000  0.362591966E+004
  0.283052610E+001 -0.961702183E+000  0.733893905E+000  0.253367296E+001  0.196924199E+001  0.154386519E+001 -0.182407631E+001 -0.159328903E+001  0.816323474E-001  0.363900388E+004
  0.212765746E+001 -0.128408755E+001  0.176229650E+001  0.201315017E+001  0.944082815E+000 -0.136771351E+001  0.162190632E+001 -0.253544880E+001  0.118588291E+000  0.362404200E+004
  0.226819147E+001  0.124019809E+001 -0.157652001E+001  0.647279653E+001  0.773558312E+001  0.261404378E+001 -0.288663691E+001 -0.166304051E+001  0.106492956E+000  0.362255114E+004
  0.255793578E+001  0.298377310E+001 -0.304315219E+001 -0.165987992E+001 -0.143211025E+001  0.261020800E+001 -0.261645287E+001 -0.643939531E+001  0.806442499E-001  0.363107244E+004
  0.462656147E+000  0.823998509E-001 -0.201568074E-001 -0.456511679E+001 -0.505452991E+001  0.175268260E+001 -0.185827910E+001  0.447385992E+001  0.406335833E-001  0.363334840E+004
  0.248739769E+000 -0.274158825E+001  0.264035599E+001  0.460755430E+001  0.438824922E+001  0.955990886E+000 -0.127476759E+001 -0.313528650E+001  0.168733492E+000  0.361879507E+004
  0.268503270E+001  0.129379271E+001 -0.123468680E+001 -0.134924027E+001 -0.232315504E+001  0.289574031E+001 -0.306353009E+001  0.111256141E+001  0.160002990E+000  0.362738385E+004
  0.173853754E+001  0.318268056E+000 -0.751472464E+000  0.143882526E+001 -0.401377990E+000  0.173609839E+000 -0.405036414E+000  0.364172275E-001  0.646724727E-001  0.362250790E+004
  0.507692540E+000  0.153351549E+001 -0.189393589E+001 -0.520315160E+001 -0.403668632E+001  0.159574522E+001 -0.192181388E+001  0.188549501E+001  0.112658372E+000  0.363192853E+004
 -0.724021318E+000 -0.157420681E+001  0.149370314E+001  0.476066554E+001  0.379122364E+001 -0.190991880E+001  0.169531975E+001 -0.482426126E+001  0.176350773E+000  0.362070284E+004
  0.633730896E+000  0.332804414E+001 -0.350310404E+001 -0.152296323E+001 -0.156241959E+001  0.204083469E+001 -0.222699069E+001  0.870510597E+001  0.127475998E+000  0.362864617E+004
  0.204738449E+001  0.307184804E+001 -0.306912647E+001  0.250796760E+001  0.976745392E+000  0.476630455E+001 -0.485735792E+001 -0.810891389E+000  0.110989873E+000  0.363945454E+004
  0.228181329E+001  0.481480490E+000 -0.972300685E+000  0.142022143E+001  0.911470274E+000  0.166093677E+001 -0.214908377E+001 -0.289167691E+001  0.163365402E+000  0.362969699E+004
  0.178246067E+001 -0.621200686E+001  0.626796406E+001 -0.277810155E+001 -0.337428085E+001 -0.652962408E+001  0.663148285E+001  0.255351157E+001  0.615067347E-001  0.362115032E+004
  0.306332071E+001  0.925435150E+000 -0.987705040E+000  0.996301322E+000  0.171007599E+001 -0.559817780E+000  0.302548441E+000  0.261793497E+001  0.122815228E+000  0.362671446E+004
  0.113992143E+001  0.104159250E+001 -0.170122300E+001 -0.220829841E+001 -0.227337868E+001  0.185189492E+001 -0.254932494E+001 -0.859327297E+000  0.683570747E-001  0.363177337E+004
  0.703249151E+000  0.631907342E+001 -0.658748759E+001 -0.106611475E+001 -0.181463444E+001  0.534443313E+001 -0.563264555E+001  0.336800499E+001  0.308463393E-002  0.363921930E+004
  0.270958403E+001 -0.103936030E+001  0.829953566E+000  0.606009888E+001  0.528927258E+001 -0.273568959E+001  0.267506830E+001  0.267697255E+001  0.975064627E-001  0.362326000E+004
 -0.105120011E+000 -0.352509435E+001  0.320278002E+001  0.346052613E+001  0.303503018E+001 -0.117782287E+001  0.987953315E+000 -0.428005027E+000  0.191281754E+000  0.362287280E+004
 -0.574181839E+000  0.489021642E+001 -0.494848003E+001  0.159223176E+001  0.607389527E+000  0.610991289E+001 -0.610747539E+001 -0.188161612E+000  0.851142237E-001  0.363574484E+004
  0.323181977E+001 -0.117508910E+001  0.104712850E+001 -0.203766050E+001 -0.258914470E+001 -0.347895432E+001  0.338722583E+001  0.114366860E+001  0.141372742E+000  0.362136680E+004
  0.234144902E+001 -0.408916781E+000  0.625433714E+000  0.493317871E+001  0.448412636E+001 -0.184957634E+001  0.189947124E+001  0.457081745E+001  0.766611062E-002  0.362275861E+004
  0.179628692E+001 -0.669677341E+000  0.509592538E+000 -0.188595863E+001 -0.220621502E+000  0.519765751E+000 -0.791003441E+000  0.193389710E+001  0.173501095E+000  0.362394881E+004
  0.207429906E+001  0.328405327E+001 -0.334645139E+001 -0.225070111E+001 -0.316367998E+001  0.598395151E-001 -0.267070517E+000  0.372773810E+001  0.835781646E-001  0.363014657E+004
  0.754859208E+000 -0.211830061E+001  0.182390787E+001  0.529341963E+001  0.315517727E+001 -0.910374496E+000  0.538270638E+000  0.387438727E+000  0.749284214E-001  0.363254163E+004
  0.472358208E+000  0.383649908E+001 -0.414028152E+001 -0.524072495E+001 -0.476847032E+001  0.471893686E+001 -0.510065506E+001  0.745274182E+001  0.148239194E+000  0.361931493E+004
 -0.495296847E+000  0.231783725E+001 -0.239889307E+001  0.255363244E+001  0.132047100E+001  0.502227102E+001 -0.511787605E+001 -0.225699224E+001  0.856264697E-001  0.363393601E+004
  0.212904435E+001 -0.559282960E+001  0.535686148E+001  0.331179954E+001  0.254772790E+001 -0.727181361E+001  0.686671288E+001  0.863326604E+000  0.127462098E+000  0.362295427E+004
  0.617304876E+000 -0.573647900E+001  0.603523840E+001  0.370004427E+001  0.304284829E+001 -0.470296949E+001  0.488919434E+001  0.321946455E+000  0.168788464E+000  0.362554854E+004
  0.512326866E+000  0.113392660E+001 -0.136294623E+001  0.423974144E+001  0.397693955E+001  0.534052875E+001 -0.568718422E+001 -0.428300529E+001  0.104035299E+000  0.362308310E+004
  0.295829878E+001  0.532655820E+001 -0.574235008E+001  0.266222381E+001  0.123162209E+001  0.589382491E+001 -0.619967733E+001  0.477503663E+000  0.981530213E-001  0.361884130E+004
  0.126588439E+001  0.204185794E+001 -0.194526072E+001  0.765471222E+001  0.711782992E+001  0.137164596E+001 -0.155475732E+001 -0.294595378E+001  0.348294813E-001  0.362067874E+004
  0.280108945E+000  0.684624224E+001 -0.665143386E+001 -0.217022260E+001 -0.302354185E+001  0.637617508E+001 -0.639760993E+001 -0.990830889E+000  0.350009803E-001  0.363029234E+004
  0.134781169E+001  0.180590496E+001 -0.188410100E+001 -0.456825433E+001 -0.360551952E+001  0.123182041E+001 -0.156302184E+001 -0.322143564E+001  0.138088132E+000  0.362696185E+004
  0.229706874E+001  0.280326654E+001 -0.243821602E+001 -0.143775828E+001 -0.160045504E+001  0.118084535E+001 -0.106578186E+001  0.312992363E+001  0.109642578E+000  0.362653106E+004
  0.338779748E+001  0.345253844E+001 -0.367111731E+001 -0.910179619E-001  0.145024058E+000  0.382578680E+001 -0.418163342E+001  0.464272801E+001  0.170329545E+000  0.361915073E+004
 -0.495098841E+000  0.132057803E+001 -0.170498677E+001  0.177355101E-001  0.146916123E+000  0.204720268E+001 -0.256306662E+001  0.369188228E+001  0.699839642E-001  0.363498705E+004
  0.180192173E+001 -0.219297358E+001  0.225551629E+001  0.546214956E+001  0.513254962E+001 -0.452138626E+001  0.444120904E+001 -0.396182023E+001  0.127742143E+000  0.362785658E+004
  0.121006099E+001  0.319675036E+001 -0.296415556E+001 -0.477704463E+001 -0.504648674E+001  0.210299639E+001 -0.221098617E+001  0.341353920E+001  0.909829679E-001  0.362107766E+004
  0.100248924E+001  0.145883828E+001 -0.151876799E+001 -0.332227630E+001 -0.461211497E+001  0.284548734E+001 -0.314174148E+001  0.149050615E+001  0.174870310E+000  0.362628669E+004
  0.926034480E+000  0.205364432E+001 -0.193581087E+001  0.794891162E+001  0.762992676E+001  0.390371381E+001 -0.398561719E+001 -0.203266092E+001  0.163440513E+000  0.362335735E+004
  0.801483007E+000 -0.523710923E+001  0.510799484E+001 -0.680580056E+000 -0.338119499E+000 -0.645705297E+001  0.617637118E+001 -0.319481911E+001 -0.533859060E-002  0.361893944E+004
  0.425735968E+000  0.327759915E+001 -0.312511917E+001  0.583282228E+001  0.460030857E+001  0.491467728E+001 -0.496765073E+001 -0.790388312E+000  0.135437316E+000  0.362867814E+004
  0.154574385E+001 -0.253404071E+001  0.280060935E+001  0.171838501E+001  0.292395741E+000 -0.217588548E+001  0.244759330E+001  0.604955292E+001  0.989598135E-001  0.362573326E+004
  0.227427748E+001  0.421105981E+001 -0.428259737E+001  0.623626084E+001  0.639863402E+001  0.274014348E+001 -0.285151918E+001 -0.252368029E+001  0.816343528E-001  0.363565627E+004
  0.244301802E+001  0.216974484E+001 -0.188618497E+001 -0.308845160E+001 -0.231699104E+001  0.131844034E+001 -0.105932494E+001  0.493250544E+001  0.133650329E+000  0.362366047E+004
  0.219337241E+001  0.540785869E+001 -0.556678885E+001  0.425482839E+001  0.400889526E+001  0.876610292E+001 -0.893820535E+001  0.380950235E+001  0.557576675E-001  0.361989974E+004
 -0.157431274E+000  0.533826689E+001 -0.550712166E+001  0.435021575E+000  0.287016071E+000  0.884647459E+001 -0.894497026E+001 -0.106351773E+001  0.454321080E-001  0.362406918E+004
  0.754576761E+000  0.701280025E+001 -0.750045406E+001  0.206288844E+001  0.180031499E+001  0.750671954E+001 -0.795398472E+001 -0.237586184E+000 -0.106980104E-001  0.362274617E+004
  0.118887069E+000  0.102827424E+001 -0.138112297E+001 -0.817270724E+001 -0.844128133E+001  0.151024136E+001 -0.195948357E+001 -0.153424687E+001  0.149472283E+000  0.361948808E+004
  0.227402993E+001 -0.416898601E+001  0.385204904E+001 -0.281684965E+001 -0.333588078E+001 -0.351069256E+001  0.332035721E+001  0.265134716E+001  0.165398977E+000  0.362207353E+004
  0.142312213E+001  0.212726966E+001 -0.188803508E+001  0.138557444E+001  0.131904615E+001  0.225161401E+001 -0.190008605E+001  0.207253011E+001  0.147962454E+000  0.363551237E+004
 -0.877134931E+000  0.370697492E+001 -0.359967133E+001  0.430918060E+001  0.371612973E+001  0.356654730E+001 -0.359045821E+001  0.171718115E+001  0.117983690E+000  0.363258360E+004
  0.187076015E+001  0.292874474E+001 -0.259719980E+001  0.607979055E+001  0.495871595E+001  0.223963758E+001 -0.204314362E+001  0.324439479E+001  0.137509627E+000  0.362630011E+004
  0.139823061E+001 -0.295419721E+001  0.290318822E+001  0.631420287E+001  0.706946671E+001 -0.353316014E+001  0.369315268E+001 -0.840382763E+000  0.425052567E-001  0.361888339E+004
  0.140735553E+001 -0.181716613E+001  0.212151042E+001  0.177498090E+001  0.146693202E+001 -0.368411709E+001  0.373484091E+001 -0.523643133E+001  0.364574063E-001  0.362035002E+004
  0.628918010E+000  0.628603988E+000 -0.107041448E+001  0.238464519E+001  0.190926358E+001 -0.139711754E+001  0.907752861E+000 -0.296317961E+001  0.372971252E-001  0.363719951E+004
  0.588684834E+000  0.768014784E+001 -0.750100577E+001 -0.131779523E+001 -0.509462298E+000  0.732167138E+001 -0.721233576E+001 -0.314804165E+001  0.125818665E+000  0.363211280E+004
  0.485354855E+000 -0.476915874E+001  0.485451145E+001 -0.348317890E+001 -0.440492222E+001 -0.456028418E+001  0.456508785E+001 -0.421752069E+001  0.128834229E+000  0.362514515E+004
  0.901076770E+000 -0.202313737E+000  0.510357893E+000  0.202623970E+001  0.147053558E+001 -0.225066783E+001  0.257221585E+001  0.946775569E+000  0.226794702E-001  0.363584647E+004
  0.117436306E+001  0.449719453E+001 -0.474530824E+001  0.366280802E+001  0.276591279E+001  0.649447127E+001 -0.659365242E+001  0.125190214E+001 -0.689427744E-002  0.362843074E+004
  0.712135548E+000 -0.113832757E+001  0.115049710E+001 -0.891696669E+000  0.210461609E+000  0.250835621E+001 -0.244891298E+001 -0.530350528E+001  0.114186610E+000  0.362333360E+004
  0.438157768E+000  0.214075673E+001 -0.229174524E+001  0.394127215E+000 -0.961270628E+000  0.558120702E+001 -0.581716146E+001  0.203241913E+001  0.693515285E-001  0.363523392E+004
  0.177107509E+001  0.215801461E+000 -0.413879151E+000  0.264242410E+001  0.298922514E+001 -0.534705643E+000  0.413758278E+000  0.396460226E+001  0.391567032E-001  0.364922991E+004
  0.239884677E+001 -0.112597147E+001  0.145548329E+001  0.181872468E+001  0.205674924E+001  0.869568683E+000 -0.599264733E+000 -0.223760359E+001  0.792356507E-001  0.363586905E+004
  0.138418633E+001  0.102709578E+001 -0.137038844E+001  0.405221129E+001  0.381721065E+001 -0.294714742E+000  0.927638806E-001  0.698222015E+001  0.185575559E+000  0.362002064E+004
  0.180891934E+001  0.229018782E+001 -0.225217657E+001  0.730764307E-001  0.103376303E+000  0.741722157E+001 -0.741213281E+001 -0.284663382E+001  0.146967764E+000  0.361876397E+004
 -0.181643654E+000  0.448600144E+001 -0.462495193E+001 -0.325026221E+000  0.107628592E+001  0.545248352E+001 -0.571254573E+001  0.628888689E+000 -0.170559323E-001  0.362029210E+004
 -0.845345081E+000 -0.246040766E+000  0.388603357E+000  0.345034169E+001  0.277501673E+001  0.184984869E+001 -0.180394082E+001  0.281447539E+001  0.378020274E-001  0.363239541E+004
  0.105515281E+001 -0.154032519E+001  0.187634642E+001 -0.329556924E+001 -0.285112376E+001 -0.355036452E+000  0.501895514E+000 -0.908002582E+000  0.912681227E-001  0.363469815E+004
  0.119347043E+001 -0.248538605E+001  0.229277425E+001  0.231280502E+000 -0.200250093E+001 -0.505565066E+001  0.474962586E+001  0.198869682E+001  0.959712093E-001  0.361961824E+004
  0.155291337E+001  0.322797420E+001 -0.318609477E+001 -0.839370912E+001 -0.808614536E+001  0.473721996E+001 -0.478314356E+001 -0.339069804E+001  0.541464797E-001  0.361970707E+004
  0.126189249E+001  0.274120915E+001 -0.306738107E+001  0.604231423E+001  0.732878889E+001  0.276842235E+001 -0.311337022E+001  0.455085403E+001  0.859649446E-001  0.362489552E+004
  0.297020948E+001 -0.384277013E+001  0.374594404E+001 -0.256789392E+001 -0.244857554E+001 -0.979236779E+000  0.739178652E+000 -0.378550819E+001  0.874967576E-001  0.361909597E+004
  0.137803123E+001 -0.562336312E+000  0.705959349E+000  0.605406669E+001  0.547521238E+001 -0.332106998E+000  0.184875342E+000 -0.340984396E+001  0.818816668E-001  0.363041850E+004
  0.122558903E+001  0.123150266E+001 -0.139497900E+001  0.246442315E+000  0.148076774E+000 -0.375030838E+000 -0.196332619E-001  0.176401462E+001 -0.592734655E-001  0.362939352E+004
  0.484976883E+000 -0.307200387E+001  0.284357539E+001  0.328842714E+001  0.236660326E+001 -0.424785175E+001  0.386325293E+001 -0.288309721E+001 -0.264155389E-001  0.362534220E+004
  0.158712658E+001  0.418072344E+001 -0.429278009E+001  0.717099230E+000  0.791215243E+000  0.289932576E+001 -0.277867382E+001  0.824851403E+000  0.317123988E-001  0.363268907E+004
  0.218537592E+001  0.669354656E+001 -0.647447183E+001 -0.199339552E+001 -0.140247289E+001  0.732000565E+001 -0.715193547E+001 -0.621797474E+001  0.619873089E-001  0.362123806E+004
  0.340603747E+000 -0.234511580E+000 -0.143542861E+000 -0.282094556E+001 -0.263556398E+001 -0.110793658E+000 -0.526721611E+000 -0.390520825E+001  0.610693623E-001  0.362185885E+004
  0.222484445E+001 -0.335210658E+001  0.349403375E+001  0.226497248E+001  0.869201726E+000 -0.193685911E+001  0.184221099E+001 -0.108704048E+001  0.395038967E-002  0.362435273E+004
  0.906174167E+000 -0.601486112E+001  0.581837742E+001  0.136896113E+000  0.294408352E+000 -0.648281086E+001  0.608701350E+001 -0.462749986E+001  0.929742378E-001  0.362249061E+004
  0.113747409E+001  0.149761527E+001 -0.142870867E+001  0.752554728E+001  0.661157984E+001  0.651596653E+000 -0.429300636E+000  0.288869664E+001  0.166060356E+000  0.362286007E+004
 -0.372510324E+000  0.360248179E+001 -0.317996580E+001  0.659827049E+000  0.416469410E+000  0.384415850E+001 -0.332386447E+001 -0.334928811E+000  0.666235085E-001  0.362120321E+004
  0.205091396E+001 -0.186511537E+001  0.197470801E+001  0.639307882E+000  0.113096752E+001 -0.112053038E+001  0.104312635E+001  0.168598263E+001  0.147596351E-001  0.364321231E+004
  0.166189207E+001 -0.424799702E+001  0.371557670E+001  0.562800744E+000 -0.203709458E+000 -0.121481332E+001  0.637349543E+000 -0.130457847E+001  0.116993838E+000  0.362684253E+004
 -0.758317102E+000  0.128237371E+001 -0.152368746E+001 -0.236588355E+001 -0.303076040E+001  0.355832534E+001 -0.365770283E+001 -0.165737087E+001  0.490772721E-001  0.362334746E+004
  0.134532096E+001  0.201128475E+000 -0.206355370E+000  0.157675034E+001  0.195758072E+001 -0.258676274E+001  0.234198648E+001 -0.211012204E+001  0.650956439E-001  0.363435456E+004
  0.222351936E+001  0.139479409E+001 -0.184675021E+001  0.293011195E+001  0.342381007E+001  0.178474508E+001 -0.216440188E+001  0.342628160E+001  0.141001320E+000  0.363280408E+004
  0.557051497E+000  0.197187825E+001 -0.221112667E+001 -0.269372486E+001 -0.425165103E+001  0.396741289E+001 -0.426543518E+001 -0.915808420E+000  0.214882529E+000  0.361838303E+004
  0.170034718E+001 -0.361107776E+000  0.799945321E+000 -0.509206857E+000 -0.967819166E+000  0.113962030E+001 -0.702028023E+000 -0.153288626E+001  0.457662682E-001  0.363157859E+004
 -0.225061347E+000 -0.115073773E+001  0.121892642E+001  0.472235167E+001  0.604344469E+001 -0.154056729E+001  0.170899557E+001 -0.648787503E+000  0.160493224E-001  0.362008604E+004
  0.148718446E+001 -0.187993155E+001  0.205306350E+001 -0.598444544E+001 -0.575098642E+001 -0.123702750E+001  0.143935928E+001  0.227873634E+001  0.114716694E+000  0.362790228E+004
 -0.841577057E+000 -0.160698904E+001  0.167401584E+001 -0.318340556E+001 -0.258551506E+001 -0.111390433E+001  0.106010992E+001 -0.101306327E+001  0.559514900E-001  0.363124224E+004
  0.990647947E+000  0.324068830E+001 -0.316098700E+001  0.157439248E+001  0.715907009E+000  0.198719002E+000 -0.283108639E+000  0.181031589E+001  0.554332608E-001  0.364152383E+004
  0.412156571E+000 -0.131987563E+001  0.139209671E+001 -0.107619697E+001 -0.520586935E+000 -0.437475308E+001  0.421786815E+001  0.413060806E+001  0.112535623E+000  0.362178026E+004
  0.297236523E+001  0.458949974E+001 -0.455989900E+001  0.404684167E+001  0.227759796E+001  0.300673279E+001 -0.296880444E+001  0.117784152E+001  0.146608651E+000  0.361913339E+004
  0.230505359E+001  0.546505145E+001 -0.553527102E+001 -0.712755448E+000 -0.747155532E+000  0.575990615E+001 -0.584908025E+001 -0.457784353E+001  0.663134003E-002  0.363737228E+004
  0.263051564E+000  0.619129435E+001 -0.592096944E+001  0.534693613E+001  0.606503078E+001  0.664246821E+001 -0.650426020E+001 -0.220450682E+001  0.133095337E+000  0.362394158E+004
  0.119183351E+001 -0.324364212E+000  0.508209013E+000  0.332134273E+001  0.391424126E+001 -0.182446012E+001  0.179547050E+001  0.239796907E+001  0.276359402E-001  0.363638909E+004
  0.903446892E+000  0.273400496E+001 -0.296282546E+001 -0.188131744E+001 -0.191252031E+001  0.602837797E+001 -0.613443099E+001  0.510289403E+001  0.746843186E-001  0.362959781E+004
  0.204821341E+001 -0.384927898E+001  0.393653716E+001 -0.386934523E+000 -0.549426178E+000 -0.535425571E+001  0.548876572E+001  0.441731036E+001  0.453142875E-001  0.362719742E+004
  0.600053769E+000 -0.291544278E+001  0.236617291E+001  0.800736278E+000  0.152700196E+001 -0.951278429E+000  0.501667077E+000 -0.306697909E+001  0.587685890E-001  0.362515381E+004
 -0.510591153E+000  0.352136820E+001 -0.362513800E+001  0.652920924E+001  0.591332876E+001  0.555565992E+001 -0.575457110E+001  0.438203821E-001  0.127279852E+000  0.362797235E+004
 -0.137283420E+001 -0.662926679E+000  0.530370665E+000  0.227835825E+001  0.172594052E+001 -0.255151360E+000 -0.192983421E-001  0.224962634E+001  0.163324091E+000  0.362468855E+004
 -0.772789363E-001 -0.486361548E+001  0.498955386E+001  0.522342513E+000 -0.622520420E+000 -0.371518454E+001  0.399797448E+001  0.214655695E+001  0.141274416E+000  0.361892212E+004
 -0.635857390E-001  0.447489926E+001 -0.426711621E+001 -0.477672772E+001 -0.413443604E+001  0.586317432E+001 -0.590521808E+001  0.195419569E+001  0.116995826E+000  0.362163680E+004
 -0.618704083E-001  0.182434472E+000 -0.824214880E+000 -0.214471058E+001 -0.293670540E+001  0.160688089E+001 -0.223242033E+001  0.363094339E+001  0.753879816E-001  0.362396655E+004
  0.840291728E+000  0.245610029E+001 -0.264130597E+001 -0.457767545E+001 -0.307673437E+001  0.407050557E+000 -0.652122177E+000 -0.833509761E+000  0.681732705E-001  0.363079552E+004
 -0.173819992E+000  0.521376582E+001 -0.515923393E+001  0.182294683E+001  0.367241987E+001  0.279723988E+001 -0.279568871E+001  0.129567321E+001  0.146441772E+000  0.361817943E+004
  0.232116845E+000  0.529581398E+001 -0.534775716E+001  0.112131555E+001  0.178728466E+001  0.360714553E+001 -0.378599755E+001 -0.423455113E+001 -0.407174912E-001  0.362254703E+004
  0.168345788E+001  0.588562811E+001 -0.550162840E+001  0.336740483E+001  0.427303040E+001  0.454487180E+001 -0.431975056E+001 -0.394289638E+001  0.161488132E+000  0.361849909E+004
 -0.422460493E+000 -0.472608705E+001  0.486462580E+001  0.143989634E+001  0.103894418E+001 -0.392650191E+001  0.415577566E+001 -0.483975951E+000  0.504652456E-001  0.362927436E+004
  0.246930650E+001 -0.390924327E+001  0.394599955E+001 -0.921516270E-001 -0.102442052E+001 -0.727212988E+000  0.843121289E+000  0.529479552E+001  0.631642143E-001  0.361922101E+004
  0.359010657E+001  0.517566384E+000 -0.457349750E+000 -0.124413802E+001 -0.166136225E+001  0.274325614E+000 -0.257342774E+000  0.413004293E+001  0.265723307E-001  0.362169025E+004
  0.188113012E+001  0.223071695E+001 -0.234490278E+001  0.218545708E+001  0.166918706E+001  0.359600172E+000 -0.485751234E+000  0.643337130E+001  0.781980652E-001  0.363964397E+004
 -0.261996315E-001 -0.278590503E+001  0.244921292E+001  0.532022518E+001  0.511843626E+001 -0.263434033E+001  0.229771503E+001 -0.668255633E+001  0.102888477E+000  0.362382640E+004
  0.511186308E+000 -0.430040035E+001  0.437298178E+001  0.708062234E+001  0.687551248E+001 -0.893212993E+000  0.977815772E+000 -0.147159033E+001  0.538215191E-001  0.362919187E+004
  0.931350036E+000 -0.234522019E+001  0.262414651E+001  0.257484275E+001  0.166845735E+001 -0.710709898E-001  0.493459829E+000 -0.285557566E+000  0.131462977E+000  0.362634211E+004
  0.277954398E+001  0.431363499E+001 -0.426541373E+001  0.595540277E+000  0.278136341E+000  0.367391626E+001 -0.382124928E+001  0.481762315E+001  0.110683000E+000  0.363121227E+004
  0.227203110E+001  0.745719582E+000 -0.892572560E+000  0.569159559E+001  0.480849227E+001  0.233125569E+001 -0.264481768E+001  0.137106125E+001  0.950136687E-001  0.363764144E+004
  0.158999295E+001  0.535978819E+001 -0.594088969E+001 -0.109039371E+001 -0.206395544E+001  0.646883805E+001 -0.701772644E+001  0.330696939E-001  0.436730214E-001  0.362581164E+004
  0.527066880E+000 -0.323190819E+001  0.321929541E+001  0.389925732E+001  0.415091267E+001  0.610538456E+000 -0.709530144E+000 -0.551725505E+001  0.759234887E-001  0.362557353E+004
  0.553500962E+000  0.265315264E+001 -0.250385096E+001 -0.567684356E+001 -0.586268899E+001  0.438406095E+001 -0.451494836E+001 -0.242510960E+001  0.120411203E+000  0.362425221E+004
  0.293589971E+001  0.251593452E+001 -0.286822359E+001  0.472199648E+001  0.481859504E+001  0.356467257E+001 -0.377727317E+001  0.155769764E+001  0.970045217E-001  0.362929769E+004
  0.148811845E+001  0.612336474E+000 -0.100032933E+001  0.149752821E+001  0.247011845E+001  0.250360281E+001 -0.290069152E+001 -0.383737038E+001  0.493126068E-002  0.363033699E+004
  0.992032347E+000  0.265417689E+001 -0.292425103E+001 -0.183705725E+001 -0.146046977E+001  0.534044624E+001 -0.541863944E+001  0.755572488E-001  0.151898128E+000  0.362850408E+004
  0.113715860E+001  0.265874705E+001 -0.301225843E+001  0.276515392E+001  0.198742039E+001 -0.715015485E+000  0.246180399E+000  0.260051445E+001  0.738510761E-001  0.363186223E+004
 -0.826387279E-001  0.164256495E+001 -0.177867153E+001 -0.405061585E+001 -0.546065081E+001  0.255509091E+001 -0.265200825E+001  0.707020807E+001  0.936111911E-001  0.361925959E+004
  0.278583928E+001 -0.178723680E+001  0.140560449E+001  0.570117142E+001  0.532553168E+001 -0.365334459E+001  0.317150940E+001  0.131726356E+001  0.143241757E+000  0.362040959E+004
  0.354100401E+001  0.465870089E+001 -0.464700638E+001 -0.152653810E+001 -0.157205989E+001  0.639200894E+001 -0.646056201E+001  0.101220841E+001  0.251841113E-001  0.361891112E+004
  0.823142271E+000  0.395112664E+001 -0.389883217E+001  0.661966988E+000 -0.642985002E+000  0.623724500E+001 -0.637376578E+001  0.511625550E+001  0.747315497E-001  0.362861969E+004
  0.124698330E+001 -0.229064658E+001  0.200292870E+001 -0.446178303E+001 -0.338014139E+001 -0.694085138E-001 -0.109131159E+000 -0.366471453E+001  0.112896182E+000  0.362247009E+004
