216 8
0.132894 0.0848412
1 -71.3491867933271 -17.2411512782577 -1260887.49170033 4498301.683121 214007.165392239 51713.6926009614 2.63505554433147e-08 
1 -176.742491455911 -63.5358599888029 -1255018.46740652 4456522.85860373 527659.838023923 189684.559237785 1.72447704154377e-07 
1 -271.994386539761 -106.202938541857 -1249149.57414074 4414939.88087517 808234.409419831 315583.238327165 4.16763219709346e-07 
1 -351.440624472177 -142.708308304301 -1243280.7957109 4373552.62296117 1039403.41161284 422067.035476519 7.03244992153215e-07 
1 -410.138232245188 -170.799616250858 -1237412.10960432 4332360.91578014 1207278.78118243 502764.034957099 9.64752000082273e-07 
1 -444.492163288875 -188.756841748575 -1231543.48630123 4291364.54440817 1302197.36027611 552987.614540474 1.1397712358908e-06 
1 -452.240047395312 -195.424868648815 -1225674.88794908 4250563.24004778 1318582.34588618 569794.256903142 1.18620989039373e-06 
1 -432.950363008168 -190.408875863262 -1219806.28834227 4209956.81932462 1256295.85433057 552511.10014717 1.09326178767401e-06 
1 -387.725877497868 -173.994869685542 -1213937.64790014 4169545.01046623 1119654.72862504 502453.38241832 8.82607775599314e-07 
1 -319.479936594392 -147.244929407517 -1208068.93388345 4129327.59372739 918117.481208772 423150.652743574 6.04714594364126e-07 
1 -232.333942600851 -111.790058947261 -1202200.11911601 4089304.39155782 664434.813547531 319700.195940371 3.24810944666391e-07 
1 -131.707606596286 -69.8357081267772 -1196331.18248183 4049475.27104396 374822.135967627 198743.033628465 1.08560504309704e-07 
1 -23.5178985735156 -23.8683260390067 -1190462.11107931 4009840.15741489 66600.4312479449 67592.8081922488 5.47077170074246e-09 
1 85.7849920061054 23.3735307054992 -1184592.89984252 3970399.03013933 -241737.146326416 -65865.2577821316 3.86641248911077e-08 
1 190.057038042199 69.2125645462863 -1178723.55215665 3931151.92573 -532916.133904394 -194070.646872997 2.00020215055594e-07 
1 283.352970763191 111.038987423309 -1172854.07879274 3892098.9292699 -790559.757680346 -309800.722237022 4.52757244733938e-07 
1 360.688230615307 146.594381361037 -1166984.49733955 3853240.16943389 -1001290.29950725 -406954.038308017 7.40963451202003e-07 
1 417.804832584236 173.926768235127 -1161114.83083058 3814575.80833487 -1154015.34027864 -480401.716243811 1.00108811649702e-06 
1 451.814295590998 191.626660104405 -1155245.10644199 3776106.03210784 -1241643.8913503 -526614.749157652 1.17723161151633e-06 
1 460.842967134441 198.729699548094 -1149375.35414336 3737831.04144561 -1260021.03448549 -543359.928360432 1.231020043467e-06 
1 444.558505765517 194.905577938412 -1143505.60501684 3699751.04025872 -1209289.19469394 -530182.656117749 1.15156570185778e-06 
1 403.720009607619 180.317146566694 -1137635.89019195 3661866.22863286 -1092563.05379094 -487981.392092136 9.55469456143941e-07 
1 340.595495386993 155.765400170463 -1131766.23880971 3624176.78978248 -916977.300554597 -419363.550318909 6.85490099288068e-07 
1 258.431934737523 122.510721427078 -1125896.67738348 3586682.88630888 -692161.863548664 -328122.177832946 3.99710179472846e-07 
1 161.755315452025 82.3699586800895 -1120027.22743167 3549384.64563294 -430973.028762542 -219462.528771936 1.6099200706274e-07 
1 55.7580918457964 37.4977600206699 -1114157.90540677 3512282.16037701 -147780.659264683 -99383.6681522172 2.20470447030112e-08 
1 -53.5371744612652 -9.57296397144921 -1108288.72030438 3475375.47421128 141146.889029798 25238.4272603329 1.44683970587241e-08 
1 -159.972621635657 -56.191741858732 -1102419.67425503 3438664.58678419 419522.799369475 147360.94592306 1.4054832663207e-07 
1 -257.228835502059 -99.607929166589 -1096550.76051203 3402149.44237658 670982.730656084 259827.791766606 3.71935609470099e-07 
1 -339.561396240724 -137.259770583283 -1090681.96510853 3365829.94160329 881007.06931612 356126.548999265 6.55671405114139e-07 
1 -401.856591653387 -166.826261728403 -1084813.26576856 3329705.93592718 1037024.54206183 430509.120084323 9.25332369648327e-07 
1 -440.299798090909 -186.500901653469 -1078944.63467678 3293777.24594937 1130083.66310769 478677.535232308 1.11750933957774e-06 
1 -452.391658224562 -195.024596927759 -1073076.03852581 3258043.66261641 1154803.35296861 497832.031933121 1.18612178802386e-06 
1 -437.395098911639 -191.878837778772 -1067207.44251685 3222504.97229269 1110415.99328371 487123.268578922 1.11491955312939e-06 
1 -396.183524155021 -177.240733053627 -1061338.81071485 3187160.95914077 1000261.1636619 447487.114136378 9.20585910959001e-07 
1 -331.363327522171 -152.047458839671 -1055470.11071198 3152011.43316385 831980.854820164 381757.920300337 6.49539527116129e-07 
1 -246.917703922559 -117.852850862058 -1049601.31355659 3117056.22919839 616509.177509095 294257.410456307 3.65771808858343e-07 
1 -148.033224943075 -76.7694120477962 -1043732.39782496 3082295.23038895 367545.673944645 190607.651088408 1.35843482001712e-07 
1 -40.6315509315115 -31.2628969799953 -1037863.34848495 3047728.36026478 100315.14978033 77184.8999414647 1.28218950461367e-08 
1 68.9638770232384 15.9737094528581 -1031994.15992616 3013355.59937397 -169301.910509025 -39214.4358034522 2.45122639147824e-08 
1 174.458129281056 62.2229919353809 -1026124.83349793 2979176.96942314 -425847.753024186 -151884.703861727 1.67735168129414e-07 
1 269.937780004755 104.877066710701 -1020255.37947417 2945192.54346557 -655142.111137391 -254537.852736046 4.09975551016609e-07 
1 350.152146674122 141.587758985411 -1014385.81383393 2911402.42593847 -844934.242068197 -341658.18190974 6.97308374831186e-07 
1 410.814612433736 170.375426813598 -1008516.15939761 2877806.75820018 -985579.575096918 -408745.296987183 9.6680684841972e-07 
1 448.697026714808 189.707956061619 -1002646.44218145 2844405.69670966 -1070197.56724795 -452476.796093791 1.15994194742856e-06 
1 461.873364752837 198.579302551344 -996776.692344379 2811199.41783662 -1095175.55894595 -470863.260935485 1.23538180751705e-06 
1 449.63630367594 196.51973599867 -990906.93554754 2778188.068723 -1059881.19739144 -463235.667134732 1.17685177730423e-06 
1 412.70059941597 183.650296779897 -985037.213194371 2745371.88085125 -967053.91635817 -430335.548319214 9.97237900006105e-07 
1 352.958649349525 160.630467279812 -979167.549572997 2712750.98536802 -822136.238488014 -374151.840164204 7.34922858039505e-07 
1 273.649725847288 128.691404313205 -973297.97202531 2680325.52701237 -633583.394674776 -297960.23569096 4.46871833924522e-07 
1 178.958438992235 89.521032838843 -967428.502708899 2648095.61850931 -411845.203186053 -206018.828542298 1.95643307969712e-07 
1 74.1361043032589 45.2711630097289 -961559.159212532 2616061.34477997 -169577.692232864 -103552.505490232 3.68538903868072e-08 
1 -35.0630205469314 -1.62515855674753 -955689.951597078 2584222.74769752 79713.0261446351 3694.6704677025 6.02817166422388e-09 
1 -142.324592206844 -48.4788764170676 -949820.883271398 2552579.83204518 321576.728540307 109536.08395978 1.10523895624906e-07 
1 -241.487126265821 -92.5939320603279 -943951.948861803 2521132.55524028 542259.06567094 207919.568476551 3.2697489391112e-07 
1 -326.530810486997 -131.316961902685 -938083.135585069 2489880.83608123 728665.899094782 293038.785431935 6.05449932002696e-07 
1 -392.371300304005 -162.327514330872 -932214.422419897 2458824.55160708 870113.690648849 359973.811741214 8.81278669421623e-07 
1 -434.808580228038 -183.675492375244 -926345.782308463 2427963.55000597 958151.501919067 404750.404862678 1.08891629514961e-06 
1 -451.266889990501 -194.056627389743 -920477.182819258 2397297.65506989 988119.45027114 424917.343219798 1.17931913194703e-06 
1 -440.567391409123 -192.777760139154 -914608.58901147 2366826.68191188 958540.739508588 419425.814002192 1.13022673870185e-06 
1 -403.469165468566 -179.953176711455 -908739.965281456 2336550.44687786 872193.666843068 389011.192153298 9.53798335585266e-07 
1 -342.16665647093 -156.350856778218 -902871.278179781 2306468.78204954 734896.999640752 335806.465547103 6.91588916767931e-07 
1 -260.575599245887 -123.480727496629 -897002.49837605 2276581.54486023 556019.916872818 263484.931193742 4.06283369066552e-07 
1 -163.579447962799 -83.3266645607038 -891133.602742099 2246888.62791604 346764.403342415 176640.289955479 1.64645729616023e-07 
1 -57.1357003323588 -38.3556542714464 -885264.575606641 2217389.96425135 120321.598139664 80772.8546738256 2.31148432591196e-08 
1 52.5900825176358 8.80962284619906 -879395.409323417 2188085.52891795 -110014.770478139 -18429.1141794376 1.39104817437721e-08 
1 159.156905828956 55.3998241376807 -873526.104673622 2158975.33964177 -330722.94466375 -115119.057368193 1.38858584963657e-07 
1 256.673350182396 98.8215124673606 -867656.669990025 2130059.45112281 -529775.218804618 -203968.14999608 3.69804534769846e-07 
1 339.663564059819 136.635147950321 -861787.121014928 2101337.9530884 -696324.879077197 -280107.915423765 6.55212720231289e-07 
1 403.761091243015 166.833583430563 -855917.478864323 2072810.95920197 -822089.897729507 -339686.528778797 9.32891541657602e-07 
1 445.476883786612 187.771393252648 -850047.769862179 2044478.60537338 -900806.3852157 -379695.728687589 1.14230203494644e-06 
1 462.740156921009 198.388734893648 -844178.022912786 2016341.03634149 -929253.449263394 -398395.111030731 1.23893574653252e-06 
1 454.585601719965 198.096989438353 -838308.269264022 1988398.40412242 -906530.408969725 -395043.186963602 1.20177273867996e-06 
1 421.549928511829 186.95049076447 -832438.539761332 1960650.85468494 -834764.841702376 -370204.538712916 1.03930209568981e-06 
1 365.302050371718 165.498231759143 -826568.864871397 1933098.52812795 -718280.543741989 -325413.338839279 7.86015051026693e-07 
1 288.899788283098 134.904155291975 -820699.271510004 1905741.5440115 -564019.633637392 -263373.651798529 4.96804123957015e-07 
1 196.369464354725 96.7680919208551 -814829.783562844 1878580.00434801 -380630.688918793 -187569.414696048 2.34177066041981e-07 
1 92.811463587502 53.1882923683412 -808960.41859501 1851613.97904251 -178604.272871503 -102354.341980269 5.58968259025318e-08 
1 -16.0789237399469 6.54793472626934 -803091.188774239 1824843.51113805 30717.4236196185 -12509.2753764805 1.47412862928014e-09 
1 -124.070282411089 -40.4876264215486 -797222.097817133 1798268.60393562 235293.564837137 76782.9150332373 8.32775166794138e-08 
1 -224.927980244374 -85.2182752874156 -791353.142575233 1771889.22950013 423425.262521669 160422.774196499 2.8281453116726e-07 
1 -312.618075256515 -124.970951554559 -785484.310644077 1745705.31917295 584136.777289017 233512.182032093 5.54040373721451e-07 
1 -381.836019695913 -157.358739645147 -779615.583085556 1719716.77711905 708142.004785977 291832.95345382 8.33653642407024e-07 
1 -428.271243559402 -180.3668424557 -773746.932936539 1693923.47488182 788280.54042032 331985.100991646 1.05545833827617e-06 
1 -449.004822647768 -192.570261818374 -767878.329233219 1668325.27020246 820174.698361299 351758.48550772 1.16656330788326e-06 
1 -442.697307683543 -193.184320722124 -762009.731755787 1642921.98502278 802472.852488329 350183.229523323 1.14019393962969e-06 
1 -409.710618757722 -182.176244983171 -756141.115221868 1617713.51054261 736958.486099187 327685.745888425 9.82542524337798e-07 
1 -352.109276552563 -160.230245313372 -750272.440145507 1592699.68101668 628433.6206568 285973.928852107 7.31330099568588e-07 
1 -273.445315968619 -128.720177917403 -744403.677030599 1567880.37802676 484219.136339996 227938.712937575 4.46329511752605e-07 
1 -178.579018756588 -89.5886121917155 -738534.801091894 1543255.50676082 313735.994668049 157393.475183159 1.95016635914546e-07 
1 -73.2027481981958 -45.2060406490841 -732665.795876912 1518825.01024741 127584.011636931 78788.9547618719 3.61413419266525e-08 
1 36.399471837807 1.78561816403998 -726796.65194027 1494588.86251989 -62931.915471391 -3087.19785452565 6.49838795742527e-09 
1 143.935533772844 48.6651887236245 -720927.369187277 1470547.0770138 -246843.949576595 -83458.9421844092 1.12879734564619e-07 
1 243.266420995289 92.7618348404293 -715057.954364636 1446699.69486051 -413796.066966938 -157787.837156323 3.31368517393063e-07 
1 328.969927145984 131.643929136277 -709188.422409778 1423046.78916614 -554984.413531676 -222088.169093587 6.13722200364376e-07 
1 396.342054211626 163.183744089892 -703318.793420772 1399588.4515916 -663109.620796874 -273018.493782859 8.97995364058779e-07 
1 441.888427990711 185.718622193007 -697449.093200791 1376324.7936443 -733141.988535938 -308127.824486949 1.12299692091007e-06 
1 463.153924456533 198.042737533545 -691579.350109652 1353255.93340897 -761956.741942431 -325809.60904841 1.24014391123149e-06 
1 459.143320244578 199.539765656793 -685709.595300543 1330381.99604155 -748947.624754712 -325486.241318201 1.22493660077293e-06 
1 429.999133535969 190.108353112832 -679839.859666254 1307703.10155711 -695403.953155386 -307447.364359549 1.08029096145506e-06 
1 377.364516095128 170.271817820855 -673970.173886522 1285219.36505363 -605012.975391736 -272989.787675708 8.37634735216655e-07 
1 303.926172341081 141.042814295279 -668100.565563638 1262930.8859182 -483028.649635598 -224158.780420518 5.4862019396871e-07 
1 213.716923371052 104.010008610873 -662231.059056745 1240837.74771719 -336675.419353388 -163850.446252298 2.76049454835865e-07 
1 111.525285446547 61.1401053652768 -656361.673209261 1218940.01029414 -174132.368639406 -95462.3996118017 7.90243288957661e-08 
1 3.11808876186662 14.834486518523 -650492.4208991 1197237.70903024 -4824.95942374203 -22955.0218067151 1.11845569008743e-09 
1 -105.485366011053 -32.3356578106884 -644623.307523623 1175730.85030848 161756.286802241 49585.0385371632 5.95200240933453e-08 
1 -207.882380719093 -77.6073891566347 -638754.330762911 1154419.41190028 315874.443736425 117923.369911824 2.40697686062422e-07 
1 -298.118300073056 -118.34925422962 -632885.480082642 1133303.34246664 448824.668498369 178177.80654063 5.02884665209567e-07 
1 -370.61049319143 -152.058935479373 -627016.737065505 1112382.56409804 552789.513429075 226805.73405343 7.84359425718745e-07 
1 -420.990907156036 -176.707207057513 -621148.076452798 1091656.97728447 622057.901621216 261103.298325634 1.01885814192345e-06 
1 -445.97772018968 -190.709861811127 -615279.467328058 1071126.46617249 652752.488387097 279131.291142138 1.14984366455668e-06 
1 -444.078904010105 -193.227536601081 -609410.875342292 1050790.90717832 643773.79309023 280118.742511418 1.14626970558741e-06 
1 -415.276531141017 -184.05268850441 -603542.264726146 1030650.17643004 596222.041106229 264248.666568459 1.00834804050481e-06 
1 -361.465366762385 -163.806734040521 -597673.601248991 1010704.16001141 513917.867106797 232894.255208617 7.69626025077274e-07 
1 -285.886336434804 -133.710840842905 -591804.853804982 990952.759018009 402471.259424319 188238.343895113 4.8673948622618e-07 
1 -193.290677646766 -95.6704184544136 -585935.997395816 971395.898928475 269416.406561947 133349.31962611 2.27257631666013e-07 
1 -89.1920698887482 -51.9549014880406 -580067.013509493 952033.529833717 123074.296687261 71691.496430931 5.20308406491824e-08 
1 20.1328158537951 -5.2139001576521 -574197.892227177 932865.632205768 -27499.7702716352 7121.75870459011 2.11460906814022e-09 
1 128.419752690654 41.8705030305853 -568328.631205278 913892.21219719 -173617.82659899 -56607.0684802505 8.92139711063905e-08 
1 229.440435397231 86.5752041155512 -562459.236930099 895113.304376497 -306989.811431085 -115837.06045548 2.9399959236529e-07 
1 317.670072530719 126.452584462222 -556589.722279552 876528.962582059 -420605.004153317 -167427.134036327 5.71460353116483e-07 
1 388.252572802627 159.291380279097 -550720.107399052 858139.261590201 -508637.324677389 -208682.56177794 8.60842120813601e-07 
1 437.497818158843 183.372718627634 -544850.416458358 839944.285908824 -567043.177248168 -237670.325828906 1.099898662335e-06 
1 462.776251366076 197.393102315069 -538980.678290742 821944.13105839 -593344.896262856 -253085.998839403 1.23718487956669e-06 
1 462.84137924144 200.655097699619 -533110.922913104 804138.89229929 -586965.682550105 -254466.566000307 1.24378778349526e-06 
1 437.674436282893 192.961345040584 -527241.18216514 786528.6663422 -548938.203661208 -242015.172332716 1.11818570568647e-06 
1 388.645290696427 174.742696800777 -521371.48604008 769113.540219759 -482018.421357312 -216725.12409631 8.87409348628399e-07 
1 318.323048598405 146.931604451565 -515501.863513229 751893.594010243 -390356.374370405 -180180.758655962 6.00692030101719e-07 
1 230.478276879863 111.02625181319 -509632.338849039 734868.890356612 -279415.135482017 -134600.169753149 3.19808986041685e-07 
1 129.855785209163 68.9433581453518 -503762.932524339 718039.477880839 -155614.643350127 -82619.315511189 1.05605790139492e-07 
1 22.0076440007453 23.0110261609122 -497893.657819479 701405.38220863 -26065.922346092 -27254.331312971 4.9449260587953e-09 
1 -86.98394860844 -24.2037637083366 -492024.522025631 684966.610526099 101809.620168691 28329.0886332494 3.98639716258409e-08 
1 -190.8452320415 -69.9775684404968 -486155.523462036 668723.144368675 220708.718567542 80927.6673761281 2.0198984437465e-07 
1 -283.424543336464 -111.623715813582 -480286.653511856 652674.946644116 323817.954099172 127532.227301824 4.53561513305348e-07 
1 -359.158771499962 -146.634107495913 -474417.894444286 636821.956937403 405331.62490636 165485.14410435 7.35597809816359e-07 
1 -413.347045753247 -172.861934923854 -468549.222515673 621164.101246441 460715.697955152 192671.528238922 9.81123738669631e-07 
1 -442.631865914104 -188.676044138524 -462680.607117299 605701.290749084 487177.164987588 207663.901681938 1.13154811229929e-06 
1 -445.095260866657 -193.073432220348 -456812.01479973 590433.433345955 483674.775494446 209808.454939033 1.15040235760681e-06 
1 -420.609057198865 -185.783123198483 -450943.409367507 575360.434373705 451194.310872907 199292.637209483 1.03326640314303e-06 
1 -370.629737067756 -167.25042558695 -445074.756613669 560482.20898534 392406.484229605 177077.40347473 8.07991453048776e-07 
1 -298.336579994556 -138.652766247353 -439206.024414452 545798.682055438 311700.677328242 144863.768142421 5.28867359448703e-07 
1 -208.113766379524 -101.743105121083 -433337.186966682 531309.79822521 214530.833154493 104880.29450943 2.6219383866976e-07 
1 -105.525380690445 -58.7963528247765 -427468.224385345 517015.519879619 107305.928165069 59788.4335626453 7.12721826695005e-08 
1 3.39879390303448 -12.3556240115159 -421599.125544302 502915.832942021 -3408.68981182452 12391.5985753613 7.96554705803452e-10 
1 112.214879547319 34.8321234071897 -415729.886774296 489010.742356781 -110974.8700786 -34447.217563912 6.75107843531705e-08 
1 214.817826289055 80.1013838235378 -409860.513164942 475300.273870753 -209444.686880651 -78097.8447805963 2.56971485130714e-07 
1 305.397166273714 120.888198489979 -403991.016694593 461784.468303353 -293494.293601672 -116176.5737826 5.27358333000079e-07 
1 379.123168511494 154.999992813511 -398121.41630136 448463.380562471 -359053.212124885 -146794.630139671 8.20011277003443e-07 
1 431.956346370679 180.567295176997 -392251.735728895 435337.073706868 -403058.128263659 -168487.201614622 1.07136403149695e-06 
1 461.233321836662 196.281146967072 -386382.003005599 422405.617009267 -423936.212604526 -180409.094727897 1.22808249316104e-06 
1 465.337002581204 201.277650565892 -380512.248243064 409669.080504154 -421210.490914866 -182191.09491568 1.25633734862873e-06 
1 444.188287783968 195.343642098603 -374642.502854878 397127.532985578 -395864.994581214 -174092.185560839 1.15078639660543e-06 
1 398.801304688253 178.74368861823 -368772.797544449 384781.037591859 -349847.197257751 -156802.341806486 9.33410633410377e-07 
1 331.687781581703 152.396387500704 -362903.161192394 372629.649638717 -286340.761486039 -131561.366043036 6.51144982013695e-07 
1 246.310403073378 117.648556854672 -357033.619294139 360673.413765433 -209196.694492562 -99921.4361176842 3.64100985302309e-07 
1 147.389371330055 76.4178109572469 -351164.192610588 348912.361815791 -123123.043557147 -63836.3091050942 1.34669766305984e-07 
1 40.2518713181569 30.9114867182756 -345294.896126517 337346.511589241 -33062.7661385549 -25390.6022972993 1.25731465678435e-08 
1 -68.9790993400334 -16.2732544107869 -339425.737606552 325975.865026619 55696.1583327244 13139.5997182276 2.45657296870289e-08 
1 -174.135173506456 -62.4864870557732 -333556.717453128 314800.409141131 138171.713965623 49581.3961207947 1.67329061685578e-07 
1 -268.929825778296 -104.968620463109 -327687.827522858 303820.115046102 209634.245761561 81824.3849142871 4.07386091837956e-07 
1 -347.76106894561 -141.22536887827 -321819.052168129 293034.941270892 266229.185904962 108115.365240812 6.88611346910931e-07 
1 -405.693253352488 -168.990196761961 -315950.367882015 282444.834372034 304915.570025081 127011.582639147 9.44021887764014e-07 
1 -439.195278858689 -186.587505121624 -310081.745736554 272049.734516605 323964.045854517 137632.725065223 1.11291308951641e-06 
1 -446.051443564476 -192.86240908572 -304213.151832533 261849.57715655 322794.321037039 139568.857566972 1.15417600901911e-06 
1 -425.882177089542 -187.463059735349 -298344.551063433 251844.300208658 302252.934809918 133044.449900854 1.05815254783729e-06 
1 -379.860665611896 -170.684062395148 -292475.907943973 242033.845626307 264287.956753945 118753.390873498 8.47524692275982e-07 
1 -310.922711568156 -143.621059002179 -286607.190634458 232418.165989326 211983.705451491 97919.267828961 5.73199563237074e-07 
1 -223.26691097246 -107.915009943665 -280738.371437904 222997.224688514 149103.930024021 72068.6823725818 3.00463085483151e-07 
1 -122.29332974089 -65.7893947903628 -274869.430208899 213771.000540143 79963.567717959 43017.5115567544 9.41949081954373e-08 
1 -13.9924182662487 -19.7375612508723 -269000.35354873 204739.485306925 8953.82455062478 12630.1727932052 2.84798133443031e-09 
1 95.2500942941289 27.50152761138 -263131.137385705 195902.686419901 -59621.185588184 -17214.4048132215 4.80689751884795e-08 
1 199.221868645683 73.2471325428323 -257261.784678902 187260.622086752 -121920.079749117 -44825.8833316078 2.20269267645028e-07 
1 292.081692295479 114.905453745038 -251392.307051587 178813.322447881 -174670.382138826 -68715.6369087898 4.81577908789844e-07 
1 368.777783808136 150.215815498559 -245522.721737436 170560.823894675 -215386.952012272 -87734.4787697555 7.75059049608808e-07 
1 425.187740746489 177.256150469138 -239653.052456433 162503.1693255 -242396.670288473 -101052.538783073 1.03722086552854e-06 
1 458.351605982625 194.612824855637 -233783.325934982 154640.402464707 -254903.172603819 -108230.070185407 1.21194814822068e-06 
1 466.554597354562 201.362674097872 -227913.572805473 146972.568523407 -252950.541303567 -109172.211998764 1.26205553620217e-06 
1 449.383524602821 197.166439067623 -222043.82362928 139499.70855358 -237366.154594218 -104144.092727656 1.17697681640975e-06 
1 407.771751353032 182.236992308278 -216174.109985697 132221.860791935 -209692.919686175 -93713.7181895315 9.74938836939179e-07 
1 343.892915116181 157.359135684645 -210304.460542288 125139.055814305 -172042.071592797 -78723.3190834774 6.98958206408295e-07 
1 261.174684344775 123.848833306994 -204434.902001785 118251.318114741 -127013.262481433 -60229.5908284695 4.08285001042799e-07 
1 164.030200291185 83.496772310651 -198565.455480179 111558.662362184 -77480.1516619827 -39439.9480731656 1.65526396454339e-07 
1 57.8279807177296 38.5144166292042 -192696.13740628 105061.095309312 -26507.818449528 -17654.6569848222 2.35729697011658e-08 
1 -51.5458978400818 -8.60419722389117 -186826.95634958 98758.6132174048 22908.4970732101 3823.95564303397 1.33591128279825e-08 
1 -157.773982676223 -55.1554100384141 -180957.914322255 92651.2044948367 67916.5976233438 23742.6204675129 1.36569597065832e-07 
1 -254.700372833164 -98.4422684033837 -175089.004222513 86738.848252903 106084.370610548 41001.8484420837 3.64480818559775e-07 
1 -336.446417360254 -135.857327884031 -169220.211870446 81021.517768727 135435.056477956 54688.782300856 6.43507481412831e-07 
1 -398.086575610313 -165.1479359006 -163351.514729705 75499.1804788705 154690.50206796 64174.0231525888 9.07869759605936e-07 
1 -435.697747809924 -184.469482772004 -157482.884795562 70171.8019405559 163223.102028241 69106.8093854989 1.09412331322833e-06 
1 -446.982447473811 -192.641821347341 -151614.288736946 65039.3468614236 161210.584530583 69479.0160104899 1.15783100141193e-06 
1 -431.112040546157 -189.111971162512 -145745.691542028 60101.7829905609 149468.208203042 65565.8502221298 1.08309871128638e-06 
1 -389.158627091826 -174.139927603746 -139877.05755982 55359.0822220182 129489.961326462 57943.9100690456 8.88299191480158e-07 
1 -323.639588541023 -148.625661245169 -134008.354240447 50811.2235373407 103170.720773497 47379.2982657869 6.19788193812622e-07 
1 -238.715791642078 -114.202247611464 -128139.553105728 46458.1931945131 72765.7994726329 34811.3452899652 3.42167747869681e-07 
1 -139.474934981306 -72.9366620856615 -122270.632613566 42299.9860338809 40567.7832783002 21214.4117574265 1.210170998807e-07 
1 -31.9827729024902 -27.3644399097773 -116401.57839467 38336.6044824551 8856.00665629692 7577.19359499174 8.6391835056132e-09 
1 77.5501223136278 19.8772190365139 -110532.384625573 34568.0582217216 -20390.833447965 -5226.46580933955 3.13479224865966e-08 
1 182.722626303752 66.0131201367668 -104663.05343681 30994.3624180548 -45493.4298106542 -16435.6396811631 1.84540286774157e-07 
1 277.743439892803 108.499378925548 -98793.5948655805 27615.5363753619 -65273.2969286601 -25498.7559019068 4.3464812740485e-07 
1 357.291434127479 144.941798198731 -92924.0255774191 24431.601549778 -78979.3528152616 -32039.4174732207 7.26689878899456e-07 
1 417.201881904499 173.428706468973 -87054.3680139845 21442.5800289587 -86397.22158997 -35914.886851569 9.97784328332298e-07 
1 454.206935527973 192.392126608628 -81184.6489490276 18648.4929092923 -87718.3853875865 -37155.5900787289 1.18926664953979e-06 
1 466.492186956044 200.893368960382 -75314.8979496704 16049.3589205363 -83577.2769046575 -35992.287106608 1.26085351364265e-06 
1 453.335697139675 198.435006512504 -69445.146263792 13645.1935245907 -74890.161260437 -32781.0709176485 1.19687142086632e-06 
1 415.544768847761 185.200686864767 -63575.4247841817 11436.0079039117 -62844.9001790151 -28008.8201119079 1.01154236087566e-06 
1 355.016193679587 161.828180822671 -57705.7633857061 9421.80880406431 -48733.8031425313 -22214.4872474291 7.4392674991796e-07 
1 275.055226316404 129.602797876877 -51836.1885343713 7602.59800151513 -33916.8814004941 -15981.2368724299 4.51789049889881e-07 
1 179.86318974869 90.1943380687901 -45966.7229559079 5978.37278366527 -19667.4830683726 -9862.4716892297 1.9781971783964e-07 
1 74.7238419952159 45.7966599698317 -40097.3832685062 4549.12603299622 -7127.51558839306 -4368.30333017687 3.75145384343139e-08 
1 -34.5870599124346 -1.17441381763698 -34228.1800775066 3314.84725980506 2816.17996838633 95.6242212029226 5.85988443753862e-09 
1 -141.762887995746 -48.0036181398401 -28359.115750173 2275.52324371905 9563.52919376226 3238.39341859593 1.09520383178693e-07 
1 -240.623036434015 -92.0137051733919 -22490.1854336149 1431.13953130886 12873.3978054588 4922.75821885451 3.24416224574247e-07 
1 -325.200180348044 -130.544049095284 -16621.3752793406 781.681468036366 12858.2150090462 5161.63136693887 6.002235148305e-07 
1 -390.396488005885 -161.295473691954 -10752.6648341926 327.135837415264 9985.84824013052 4125.73414872403 8.72092613383411e-07 
1 -432.107811924159 -182.330207108607 -4884.02609344339 67.4919314399957 5020.33899998373 2118.35894738026 1.07506840036335e-06 
1 -447.745605183045 -192.365171681193 984.572806275062 2.74278381792116 -1048.67790756495 -450.544021854858 1.1606545933488e-06 
