50000.566159049 5.77346150908415e-09 1e-08
50014.5275554433 -1.03464842822907e-08 1e-08
50028.4886401445 -3.00566158541272e-09 1e-08
50042.4494516708 -9.69064847126188e-09 1e-08
50056.410043576 -2.13220519895091e-08 1e-08
50070.3704860825 -2.21402714162774e-08 1e-08
50084.3308692351 -1.74631843126662e-08 1e-08
50098.2912553722 -3.08250158930369e-08 1e-08
50112.2517386496 5.11872312384301e-09 1e-08
50126.2123969481 -1.55810990868568e-08 1e-08
50140.1732949153 -2.56761169198348e-09 1e-08
50154.1344827824 3.70502630436642e-09 1e-08
50168.0959912402 4.03499745812866e-09 1e-08
50182.0578323396 2.35349334563509e-09 1e-08
50196.0199980278 1.53640674548637e-09 1e-08
50209.9824626824 1.9647932535612e-08 1e-08
50223.9451844627 2.55351616755077e-08 1e-08
50237.9081085761 1.25760853592024e-08 1e-08
50251.8711703751 2.53397490836433e-08 1e-08
50265.8342985673 2.25098065847963e-08 1e-08
50279.7974192135 1.54963707809548e-08 1e-08
50293.7604582621 1.00666973928429e-08 1e-08
50307.7233463916 1.57031470398461e-08 1e-08
50321.6860205312 6.15402045157359e-09 1e-08
50335.6484294925 7.71477232659447e-09 1e-08
50349.6105341377 -4.41666794166799e-09 1e-08
50363.5723130678 1.40825573415504e-09 1e-08
50377.5337612148 1.32315671619126e-08 1e-08
50391.4948946277 1.65011525916225e-08 1e-08
50405.4557465315 -1.3234802752874e-08 1e-08
50419.4163699166 -9.78261983243282e-09 1e-08
50433.3768309511 -4.5279681570342e-09 1e-08
50447.3372088674 -1.67412905493876e-08 1e-08
50461.2975864459 -1.93693775049719e-08 1e-08
50475.2580491699 -1.45299067856213e-08 1e-08
50489.218674132 -1.07312913246032e-08 1e-08
50503.1795302031 -2.15162609530903e-08 1e-08
50517.1406683467 -1.75271890166682e-08 1e-08
50531.1021243215 1.43884205288163e-09 1e-08
50545.0639114739 -1.03880448588937e-08 1e-08
50559.0260265938 -6.98198922236541e-09 1e-08
50572.9884452415 1.53475456838176e-08 1e-08
50586.9511294056 2.34470352190165e-10 1e-08
50600.9140248002 9.55540317829642e-09 1e-08
50614.8770695372 5.96944051425825e-09 1e-08
50628.8401918738 -2.13444711335085e-09 1e-08
50642.8033307664 8.46650899113059e-09 1e-08
50656.7663877235 8.59136772509898e-09 1e-08
50670.7293049677 -2.30961042939157e-09 1e-08
50684.6920174576 7.62096012216684e-09 1e-08
50698.6544724838 8.64599120865816e-09 1e-08
50712.6166282059 -7.60235339987099e-09 1e-08
50726.5784606908 2.44749067613162e-08 1e-08
50740.5399618293 5.79186994165108e-09 1e-08
50754.5011444045 -4.35298184515278e-09 1e-08
50768.4620388256 -5.96435690973272e-09 1e-08
50782.4226950985 -1.17666240531657e-08 1e-08
50796.3831775892 -5.76402360223991e-09 1e-08
50810.3435634466 6.93807807559741e-09 1e-08
50824.3039357889 4.36238435116516e-09 1e-08
50838.264379311 -2.37984817814074e-08 1e-08
50852.2249735833 7.4371590031524e-09 1e-08
50866.1857883779 -1.58435358708635e-09 1e-08
50880.1468787126 -2.23349405906727e-08 1e-08
50894.1082818666 2.60584213712227e-08 1e-08
50908.0700160292 1.00676178144713e-08 1e-08
50922.032079342 -1.83414185668686e-09 1e-08
50935.9944519828 3.32114426550861e-08 1e-08
50949.9570965034 9.61349594337783e-09 1e-08
50963.9199626724 -5.78151161317849e-09 1e-08
50977.8829878697 -6.17591228092499e-09 1e-08
50991.846103337 -4.84915990449529e-09 1e-08
51005.8092347409 8.7258200845013e-09 1e-08
51019.7723087054 1.15304509885688e-08 1e-08
51033.7352527556 5.38376915197496e-09 1e-08
51047.6980028635 8.47720004235215e-09 1e-08
51061.6605022092 1.19595694549372e-09 1e-08
51075.6227090082 2.35434296559972e-09 1e-08
51089.5845943156 -1.30756760136656e-08 1e-08
51103.5461492904 -5.79253168931908e-10 1e-08
51117.5073814221 2.7964639546928e-09 1e-08
51131.4683202188 -2.14492471783803e-08 1e-08
51145.429010731 2.42981753912413e-09 1e-08
51159.3895170994 -5.34683521620819e-10 1e-08
51173.3499129814 -1.23110534463327e-08 1e-08
51187.3102940532 -6.22083593655467e-09 1e-08
51201.270720457 1.12205875073028e-08 1e-08
51215.2312861232 -1.16800440358697e-09 1e-08
51229.192061218 1.29811770781704e-08 1e-08
51243.153104701 -1.12523915695748e-08 1e-08
51257.1144557101 -7.2647356664271e-09 1e-08
51271.076136714 -1.34321623904906e-08 1e-08
51285.0381479381 -3.21247324513582e-09 1e-08
51299.0004733331 -2.81274017036806e-08 1e-08
51312.9630773654 1.08664729862124e-08 1e-08
51326.9259122253 8.11658946861553e-09 1e-08
51340.8889165313 5.90240903913231e-09 1e-08
51354.8520228205 -4.299013276983e-09 1e-08
51368.8151569846 -5.9679146933346e-09 1e-08
51382.7782455352 1.52472905279915e-08 1e-08
51396.7412154904 1.08793588890092e-08 1e-08
51410.7040011891 4.69332902780354e-09 1e-08
51424.6665446851 1.70301649225147e-08 1e-08
51438.6288011532 1.75691956888231e-08 1e-08
51452.5907399591 -1.14328119091467e-08 1e-08
51466.5523482633 1.16348834425543e-08 1e-08
51480.5136315845 4.02230625990704e-09 1e-08
51494.4746149821 -8.01202952656486e-09 1e-08
51508.4353422677 -1.01933579840825e-08 1e-08
51522.3958735274 -1.64842628096719e-08 1e-08
51536.356282306 -5.45269098645168e-09 1e-08
51550.3166503141 -1.06906688700445e-08 1e-08
51564.2770626405 -6.44642773757923e-09 1e-08
51578.2376007142 -9.68520716058782e-10 1e-08
51592.1983385306 8.89454044914359e-09 1e-08
51606.1593355563 -1.24681504456581e-11 1e-08
51620.1206358281 -1.19635588808e-08 1e-08
51634.0822629413 -5.34275370311206e-09 1e-08
51648.0442224709 2.27938170413726e-09 1e-08
51662.006498987 1.74359011394399e-09 1e-08
51675.9690618554 3.56473280770729e-09 1e-08
51689.9318631535 9.61108868681139e-09 1e-08
51703.8948453857 1.17570340128854e-08 1e-08
51717.8579399627 -1.09896465955137e-08 1e-08
51731.8210754793 8.96077540555269e-09 1e-08
51745.7841761944 -4.39427691551687e-09 1e-08
51759.7471707593 7.6970542102488e-09 1e-08
51773.7099902468 7.07003467635364e-09 1e-08
51787.6725769359 -1.13438319182679e-08 1e-08
51801.6348821158 8.13041349345666e-09 1e-08
51815.5968741947 -4.4047732621632e-09 1e-08
51829.5585358284 -5.29461898921546e-10 1e-08
51843.5198710149 9.04420677698585e-11 1e-08
51857.4809002523 -3.79071043272861e-09 1e-08
51871.4416657191 1.2545099213893e-09 1e-08
51885.4022238974 1.42259588284295e-08 1e-08
51899.3626476 -1.88411616927966e-08 1e-08
51913.3230163973 7.02911131472408e-09 1e-08
51927.2834163921 -4.36232766476368e-09 1e-08
51941.2439289569 3.11354920565819e-09 1e-08
51955.2046305085 5.92514365616974e-10 1e-08
51969.1655824283 6.92166979003054e-09 1e-08
51983.1268320192 -1.95386996837558e-08 1e-08
51997.0884057485 1.40225987498127e-08 1e-08
52011.0503123447 -7.54823594539013e-10 1e-08
52025.0125397004 -9.03011476702809e-10 1e-08
52038.9750593212 1.63056337972626e-08 1e-08
52052.9378261566 6.15330358472843e-09 1e-08
52066.9007837246 -2.25588966704481e-09 1e-08
52080.8638653504 -9.34918043640495e-11 1e-08
52094.8269994038 -1.05881303605635e-08 1e-08
52108.7901111572 1.35358284615368e-08 1e-08
52122.7531275726 9.3409626393076e-09 1e-08
52136.7159799478 3.86467520584473e-09 1e-08
52150.6786076338 -8.60320571820229e-09 1e-08
52164.6409612439 2.25537108992857e-09 1e-08
52178.6030051318 -1.05525702249606e-08 1e-08
52192.564720827 5.84236037809067e-09 1e-08
52206.526107372 -4.96106193400312e-09 1e-08
52220.4871841386 2.69727082382253e-09 1e-08
52234.4479883497 -3.29581565354101e-09 1e-08
52248.4085759243 -2.43320358362099e-09 1e-08
52262.3690156771 1.93204482902879e-08 1e-08
52276.3293882483 1.45627888933645e-08 1e-08
52290.2897771503 1.75699656569161e-08 1e-08
52304.2502667966 8.72061616221795e-09 1e-08
52318.2109329282 -2.93196747091357e-10 1e-08
52332.1718414315 6.96099126401847e-09 1e-08
52346.1330402289 2.2994008745538e-09 1e-08
52360.0945611937 -7.28842767314906e-09 1e-08
52374.0564140118 -8.49343815603833e-10 1e-08
52388.0185916439 1.47091447824796e-08 1e-08
52401.9810664404 2.9389567280312e-09 1e-08
52415.9437974053 7.13323401143078e-09 1e-08
52429.9067281128 3.5433684056801e-09 1e-08
52443.8697949856 -8.92445941711913e-09 1e-08
52457.8329251542 -3.79823753460274e-09 1e-08
52471.7960459187 6.58814970287439e-09 1e-08
52485.7590821571 8.13075865156729e-09 1e-08
52499.7219656745 1.96891169783765e-08 1e-08
52513.6846329495 -6.86572846543489e-09 1e-08
52527.6470337509 1.34362547717241e-08 1e-08
52541.6091289973 -7.38921826655699e-09 1e-08
52555.5708983034 -2.24655165589864e-08 1e-08
52569.5323368827 -2.11845595836709e-08 1e-08
52583.493461629 -2.78518677181619e-10 1e-08
52597.4543062739 -8.63409294399969e-09 1e-08
52611.4149244274 -6.83476158776581e-09 1e-08
52625.3753827081 6.55457643895965e-09 1e-08
52639.3357604047 1.53128617188032e-08 1e-08
52653.2961408044 -1.74258203018629e-09 1e-08
52667.2566087147 1.14657721015372e-09 1e-08
52681.2172415662 -2.16319995477509e-08 1e-08
52695.1781071035 -1.07155822054656e-08 1e-08
52709.1392565715 -1.12590159502365e-08 1e-08
52723.1007241524 -3.44534876731546e-09 1e-08
52737.0625236992 2.75051810004317e-09 1e-08
52751.0246501436 1.3852227821385e-08 1e-08
52764.987079609 5.90956729015157e-10 1e-08
52778.9497724508 -1.22533346025378e-08 1e-08
52792.9126752843 -1.07828083851668e-08 1e-08
52806.8757244193 -4.81626146893788e-09 1e-08
52820.8388495207 7.20482334365862e-09 1e-08
52834.8019762552 -8.71388641901096e-09 1e-08
52848.7650311343 2.77149530547191e-09 1e-08
52862.7279430906 -1.37639367741257e-08 1e-08
52876.6906491663 6.83043742122467e-09 1e-08
52890.6530953006 9.32641068486136e-09 1e-08
52904.6152419619 -1.31022199999043e-08 1e-08
52918.5770639217 -5.25910752975641e-10 1e-08
52932.5385555488 -6.41213096916336e-09 1e-08
52946.4997283874 -4.54679697447947e-09 1e-08
52960.4606153807 -2.9897879169397e-08 1e-08
52974.4212651832 1.63827368090526e-08 1e-08
52988.3817444132 -1.53556842899916e-08 1e-08
53002.3421288683 4.67272574366132e-09 1e-08
