216 8
0.132894 0.0848412
1 -71.3491867639022 -17.2411513520824 -1260887.49170033 4498301.683121 214007.165303981 51713.692822394 2.63505554344881e-08 
1 -176.742491430096 -63.535860057152 -1255018.46740652 4456522.85860373 527659.837946855 189684.559441839 1.72447704147994e-07 
1 -271.994386519072 -106.202938600727 -1249149.57414074 4414939.88087517 808234.409358353 315583.238502098 4.16763219705737e-07 
1 -351.440624457837 -142.70830835022 -1243280.7957109 4373552.62296117 1039403.41157043 422067.035612324 7.03244992152069e-07 
1 -410.138232238059 -170.799616281074 -1237412.10960432 4332360.91578014 1207278.78116145 502764.035046044 9.64752000082706e-07 
1 -444.492163289389 -188.756841761274 -1231543.48630123 4291364.54440817 1302197.36027762 552987.614577679 1.13977123589155e-06 
1 -452.240047403449 -195.424868643215 -1225674.88794908 4250563.24004778 1318582.34590991 569794.256886815 1.18620989039347e-06 
1 -432.950363023441 -190.408875839694 -1219806.28834227 4209956.81932462 1256295.85437489 552511.100078784 1.09326178767162e-06 
1 -387.725877519368 -173.994869645409 -1213937.64790014 4169545.01046623 1119654.72868713 502453.382302426 8.82607775594198e-07 
1 -319.479936620834 -147.244929353219 -1208068.93388345 4129327.59372739 918117.481284758 423150.652587534 6.04714594356323e-07 
1 -232.333942630667 -111.790058882019 -1202200.11911601 4089304.39155782 664434.813632799 319700.195753788 3.24810944656559e-07 
1 -131.707606627722 -69.8357080544349 -1196331.18248183 4049475.27104396 374822.136057089 198743.033422589 1.0856050429897e-07 
1 -23.5178986047419 -23.8683259637781 -1190462.11107931 4009840.15741489 66600.431336375 67592.8079792087 5.47077169042449e-09 
1 85.7849919768855 23.3735307792774 -1184592.89984252 3970399.03013933 -241737.146244076 -65865.2579900343 3.86641248824192e-08 
1 190.057038016646 69.2125646144156 -1178723.55215665 3931151.92573 -532916.133832744 -194070.64706403 2.00020215049362e-07 
1 283.35297074274 111.038987481955 -1172854.07879274 3892098.9292699 -790559.757623287 -309800.722400646 4.52757244730438e-07 
1 360.688230601093 146.594381406938 -1166984.49733955 3853240.16943389 -1001290.29946779 -406954.03843544 7.40963451200899e-07 
1 417.804832577036 173.926768265756 -1161114.83083058 3814575.80833487 -1154015.34025876 -480401.71632841 1.00108811649746e-06 
1 451.814295591202 191.62666011809 -1155245.10644199 3776106.03210784 -1241643.89135086 -526614.749195261 1.17723161151712e-06 
1 460.842967142026 198.729699544104 -1149375.35414336 3737831.04144561 -1260021.03450622 -543359.928349524 1.23102004346688e-06 
1 444.558505780062 194.90557791698 -1143505.60501684 3699751.04025872 -1209289.19473351 -530182.65605945 1.15156570185569e-06 
1 403.720009628317 180.317146529012 -1137635.89019195 3661866.22863286 -1092563.05384695 -487981.391990158 9.55469456139254e-07 
1 340.5954954127 155.765400118613 -1131766.23880971 3624176.78978248 -916977.300623806 -419363.550179316 6.85490099280729e-07 
1 258.431934766807 122.510721363947 -1125896.67738348 3586682.88630888 -692161.863627096 -328122.177663861 3.99710179463379e-07 
1 161.755315483248 82.3699586092063 -1120027.22743167 3549384.64563294 -430973.028845732 -219462.528583078 1.60992007052148e-07 
1 55.7580918771899 37.4977599460451 -1114157.90540677 3512282.16037701 -147780.659347888 -99383.6679544325 2.20470446925542e-08 
1 -53.537174431494 -9.5729640455576 -1108288.72030438 3475375.47421128 141146.888951308 25238.4274557143 1.44683970496505e-08 
1 -159.972621609235 -56.1917419280335 -1102419.67425503 3438664.58678419 419522.799300184 147360.9461048 1.40548326625323e-07 
1 -257.228835480532 -99.6079292270346 -1096550.76051203 3402149.44237658 670982.73059993 259827.791924279 3.71935609466102e-07 
1 -339.561396225373 -137.259770631286 -1090681.96510853 3365829.94160329 881007.069276293 356126.549123812 6.55671405112682e-07 
1 -401.856591645133 -166.826261761096 -1084813.26576856 3329705.93592718 1037024.54204054 430509.120168691 9.25332369648605e-07 
1 -440.299798090262 -186.500901668864 -1078944.63467678 3293777.24594937 1130083.66310603 478677.535271822 1.11750933957853e-06 
1 -452.391658231568 -195.024596924914 -1073076.03852581 3258043.66261641 1154803.35298649 497832.03192586 1.18612178802383e-06 
1 -437.395098925892 -191.878837757826 -1067207.44251685 3222504.97229269 1110415.99331989 487123.268525747 1.11491955312736e-06 
1 -396.18352417567 -177.240733015828 -1061338.81071485 3187160.95914077 1000261.16371404 447487.114040943 9.2058591095429e-07 
1 -331.363327547993 -152.047458787254 -1055470.11071198 3152011.43316385 831980.854884997 381757.920168729 6.49539527108667e-07 
1 -246.917703952021 -117.852850798136 -1049601.31355659 3117056.22919839 616509.177582655 294257.410296706 3.65771808848702e-07 
1 -148.033224974448 -76.7694119761182 -1043732.39782496 3082295.23038895 367545.674022541 190607.650910442 1.35843481990961e-07 
1 -40.6315509629684 -31.2628969047436 -1037863.34848495 3047728.36026478 100315.149857993 77184.8997556758 1.28218950355907e-08 
1 68.9638769935036 15.9737095273601 -1031994.15992616 3013355.59937397 -169301.910436028 -39214.4359863499 2.45122639056912e-08 
1 174.458129254737 62.2229920048856 -1026124.83349793 2979176.96942314 -425847.752959941 -151884.704031386 1.67735168122692e-07 
1 269.937779983323 104.87706677131 -1020255.37947417 2945192.54346557 -655142.111085377 -254537.852883146 4.09975551012625e-07 
1 350.15214665877 141.58775903375 -1014385.81383393 2911402.42593847 -844934.242031151 -341658.182026383 6.97308374829708e-07 
1 410.814612425298 170.375426847019 -1008516.15939761 2877806.75820018 -985579.575076674 -408745.297067363 9.66806848419962e-07 
1 448.69702671374 189.707956078299 -1002646.44218145 2844405.69670966 -1070197.56724541 -452476.796133575 1.15994194742937e-06 
1 461.873364759182 198.579302550403 -996776.692344378 2811199.41783662 -1095175.558961 -470863.260933255 1.23538180751716e-06 
1 449.636303689342 196.519735980179 -990906.93554754 2778188.068723 -1059881.19742303 -463235.667091145 1.17685177730254e-06 
1 412.700599435679 183.650296744901 -985037.213194371 2745371.88085125 -967053.916404353 -430335.548237211 9.97237900001898e-07 
1 352.95864937445 160.630467230252 -979167.549572997 2712750.98536802 -822136.238546071 -374151.840048764 7.34922858032623e-07 
1 273.649725876039 128.691404251849 -973297.97202531 2680325.52701237 -633583.394741342 -297960.235548902 4.468718339154e-07 
1 178.958439023201 89.5210327691248 -967428.502708899 2648095.61850931 -411845.203257316 -206018.828381853 1.95643307959279e-07 
1 74.1361043346863 45.2711629355979 -961559.159212532 2616061.34477997 -169577.692304751 -103552.505320666 3.68538903763029e-08 
1 -35.0630205168383 -1.62515863105976 -955689.951597078 2584222.74769752 79713.0260762208 3694.67063664552 6.02817165490774e-09 
1 -142.324592179829 -48.4788764872582 -949820.883271398 2552579.83204518 321576.728479268 109536.084118373 1.10523895617791e-07 
1 -241.487126243467 -92.5939321222924 -943951.948861803 2521132.55524028 542259.065620743 207919.568615692 3.26974893906716e-07 
1 -326.530810470633 -131.316961952747 -938083.135585069 2489880.83608123 728665.899058264 293038.785543651 6.05449932000898e-07 
1 -392.371300294615 -162.327514366033 -932214.422419897 2458824.55160708 870113.690628025 359973.811819186 8.8127866942171e-07 
1 -434.808580226199 -183.675492393366 -926345.782308463 2427963.55000597 958151.501915015 404750.404902611 1.08891629515042e-06 
1 -451.266889996339 -194.056627389705 -920477.182819258 2397297.65506989 988119.450283924 424917.343219714 1.1793191319472e-06 
1 -440.567391422301 -192.777760120923 -914608.58901147 2366826.68191188 958540.73953726 419425.813962528 1.13022673870018e-06 
1 -403.469165488305 -179.953176676099 -908739.965281456 2336550.44687786 872193.666885739 389011.192076866 9.53798335580979e-07 
1 -342.166656496059 -156.350856727826 -902871.278179781 2306468.78204954 734896.999694722 335806.465438874 6.9158891676085e-07 
1 -260.575599274918 -123.48072743418 -897002.49837605 2276581.54486023 556019.916934767 263484.931060488 4.06283369057157e-07 
1 -163.579447994028 -83.3266644898665 -891133.602742099 2246888.62791604 346764.403408616 176640.289805314 1.64645729605319e-07 
1 -57.1357003639679 -38.3556541963427 -885264.575606641 2217389.96425135 120321.598206229 80772.8545156652 2.31148432484059e-08 
1 52.5900824874671 8.80962292124264 -879395.409323417 2188085.52891795 -110014.770415028 -18429.1143364236 1.39104817343319e-08 
1 159.156905801942 55.399824208396 -873526.104673622 2158975.33964177 -330722.944607614 -115119.057515137 1.38858584956477e-07 
1 256.673350160055 98.8215125297686 -867656.669990025 2130059.45112281 -529775.218758505 -203968.15012489 3.69804534765393e-07 
1 339.663564043386 136.635148000959 -861787.121014928 2101337.9530884 -696324.879043509 -280107.915527574 6.55212720229428e-07 
1 403.761091233392 166.833583466646 -855917.478864322 2072810.95920197 -822089.897709914 -339686.528852264 9.32891541657629e-07 
1 445.476883784312 187.771393272224 -850047.769862179 2044478.60537338 -900806.38521105 -379695.728727174 1.14230203494725e-06 
1 462.740156926147 198.38873489567 -844178.022912786 2016341.03634149 -929253.449273712 -398395.111034792 1.23893574653284e-06 
1 454.585601732243 198.096989422751 -838308.269264022 1988398.40412242 -906530.40899421 -395043.186932487 1.20177273867863e-06 
1 421.549928530564 186.950490732122 -832438.539761332 1960650.85468494 -834764.841739475 -370204.538648859 1.03930209568606e-06 
1 365.302050395865 165.498231711862 -826568.864871397 1933098.52812795 -718280.543789469 -325413.338746312 7.86015051020251e-07 
1 288.899788311316 134.904155232394 -820699.271510004 1905741.5440115 -564019.633692481 -263373.651682208 4.96804123948225e-07 
1 196.369464385428 96.7680918523226 -814829.783562844 1878580.00434801 -380630.688978306 -187569.414563208 2.34177066031706e-07 
1 92.8114636189588 53.1882922947247 -808960.41859501 1851613.97904251 -178604.272932038 -102354.341838603 5.58968258919704e-08 
1 -16.078923709537 6.54793465178206 -803091.188774239 1824843.51113805 30717.4235615229 -12509.2752341789 1.47412861971474e-09 
1 -124.070282383481 -40.4876264926111 -797222.097817133 1798268.60393562 235293.564784778 76782.9151680041 8.32775166719065e-08 
1 -224.927980221186 -85.2182753508884 -791353.142575233 1771889.22950013 423425.262478018 160422.774315986 2.82814531162421e-07 
1 -312.618075239119 -124.970951606693 -785484.310644077 1745705.31917295 584136.777256513 233512.182129507 5.54040373719271e-07 
1 -381.83601968536 -157.358739682808 -779615.583085556 1719716.77711905 708142.004766405 291832.953523664 8.3365364240688e-07 
1 -428.271243556333 -180.366842476611 -773746.932936539 1693923.47488182 788280.54041467 331985.101030134 1.05545833827695e-06 
1 -449.004822652386 -192.570261821232 -767878.329233219 1668325.27020246 820174.698369735 351758.485512941 1.16656330788362e-06 
1 -442.697307695582 -193.18432070673 -762009.731755787 1642921.98502278 802472.852510154 350183.229495418 1.14019393962838e-06 
1 -409.710618776476 -182.176244950407 -756141.115221868 1617713.51054261 736958.486132921 327685.745829492 9.82542524333955e-07 
1 -352.109276576916 -160.230245265181 -750272.440145507 1592699.68101668 628433.620700263 285973.928766097 7.31330099561938e-07 
1 -273.445315997132 -128.720177856622 -744403.677030599 1567880.37802676 484219.136390486 227938.712829943 4.46329511743521e-07 
1 -178.57901878758 -89.5886121219253 -738534.801091894 1543255.50676082 313735.994722496 157393.475060549 1.9501663590397e-07 
1 -73.2027482298632 -45.206040574343 -732665.795876912 1518825.01024741 127584.011692124 78788.9546316066 3.61413419158484e-08 
1 36.3994718072935 1.78561823941386 -726796.65194027 1494588.86251989 -62931.9154186356 -3087.19798484135 6.49838794770803e-09 
1 143.93553374522 48.6651887953429 -720927.369187277 1470547.0770138 -246843.949529222 -83458.9423074035 1.12879734557031e-07 
1 243.266420972113 92.7618349044456 -715057.954364636 1446699.69486051 -413796.066927515 -157787.837265215 3.31368517388173e-07 
1 328.969927128541 131.643929189037 -709188.422409778 1423046.78916614 -554984.413502249 -222088.169182595 6.13722200362138e-07 
1 396.342054200874 163.183744128486 -703318.793420772 1399588.4515916 -663109.620778886 -273018.49384743 8.97995364058576e-07 
1 441.888427987229 185.718622215346 -697449.093200791 1376324.7936443 -733141.988530161 -308127.824524012 1.12299692091083e-06 
1 463.1539244605 198.042737538429 -691579.350109652 1353255.93340897 -761956.741948957 -325809.609056445 1.24014391123197e-06 
1 459.143320255763 199.539765643994 -685709.595300543 1330381.99604155 -748947.624772956 -325486.241297323 1.22493660077194e-06 
1 429.999133553747 190.108353083077 -679839.859666254 1307703.10155711 -695403.953184137 -307447.364311428 1.08029096145173e-06 
1 377.364516118511 170.271817775811 -673970.173886522 1285219.36505363 -605012.975429225 -272989.787603491 8.37634735210628e-07 
1 303.92617236877 141.042814237455 -668100.565563638 1262930.8859182 -483028.649679604 -224158.780328619 5.48620193960235e-07 
1 213.716923401498 104.010008543511 -662231.059056745 1240837.74771719 -336675.41940135 -163850.446146182 2.76049454825732e-07 
1 111.525285478033 61.140105292177 -656361.673209261 1218940.01029414 -174132.368688568 -95462.3994976657 7.90243288851374e-08 
1 3.11808879259901 14.8344864438538 -650492.4208991 1197237.70903024 -4824.95947129762 -22955.0216911713 1.11845568025228e-09 
1 -105.485365982845 -32.3356578826239 -644623.307523623 1175730.85030848 161756.286758986 49585.0386474725 5.95200240854225e-08 
1 -207.882380695055 -77.6073892216382 -638754.330762911 1154419.41190028 315874.443699901 117923.370010596 2.40697686057108e-07 
1 -298.118300054611 -118.349254283853 -632885.480082642 1133303.34246664 448824.668470599 178177.806622278 5.02884665206962e-07 
1 -370.61049317968 -152.058935519593 -627016.737065505 1112382.56409804 552789.513411549 226805.734113421 7.84359425718319e-07 
1 -420.990907151696 -176.707207081286 -621148.076452798 1091656.97728447 622057.901614803 261103.298360762 1.01885814192416e-06 
1 -445.977720193023 -190.709861816995 -615279.467328058 1071126.46617249 652752.48839199 279131.291150726 1.14984366455719e-06 
1 -444.078904020944 -193.227536588653 -609410.875342292 1050790.90717832 643773.793105942 280118.742493401 1.14626970558645e-06 
1 -415.276531158708 -184.052688474407 -603542.264726146 1030650.17643004 596222.041131629 264248.666525381 1.00834804050143e-06 
1 -361.465366785879 -163.806733994711 -597673.601248991 1010704.16001141 513917.867140201 232894.255143485 7.69626025071096e-07 
1 -285.886336462705 -133.710840784003 -591804.853804982 990952.759018009 402471.259463597 188238.343812191 4.86739486217476e-07 
1 -193.290677677428 -95.6704183858856 -585935.997395816 971395.898928475 269416.406604686 133349.319530593 2.2725763165564e-07 
1 -89.192069920377 -51.9549014138949 -580067.013509493 952033.529833717 123074.296730905 71691.4963286188 5.20308406383745e-08 
1 20.1328158230278 -5.21390008217095 -574197.892227177 932865.632205768 -27499.7702296095 7121.75860148906 2.11460905821402e-09 
1 128.419752662511 41.8705031030805 -568328.631205278 913892.21219719 -173617.826560943 -56607.0685782608 8.92139710984559e-08 
1 229.440435373299 86.5752041809716 -562459.236930099 895113.304376497 -306989.811399065 -115837.060543013 2.93999592359992e-07 
1 317.670072512339 126.452584516908 -556589.722279552 876528.962582059 -420605.004128981 -167427.134108733 5.71460353113882e-07 
1 388.252572790806 159.291380320038 -550720.107399052 858139.2615902 -508637.324661903 -208682.561831576 8.60842120813156e-07 
1 437.49781815423 183.372718652587 -544850.416458358 839944.285908824 -567043.177242189 -237670.325861249 1.09989866233571e-06 
1 462.776251368909 197.3931023227 -538980.678290742 821944.13105839 -593344.896266489 -253085.998849186 1.2371848795673e-06 
1 462.841379251559 200.655097689527 -533110.922913104 804138.89229929 -586965.682562938 -254466.565987508 1.24378778349456e-06 
1 437.674436299732 192.961345013356 -527241.18216514 786528.6663422 -548938.203682327 -242015.172298566 1.11818570568352e-06 
1 388.645290719057 174.74269675792 -521371.48604008 769113.540219759 -482018.421385378 -216725.124043157 8.87409348622761e-07 
1 318.323048625569 146.931604395473 -515501.863513229 751893.594010243 -390356.374403714 -180180.758587177 6.00692030093547e-07 
1 230.47827691005 111.026251746984 -509632.338849039 734868.890356612 -279415.135518613 -134600.169672887 3.19808986031685e-07 
1 129.855785240674 68.9433580727665 -503762.932524339 718039.477880839 -155614.643387889 -82619.3154242053 1.05605790128791e-07 
1 22.0076440317966 23.0110260860604 -497893.657819479 701405.38220863 -26065.9223828692 -27254.3312243162 4.94492604867795e-09 
1 -86.9839485796341 -24.2037637811468 -492024.522025631 684966.610526099 101809.620134976 28329.0887184695 3.98639716174843e-08 
1 -190.845232016609 -69.9775685070428 -486155.523462036 668723.144368675 220708.718538756 80927.6674530872 2.01989844368831e-07 
1 -283.424543316954 -111.623715869941 -480286.653511855 652674.946644116 323817.954076882 127532.227366215 4.53561513302279e-07 
1 -359.158771486992 -146.63410753874 -474417.894444286 636821.956937403 405331.624891723 165485.144152682 7.35597809815606e-07 
1 -413.347045747601 -172.861934950564 -468549.222515673 621164.101246441 460715.697948859 192671.528268693 9.81123738670224e-07 
1 -442.631865916126 -188.676044147499 -462680.607117299 605701.290749084 487177.164989814 207663.901691817 1.13154811229993e-06 
1 -445.095260876237 -193.073432211016 -456812.01479973 590433.433345955 483674.775504855 209808.454928891 1.15040235760619e-06 
1 -420.609057215428 -185.783123171391 -450943.409367507 575360.434373705 451194.310890675 199292.637180421 1.03326640314012e-06 
1 -370.629737090317 -167.250425543699 -445074.756613669 560482.20898534 392406.484253491 177077.403428938 8.07991453043102e-07 
1 -298.336580021766 -138.652766190522 -439206.024414452 545798.682055438 311700.677356671 144863.768083044 5.28867359440431e-07 
1 -208.113766409774 -101.743105054026 -433337.186966682 531309.79822521 214530.833185675 104880.294440304 2.62193838659657e-07 
1 -105.525380721955 -58.7963527514329 -427468.224385345 517015.519879619 107305.928197111 59788.4334880641 7.12721826587556e-08 
1 3.3987938720945 -12.3556239361396 -421599.125544302 502915.832942021 -3408.68978079445 12391.5984997655 7.96554695734738e-10 
1 112.214879518728 34.8321234802656 -415729.886774296 489010.742356781 -110974.870050326 -34447.2176361803 6.7510784344936e-08 
1 214.817826264436 80.1013838901711 -409860.513164942 475300.273870753 -209444.686856648 -78097.8448455629 2.5697148512504e-07 
1 305.397166254451 120.888198546428 -403991.016694593 461784.468303353 -293494.293583159 -116176.573836849 5.2735833299712e-07 
1 379.123168498654 154.999992856647 -398121.41630136 448463.380562471 -359053.212112724 -146794.630180524 8.20011277002747e-07 
1 431.956346364968 180.567295204448 -392251.735728895 435337.073706868 -403058.12825833 -168487.201640236 1.07136403149757e-06 
1 461.233321838389 196.281146977346 -386382.003005599 422405.617009267 -423936.212606113 -180409.09473734 1.22808249316176e-06 
1 465.33700259027 201.277650558442 -380512.248243064 409669.080504154 -421210.490923072 -182191.094908936 1.25633734862829e-06 
1 444.188287799872 195.343642073852 -374642.502854878 397127.532985577 -395864.994595388 -174092.185538781 1.15078639660284e-06 
1 398.801304710121 178.743688577547 -368772.797544449 384781.037591859 -349847.197276934 -156802.341770797 9.33410633405119e-07 
1 331.687781608329 152.39638744634 -362903.161192394 372629.649638717 -286340.761509024 -131561.365996104 6.51144982005822e-07 
1 246.310403103284 117.648556789648 -357033.619294139 360673.413765433 -209196.694517962 -99921.436062458 3.64100985292452e-07 
1 147.38937136157 76.4178108852034 -351164.192610587 348912.361815791 -123123.043583473 -63836.3090449119 1.34669766295217e-07 
1 40.2518713494997 30.9114866432875 -345294.896126517 337346.511589241 -33062.7661642998 -25390.6022357044 1.25731465574561e-08 
1 -68.9790993106505 -16.2732544844353 -339425.737606552 325975.865026619 55696.1583089996 13139.5997776939 2.45657296782323e-08 
1 -174.135173480733 -62.4864871238192 -333556.717453128 314800.409141131 138171.713945212 49581.3961747874 1.67329061679243e-07 
1 -268.929825757733 -104.968620521575 -327687.827522858 303820.115046102 209634.245745532 81824.3849598618 4.0738609183439e-07 
1 -347.761068931426 -141.225368923692 -321819.052168129 293034.941270892 266229.185894104 108115.365275585 6.88611346909814e-07 
1 -405.693253345527 -168.990196791629 -315950.367882015 282444.834372034 304915.570019849 127011.582661446 9.44021887764447e-07 
1 -439.195278859373 -186.587505133744 -310081.745736554 272049.734516605 323964.045855022 137632.725074163 1.11291308951714e-06 
1 -446.051443572764 -192.862409079558 -304213.151832533 261849.57715655 322794.321043037 139568.857562513 1.1541760090188e-06 
1 -425.882177104938 -187.463059711261 -298344.551063433 251844.300208658 302252.934820845 133044.449883758 1.05815254783484e-06 
1 -379.860665633471 -170.684062354582 -292475.907943973 242033.845626307 264287.956768957 118753.390845274 8.47524692270826e-07 
1 -310.922711594622 -143.621058947552 -286607.190634458 232418.165989326 211983.705469535 97919.2677917174 5.73199563229262e-07 
1 -223.266911002236 -107.915009878234 -280738.371437904 222997.224688514 149103.930043906 72068.682328885 3.00463085473363e-07 
1 -122.293329772223 -65.7893947179763 -274869.430208899 213771.000540143 79963.5677384462 43017.5115094233 9.41949081848002e-08 
1 -13.9924182973031 -19.7375611757628 -269000.35354873 204739.485306925 8953.82457049669 12630.1727451422 2.84798132426518e-09 
1 95.2500942651425 27.5015276848872 -263131.137385705 195902.686419901 -59621.1855700401 -17214.4048592328 4.80689751799738e-08 
1 199.221868620423 73.2471326105363 -257261.784678902 187260.622086752 -121920.079733658 -44825.8833730413 2.20269267638997e-07 
1 292.081692275369 114.90545380313 -251392.307051587 178813.322447881 -174670.382126799 -68715.63694353 4.81577908786525e-07 
1 368.777783794302 150.215815543789 -245522.721737436 170560.823894675 -215386.952004192 -87734.4787961722 7.75059049607847e-07 
1 425.187740739694 177.256150499013 -239653.052456433 162503.1693255 -242396.670284599 -101052.538800104 1.03722086552906e-06 
1 458.351605983247 194.612824868509 -233783.325934982 154640.402464707 -254903.172604165 -108230.070192565 1.21194814822146e-06 
1 466.554597362565 201.362674093047 -227913.572805473 146972.568523407 -252950.541307906 -109172.211996148 1.26205553620197e-06 
1 449.38352461777 197.166439045358 -222043.82362928 139499.70855358 -237366.154602114 -104144.092715895 1.17697681640751e-06 
1 407.771751374108 182.236992269804 -216174.109985697 132221.860791935 -209692.919697013 -93713.7181697465 9.74938836934304e-07 
1 343.89291514223 157.359135632067 -210304.460542288 125139.055814305 -172042.071605829 -78723.3190571738 6.98958206400737e-07 
1 261.174684374356 123.848833243228 -204434.902001785 118251.318114741 -127013.262495818 -60229.5907974589 4.08285001033112e-07 
1 164.030200322654 83.4967722392403 -198565.455480179 111558.662362184 -77480.1516768475 -39439.9480394346 1.6552639644354e-07 
1 57.8279807493161 38.5144165541756 -192696.13740628 105061.095309312 -26507.818464007 -17654.6569504298 2.35729696905361e-08 
1 -51.5458978101703 -8.60419729827767 -186826.95634958 98758.6132174048 22908.4970599166 3823.9556760935 1.33591128187701e-08 
1 -157.773982649709 -55.15541010787 -180957.914322255 92651.2044948367 67916.5976119303 23742.6204974114 1.36569597058983e-07 
1 -254.700372811586 -98.4422684638728 -175089.004222513 86738.848252903 106084.370601561 41001.8484672778 3.64480818555703e-07 
1 -336.446417344883 -135.857327931987 -169220.211870446 81021.517768727 135435.056471768 54688.7823201604 6.4350748141132e-07 
1 -398.086575602057 -165.147935933181 -163351.514729705 75499.1804788705 154690.502064751 64174.0231652492 9.07869759606173e-07 
1 -435.697747809276 -184.469482787255 -157482.884795562 70171.8019405559 163223.102027998 69106.8093912125 1.0941233132291e-06 
1 -446.982447480806 -192.641821344354 -151614.288736946 65039.3468614236 161210.584533106 69479.0160094126 1.15783100141188e-06 
1 -431.11204056037 -189.111971141465 -145745.691542028 60101.7829905609 149468.20820797 65565.8502148327 1.08309871128437e-06 
1 -389.158627112397 -174.139927565916 -139877.05755982 55359.0822220182 129489.961333307 57943.910056458 8.88299191475508e-07 
1 -323.639588566713 -148.625661192828 -134008.354240447 50811.2235373407 103170.720781687 47379.2982491015 6.19788193805279e-07 
1 -238.71579167135 -114.202247547744 -128139.553105728 46458.1931945131 72765.7994815556 34811.345270542 3.42167747860224e-07 
1 -139.474935012424 -72.9366620143353 -122270.632613566 42299.9860338809 40567.7832873512 21214.4117366806 1.21017099870199e-07 
1 -31.982772933628 -27.3644398350293 -116401.57839467 38336.6044824551 8856.00666491893 7577.19357429408 8.63918349536776e-09 
1 77.5501222842774 19.8772191103515 -110532.384625573 34568.0582217216 -20390.8334402477 -5226.46582875423 3.13479224778377e-08 
1 182.722626277872 66.0131202054621 -104663.05343681 30994.3624180548 -45493.4298042108 -16435.6396982666 1.84540286767763e-07 
1 277.743439871863 108.499378985209 -98793.5948655805 27615.5363753619 -65273.2969237389 -25498.7559159279 4.34648127401161e-07 
1 357.291434112654 144.941798246012 -92924.0255774191 24431.601549778 -78979.3528119845 -32039.4174836722 7.26689878898201e-07 
1 417.201881896617 173.428706501244 -87054.3680139845 21442.5800289587 -86397.2215883377 -35914.8868582518 9.97784328332671e-07 
1 454.206935527471 192.392126624105 -81184.6489490276 18648.4929092923 -87718.3853874896 -37155.5900817179 1.18926664954063e-06 
1 466.492186962956 200.893368958207 -75314.8979496704 16049.3589205363 -83577.276905896 -35992.2871062183 1.26085351364267e-06 
1 453.335697153627 198.435006492791 -69445.146263792 13645.1935245907 -74890.1612627418 -32781.0709143919 1.19687142086444e-06 
1 415.544768867996 185.200686828581 -63575.4247841817 11436.0079039117 -62844.9001820754 -28008.8201064353 1.01154236087118e-06 
1 355.016193704998 161.828180771993 -57705.763385706 9421.80880406431 -48733.8031460195 -22214.4872404725 7.43926749910754e-07 
1 275.055226345597 129.602797814491 -51836.1885343713 7602.59800151513 -33916.8814040939 -15981.2368647371 4.51789049880408e-07 
1 179.863189780043 90.1943379981596 -45966.7229559079 5978.37278366527 -19667.483071801 -9862.47168150647 1.97819717828867e-07 
1 74.7238420269774 45.796659894908 -40097.3832685062 4549.12603299622 -7127.51559142262 -4368.30332303029 3.75145384234924e-08 
1 -34.5870598820654 -1.17441389260428 -34228.1800775066 3314.84725980506 2816.17996591357 95.6242273069802 5.85988442795513e-09 
1 -141.762887968505 -48.0036182105623 -28359.115750173 2275.52324371905 9563.5291919245 3238.39342336695 1.09520383171356e-07 
1 -240.623036411482 -92.013705235763 -22490.1854336149 1431.13953130886 12873.3978042533 4922.75822219138 3.24416224569677e-07 
1 -325.200180331533 -130.544049145658 -16621.3752793406 781.681468036366 12858.2150083934 5161.63136893063 6.00223514828579e-07 
1 -390.396487996374 -161.295473727346 -10752.6648341926 327.135837415264 9985.84823988724 4125.73414962932 8.72092613383421e-07 
1 -432.107811922206 -182.330207126921 -4884.02609344339 67.4919314399958 5020.33899996104 2118.35894759304 1.07506840036411e-06 
1 -447.745605188764 -192.365171681333 984.572806275055 2.74278381792112 -1048.67790757834 -450.544021855182 1.16065459334898e-06 
