216 8
0.132894 0.0848412
1 -71.3491867368322 -17.2411514247525 -1260887.49170033 4498301.683121 214007.165222786 51713.6930403632 2.63505554271223e-08 
1 -176.742491406439 -63.5358601244684 -1255018.46740652 4456522.85860373 527659.837876226 189684.55964281 1.72447704144766e-07 
1 -271.994386500215 -106.202938658747 -1249149.57414074 4414939.88087517 808234.40930232 315583.238674506 4.16763219706276e-07 
1 -351.440624444896 -142.708308395521 -1243280.7957109 4373552.62296117 1039403.41153216 422067.035746304 7.03244992155128e-07 
1 -410.138232231814 -170.799616310943 -1237412.10960432 4332360.91578014 1207278.78114306 502764.035133967 9.64752000086445e-07 
1 -444.492163290218 -188.756841773917 -1231543.48630123 4291364.54440817 1302197.36028005 552987.614614718 1.13977123589396e-06 
1 -452.24004741131 -195.424868637853 -1225674.88794908 4250563.24004778 1318582.34593283 569794.256871181 1.18620989039284e-06 
1 -432.950363037867 -190.408875816645 -1219806.28834227 4209956.81932462 1256295.85441674 552511.100011902 1.09326178766697e-06 
1 -387.725877539496 -173.994869606044 -1213937.64790014 4169545.01046623 1119654.72874525 502453.38218875 8.82607775585482e-07 
1 -319.479936645464 -147.244929299893 -1208068.93388345 4129327.59372739 918117.48135554 423150.652434287 6.04714594344453e-07 
1 -232.333942658339 -111.790058817894 -1202200.11911601 4089304.39155782 664434.813711936 319700.195570402 3.24810944643175e-07 
1 -131.707606656808 -69.8357079832905 -1196331.18248183 4049475.27104396 374822.136139862 198743.033220121 1.08560504286055e-07 
1 -23.5178986335481 -23.8683258897578 -1190462.11107931 4009840.15741489 66600.4314179512 67592.8077695903 5.47077167983026e-09 
1 85.784991950016 23.3735308519064 -1184592.89984252 3970399.03013933 -241737.146168359 -65865.2581946987 3.86641248754569e-08 
1 190.05703799324 69.2125646815201 -1178723.55215665 3931151.92573 -532916.133767116 -194070.647252189 2.00020215046505e-07 
1 283.352970724112 111.038987539759 -1172854.07879274 3892098.9292699 -790559.757571314 -309800.722561919 4.52757244731244e-07 
1 360.688230588276 146.594381452225 -1166984.49733955 3853240.16943389 -1001290.29943221 -406954.038561159 7.40963451204113e-07 
1 417.804832570731 173.926768296033 -1161114.83083058 3814575.80833487 -1154015.34024134 -480401.716412038 1.00108811650131e-06 
1 451.814295591749 191.626660131706 -1155245.10644199 3776106.03210784 -1241643.89135237 -526614.749232679 1.1772316115197e-06 
1 460.842967149386 198.72969954033 -1149375.35414336 3737831.04144561 -1260021.03452635 -543359.928339205 1.23102004346657e-06 
1 444.558505793825 194.905577896036 -1143505.60501684 3699751.04025872 -1209289.19477094 -530182.656002478 1.15156570185151e-06 
1 403.720009647719 180.317146492064 -1137635.89019195 3661866.22863286 -1092563.05389946 -487981.391890167 9.55469456131063e-07 
1 340.59549543667 155.765400067703 -1131766.23880971 3624176.78978248 -916977.300688341 -419363.550042252 6.85490099269255e-07 
1 258.431934794009 122.510721301908 -1125896.67738348 3586682.88630888 -692161.863699953 -328122.177497702 3.99710179450082e-07 
1 161.755315512161 82.3699585395074 -1120027.22743167 3549384.64563294 -430973.028922767 -219462.528397376 1.60992007038899e-07 
1 55.7580919061759 37.4977598726296 -1114157.90540677 3512282.16037701 -147780.659424712 -99383.6677598528 2.20470446812305e-08 
1 -53.5371744040908 -9.57296411850094 -1108288.72030438 3475375.47421128 141146.888879062 25238.4276480242 1.4468397041714e-08 
1 -159.972621585004 -56.1917419962816 -1102419.67425503 3438664.58678419 419522.799236639 147360.946283779 1.40548326621482e-07 
1 -257.228835460891 -99.6079292866002 -1096550.76051203 3402149.44237658 670982.730548697 259827.792079656 3.71935609466134e-07 
1 -339.561396211492 -137.259770678635 -1090681.96510853 3365829.94160329 881007.069240278 356126.549246661 6.55671405115465e-07 
1 -401.856591637844 -166.8262617934 -1084813.26576856 3329705.93592718 1037024.54202173 430509.120252054 9.2533236965237e-07 
1 -440.299798090016 -186.500901684159 -1078944.63467678 3293777.24594937 1130083.6631054 478677.535311078 1.11750933958126e-06 
1 -452.391658238387 -195.024596922264 -1073076.03852581 3258043.66261641 1154803.3530039 497832.031919094 1.18612178802374e-06 
1 -437.39509893938 -191.878837737359 -1067207.44251685 3222504.97229269 1110415.99335414 487123.268473786 1.11491955312333e-06 
1 -396.183524195023 -177.240732978761 -1061338.81071485 3187160.95914077 1000261.1637629 447487.113947361 9.20585910946127e-07 
1 -331.363327572061 -152.047458735783 -1055470.11071198 3152011.43316385 831980.854945428 381757.920039495 6.49539527097136e-07 
1 -246.917703979377 -117.852850735316 -1049601.31355659 3117056.22919839 616509.177650959 294257.410139854 3.65771808835359e-07 
1 -148.033225003489 -76.7694119056328 -1043732.39782496 3082295.23038895 367545.674094646 190607.650735437 1.35843481977764e-07 
1 -40.6315509920006 -31.2628968307061 -1037863.34848495 3047728.36026478 100315.149929671 77184.8995728849 1.28218950244523e-08 
1 68.9638769661463 15.9737096006959 -1031994.15992616 3013355.59937397 -169301.910368868 -39214.4361663845 2.45122638980323e-08 
1 174.458129230612 62.2229920733385 -1026124.83349793 2979176.96942314 -425847.752901053 -151884.704198477 1.6773516811914e-07 
1 269.937779963781 104.877066831042 -1020255.37947417 2945192.54346557 -655142.111037947 -254537.853028115 4.09975551012881e-07 
1 350.152146644895 141.587759081432 -1014385.81383393 2911402.42593847 -844934.241997671 -341658.182141443 6.97308374832635e-07 
1 410.814612417847 170.375426880042 -1008516.15939761 2877806.75820018 -985579.575058797 -408745.297146588 9.66806848423846e-07 
1 448.697026713113 189.70795609486 -1002646.44218145 2844405.69670966 -1070197.56724391 -452476.796173076 1.1599419474323e-06 
1 461.873364765399 198.57930254963 -996776.692344379 2811199.41783662 -1095175.55897574 -470863.260931422 1.23538180751745e-06 
1 449.636303702055 196.519735962131 -990906.93554754 2778188.068723 -1059881.19745299 -463235.667048602 1.17685177729906e-06 
1 412.700599454177 183.6502967106 -985037.213194371 2745371.88085125 -967053.916447699 -430335.548156834 9.97237899994382e-07 
1 352.95864939771 160.630467181598 -979167.549572997 2712750.98536802 -822136.238600248 -374151.839935437 7.34922858021652e-07 
1 273.649725902762 128.691404191562 -973297.97202531 2680325.52701237 -633583.394803214 -297960.23540932 4.46871833902335e-07 
1 178.958439051891 89.5210327005782 -967428.502708899 2648095.61850931 -411845.203323341 -206018.828224103 1.95643307945943e-07 
1 74.1361043637182 45.2711628626744 -961559.159212532 2616061.34477997 -169577.692371158 -103552.505153862 3.68538903646026e-08 
1 -35.0630204891234 -1.6251587041976 -955689.951597078 2584222.74769752 79713.0260132133 3694.67080291866 6.02817164639138e-09 
1 -142.324592155038 -48.4788765563754 -949820.883271398 2552579.83204518 321576.728423252 109536.084274541 1.10523895613307e-07 
1 -241.487126223051 -92.5939321833474 -943951.948861803 2521132.55524028 542259.065574899 207919.568752791 3.26974893906191e-07 
1 -326.530810455806 -131.316962002118 -938083.135585069 2489880.83608123 728665.899025178 293038.785653823 6.05449932003346e-07 
1 -392.37130028627 -162.327514400762 -932214.422419897 2458824.55160708 870113.690609521 359973.811896201 8.81278669425441e-07 
1 -434.808580224851 -183.675492411341 -926345.782308463 2427963.55000597 958151.501912043 404750.404942222 1.08891629515342e-06 
1 -451.266890002081 -194.056627389816 -920477.182819258 2397297.65506989 988119.450296497 424917.343219957 1.17931913194764e-06 
1 -440.567391434801 -192.777760103128 -914608.58901147 2366826.68191188 958540.739564456 419425.813923811 1.1302267386968e-06 
1 -403.469165506824 -179.953176641439 -908739.965281456 2336550.44687786 872193.666925772 389011.192001941 9.53798335573417e-07 
1 -342.166656519497 -156.350856678351 -902871.278179781 2306468.78204954 734896.999745063 335806.465332613 6.91588916749737e-07 
1 -260.57559930189 -123.480727372814 -897002.49837605 2276581.54486023 556019.91699232 263484.930929544 4.06283369043944e-07 
1 -163.579448022948 -83.3266644202134 -891133.602742099 2246888.62791604 346764.403469921 176640.28965766 1.64645729591932e-07 
1 -57.1357003931537 -38.3556541224562 -885264.575606641 2217389.96425135 120321.598267692 80772.8543600684 2.31148432367974e-08 
1 52.5900824596966 8.80962299510593 -879395.409323417 2188085.52891795 -110014.770356934 -18429.1144909404 1.39104817260305e-08 
1 159.156905777164 55.399824278035 -873526.104673622 2158975.33964177 -330722.944556127 -115119.057659844 1.38858584952251e-07 
1 256.673350139662 98.8215125912651 -867656.669990025 2130059.45112281 -529775.218716414 -203968.150251819 3.69804534765094e-07 
1 339.663564028507 136.6351480509 -861787.121014928 2101337.9530884 -696324.879013006 -280107.915629956 6.55212720232039e-07 
1 403.761091224842 166.833583502285 -855917.478864323 2072810.95920197 -822089.897692505 -339686.528924829 9.32891541661502e-07 
1 445.476883782547 187.771393291634 -850047.769862179 2044478.60537338 -900806.38520748 -379695.728766423 1.14230203495048e-06 
1 462.740156931253 198.388734897813 -844178.022912786 2016341.03634149 -929253.449283964 -398395.111039095 1.23893574653367e-06 
1 454.585601743924 198.096989407546 -838308.269264022 1988398.40412242 -906530.409017504 -395043.186902167 1.20177273867583e-06 
1 421.549928548171 186.950490700428 -832438.539761332 1960650.85468494 -834764.841774342 -370204.538586098 1.03930209567919e-06 
1 365.302050418417 165.498231665456 -826568.864871397 1933098.52812795 -718280.543833813 -325413.338655065 7.8601505100978e-07 
1 288.89978833756 134.904155173858 -820699.271510004 1905741.5440115 -564019.633743717 -263373.651567929 4.96804123935392e-07 
1 196.36946441389 96.7680917849483 -814829.783562844 1878580.00434801 -380630.689033474 -187569.414432614 2.34177066018288e-07 
1 92.8114636480327 53.1882922223135 -808960.41859501 1851613.97904251 -178604.272987987 -102354.341699257 5.5896825879885e-08 
1 -16.078923681515 6.54793457847822 -803091.188774239 1824843.51113805 30717.4235079892 -12509.2750941381 1.47412861060035e-09 
1 -124.070282358127 -40.4876265625804 -797222.097817133 1798268.60393562 235293.564736696 76782.9153006975 8.32775166667381e-08 
1 -224.927980199989 -85.2182754134221 -791353.142575233 1771889.22950013 423425.262438113 160422.774433705 2.82814531161286e-07 
1 -312.618075223331 -124.970951658097 -785484.310644077 1745705.31917295 584136.777227013 233512.182225557 5.54040373721319e-07 
1 -381.836019675935 -157.358739719993 -779615.583085556 1719716.77711905 708142.004748926 291832.953592627 8.33653642410516e-07 
1 -428.271243553844 -180.366842497329 -773746.932936539 1693923.47488182 788280.540410089 331985.101068268 1.05545833828019e-06 
1 -449.004822657002 -192.570261824193 -767878.329233219 1668325.27020246 820174.698378166 351758.485518349 1.16656330788456e-06 
1 -442.697307707034 -193.184320691727 -762009.731755787 1642921.98502278 802472.852530913 350183.229468223 1.14019393962566e-06 
1 -409.710618794092 -182.176244918301 -756141.115221868 1617713.51054261 736958.486164607 327685.745771741 9.82542524327047e-07 
1 -352.109276599647 -160.230245217875 -750272.440145507 1592699.68101668 628433.620740833 285973.928681667 7.31330099551326e-07 
1 -273.445316023635 -128.720177796901 -744403.677030599 1567880.37802676 484219.136437419 227938.712724189 4.46329511730536e-07 
1 -178.579018816293 -89.5886120533077 -738534.801091894 1543255.50676082 313735.994772941 157393.474939998 1.95016635890496e-07 
1 -73.2027482591155 -45.2060405008187 -732665.795876912 1518825.01024741 127584.011743108 78788.9545034621 3.61413419038598e-08 
1 36.3994717791924 1.78561831359686 -726796.65194027 1494588.86251989 -62931.9153700508 -3087.1981130981 6.49838793883101e-09 
1 143.935533719869 48.665188865964 -720927.369187277 1470547.0770138 -246843.949485746 -83458.9424285161 1.12879734552166e-07 
1 243.266420950941 92.7618349675204 -715057.954364636 1446699.69486051 -413796.066891502 -157787.837372505 3.31368517387322e-07 
1 328.969927112722 131.643929241063 -709188.422409778 1423046.78916614 -554984.413475562 -222088.169270364 6.13722200364406e-07 
1 396.342054191278 163.183744166595 -703318.793420772 1399588.4515916 -663109.620762831 -273018.493911189 8.97995364062397e-07 
1 441.888427984371 185.718622237473 -697449.093200791 1376324.7936443 -733141.988525419 -308127.824560724 1.12299692091431e-06 
1 463.153924464526 198.042737543388 -691579.350109652 1353255.93340897 -761956.741955581 -325809.609064603 1.24014391123329e-06 
1 459.143320266439 199.53976563155 -685709.595300543 1330381.99604155 -748947.624790371 -325486.241277025 1.22493660076977e-06 
1 429.999133570479 190.108353053937 -679839.859666254 1307703.10155711 -695403.953211196 -307447.364264303 1.08029096144549e-06 
1 377.364516140368 170.27181773161 -673970.173886522 1285219.36505363 -605012.975464268 -272989.787532625 8.37634735200645e-07 
1 303.926172394539 141.042814180654 -668100.565563638 1262930.8859182 -483028.649720558 -224158.780238345 5.48620193947634e-07 
1 213.716923429735 104.010008477295 -662231.059056745 1240837.74771719 -336675.419445834 -163850.446041869 2.76049454812231e-07 
1 111.525285507149 61.1401052202805 -656361.673209261 1218940.01029414 -174132.368734028 -95462.3993854085 7.90243288726612e-08 
1 3.11808882093359 14.8344863703772 -650492.4208991 1197237.70903024 -4824.9595151428 -22955.0215774729 1.11845567051595e-09 
1 -105.485365956925 -32.335657953446 -644623.307523623 1175730.85030848 161756.286719238 49585.0387560745 5.95200240795326e-08 
1 -207.882380673061 -77.6073892856728 -638754.330762911 1154419.41190028 315874.443666481 117923.370107896 2.40697686055306e-07 
1 -298.118300037844 -118.349254337318 -632885.480082642 1133303.34246664 448824.668445355 178177.806702771 5.02884665208548e-07 
1 -370.610493169142 -152.058935559294 -627016.737065505 1112382.56409804 552789.513395831 226805.734172636 7.843594257218e-07 
1 -420.990907148031 -176.707207104818 -621148.076452797 1091656.97728447 622057.901609386 261103.298395534 1.01885814192758e-06 
1 -445.977720196459 -190.709861822915 -615279.467328058 1071126.46617249 652752.48839702 279131.291159392 1.14984366455862e-06 
1 -444.07890403129 -193.22753657657 -609410.875342292 1050790.90717832 643773.79312094 280118.742475884 1.14626970558439e-06 
1 -415.276531175348 -184.052688445018 -603542.264726146 1030650.17643004 596222.04115552 264248.666483187 1.00834804049522e-06 
1 -361.465366807827 -163.806733949751 -597673.601248991 1010704.16001141 513917.867171405 232894.255079563 7.69626025061059e-07 
1 -285.886336488654 -133.710840726136 -591804.853804982 990952.759018009 402471.259500128 188238.343730725 4.8673948620482e-07 
1 -193.29067770585 -95.6704183185148 -585935.997395816 971395.898928475 269416.406644302 133349.319436689 2.27257631642178e-07 
1 -89.1920699496065 -51.9549013409618 -580067.013509493 952033.529833717 123074.296771238 71691.4962279799 5.20308406260998e-08 
1 20.1328157946796 -5.21390000788776 -574197.892227177 932865.632205768 -27499.7701908882 7121.75850002434 2.11460904882549e-09 
1 128.419752636668 41.870503174461 -568328.631205278 913892.21219719 -173617.826526005 -56607.0686747641 8.92139710929912e-08 
1 229.44043535142 86.5752042454235 -562459.236930099 895113.304376497 -306989.81136979 -115837.060629249 2.93999592358591e-07 
1 317.670072495646 126.452584570826 -556589.722279552 876528.962582059 -420605.00410688 -167427.134180122 5.71460353115787e-07 
1 388.252572780219 159.291380360453 -550720.107399052 858139.261590201 -508637.324648033 -208682.561884523 8.60842120816881e-07 
1 437.497818150326 183.372718677286 -544850.416458358 839944.285908824 -567043.177237128 -237670.325893261 1.09989866233938e-06 
1 462.77625137189 197.39310233036 -538980.678290741 821944.13105839 -593344.896270311 -253085.998859008 1.23718487956907e-06 
1 462.841379261257 200.655097679748 -533110.922913104 804138.89229929 -586965.682575236 -254466.565975107 1.24378778349298e-06 
1 437.674436315604 192.961344986706 -527241.18216514 786528.6663422 -548938.203702234 -242015.172265141 1.1181857056779e-06 
1 388.645290740229 174.742696715876 -521371.48604008 769113.540219759 -482018.421411636 -216725.123991012 8.87409348613257e-07 
1 318.323048650864 146.931604340381 -515501.863513229 751893.594010243 -390356.374434734 -180180.758519618 6.00692030081186e-07 
1 230.478276938062 111.026251681912 -509632.338849039 734868.890356612 -279415.135552573 -134600.169593997 3.19808986018108e-07 
1 129.855785269827 68.9433580013822 -503762.932524339 718039.477880839 -155614.643422825 -82619.3153386609 1.05605790115932e-07 
1 22.0076440604402 23.0110260124104 -497893.657819479 701405.38220863 -26065.9224167948 -27254.3311370849 4.94492603831121e-09 
1 -86.9839485531473 -24.2037638528237 -492024.522025631 684966.610526099 101809.620103974 28329.088802363 3.98639716108499e-08 
1 -190.845231993814 -69.9775685725895 -486155.523462036 668723.144368675 220708.718512394 80927.6675288907 2.0198984436632e-07 
1 -283.424543299195 -111.623715925494 -480286.653511855 652674.946644116 323817.954056591 127532.227429685 4.53561513303348e-07 
1 -359.158771475321 -146.634107581002 -474417.894444286 636821.956937403 405331.624878551 165485.144200377 7.35597809818871e-07 
1 -413.347045742725 -172.861934976984 -468549.222515673 621164.101246441 460715.697943425 192671.52829814 9.81123738673786e-07 
1 -442.631865918342 -188.676044156477 -462680.607117299 605701.290749084 487177.164992253 207663.901701697 1.13154811230182e-06 
1 -445.095260885422 -193.073432201979 -456812.01479973 590433.433345955 483674.775514837 209808.454919071 1.1504023576048e-06 
1 -420.609057231033 -185.78312314487 -450943.409367507 575360.434373705 451194.310907414 199292.637151971 1.03326640313465e-06 
1 -370.62973711141 -167.250425501261 -445074.756613669 560482.20898534 392406.484275824 177077.403384006 8.07991453033702e-07 
1 -298.336580047088 -138.652766134695 -439206.024414452 545798.682055438 311700.677383128 144863.768024717 5.28867359428181e-07 
1 -208.113766437826 -101.743104988107 -433337.186966682 531309.79822521 214530.833214593 104880.294372353 2.62193838646292e-07 
1 -105.525380751088 -58.7963526792944 -427468.224385345 517015.519879619 107305.928226735 59788.4334147084 7.12721826462664e-08 
1 3.39879384357382 -12.3556238619651 -421599.125544302 502915.832942021 -3408.68975219073 12391.598425375 7.9655468588983e-10 
1 112.21487949246 34.8321235522121 -415729.886774296 489010.742356781 -110974.870024348 -34447.2177073318 6.75107843388935e-08 
1 214.817826241912 80.1013839558117 -409860.513164942 475300.273870753 -209444.686834687 -78097.8449095617 2.56971485123087e-07 
1 305.397166236935 120.888198602077 -403991.016694593 461784.468303353 -293494.293566326 -116176.573890329 5.2735833299863e-07 
1 379.123168487119 154.999992899219 -398121.41630136 448463.380562471 -359053.2121018 -146794.630220843 8.2001127700633e-07 
1 431.956346360047 180.567295231602 -392251.735728895 435337.073706868 -403058.128253738 -168487.201665574 1.07136403150139e-06 
1 461.233321840348 196.281146987609 -386382.003005599 422405.617009267 -423936.212607914 -180409.094746773 1.22808249316392e-06 
1 465.337002598998 201.277650551263 -380512.248243064 409669.080504154 -421210.490930972 -182191.094902438 1.25633734862728e-06 
1 444.188287814888 195.343642049641 -374642.502854878 397127.532985578 -395864.99460877 -174092.185517204 1.15078639659781e-06 
1 398.801304730598 178.743688537644 -368772.797544449 384781.037591859 -349847.197294898 -156802.341735792 9.33410633396109e-07 
1 331.687781633139 152.396387392952 -362903.161192394 372629.649638717 -286340.761530442 -131561.365950015 6.51144981993722e-07 
1 246.31040313105 117.648556725743 -357033.619294139 360673.413765433 -209196.694541544 -99921.436008182 3.64100985278838e-07 
1 147.389371390741 76.417810814358 -351164.192610587 348912.361815791 -123123.043607841 -63836.3089857307 1.34669766282002e-07 
1 40.2518713784266 30.9114865695095 -345294.896126517 337346.511589241 -33062.7661880603 -25390.6021751033 1.25731465464833e-08 
1 -68.9790992836173 -16.2732545569311 -339425.737606552 325975.865026619 55696.1582871721 13139.5998362295 2.45657296708496e-08 
1 -174.135173457157 -62.4864871908367 -333556.717453128 314800.409141131 138171.713926506 49581.396227964 1.67329061676004e-07 
1 -268.929825738991 -104.968620579196 -327687.827522858 303820.115046102 209634.245730923 81824.3850047783 4.07386091834898e-07 
1 -347.761068918627 -141.225368968503 -321819.052168129 293034.941270892 266229.185884305 108115.36530989 6.88611346912814e-07 
1 -405.693253339433 -168.990196820958 -315950.367882015 282444.834372034 304915.570015269 127011.582683488 9.44021887768093e-07 
1 -439.195278860354 -186.587505145815 -310081.745736554 272049.734516605 323964.045855746 137632.725083067 1.11291308951943e-06 
1 -446.05144358076 -192.862409073641 -304213.151832533 261849.57715655 322794.321048823 139568.857558231 1.15417600901806e-06 
1 -425.882177119472 -187.463059687697 -298344.551063433 251844.300208658 302252.934831159 133044.449867035 1.05815254783011e-06 
1 -379.860665653665 -170.684062314788 -292475.907943973 242033.845626307 264287.956783006 118753.390817587 8.47524692262099e-07 
1 -310.922711619268 -143.6210588939 -286607.190634458 232418.165989326 211983.705486339 97919.2677551379 5.73199563217466e-07 
1 -223.266911029864 -107.91500981392 -280738.371437904 222997.224688514 149103.930062357 72068.6822859347 3.00463085460155e-07 
1 -122.293329801205 -65.7893946467853 -274869.430208899 213771.000540143 79963.567757397 43017.5114628738 9.41949081721448e-08 
1 -13.9924183259432 -19.7375611018565 -269000.35354873 204739.485306925 8953.82458882362 12630.1726978492 2.84798131399938e-09 
1 95.250094238496 27.5015277572525 -263131.137385705 195902.686419901 -59621.1855533609 -17214.4049045295 4.80689751733618e-08 
1 199.221868597295 73.2471326772253 -257261.784678902 187260.622086752 -121920.079719505 -44825.8834138538 2.20269267636476e-07 
1 292.081692257062 114.905453860392 -251392.307051587 178813.322447881 -174670.382115851 -68715.6369777733 4.81577908787604e-07 
1 368.777783781842 150.215815588418 -245522.721737436 170560.823894675 -215386.951996915 -87734.4788222382 7.75059049611239e-07 
1 425.187740733769 177.256150528552 -239653.052456433 162503.1693255 -242396.670281221 -101052.538816944 1.03722086553297e-06 
1 458.351605984186 194.612824881325 -233783.325934982 154640.402464707 -254903.172604688 -108230.070199692 1.21194814822399e-06 
1 466.554597370314 201.362674088452 -227913.572805473 146972.568523407 -252950.541312107 -109172.211993657 1.2620555362015e-06 
1 449.38352463191 197.166439023597 -222043.82362928 139499.70855358 -237366.154609583 -104144.092704401 1.17697681640309e-06 
1 407.771751393862 182.236992232078 -216174.109985697 132221.860791935 -209692.919707171 -93713.7181503462 9.74938836925813e-07 
1 343.892915166518 157.359135580441 -210304.460542288 125139.055814305 -172042.07161798 -78723.3190313466 6.98958206388947e-07 
1 261.174684401834 123.848833180565 -204434.902001785 118251.318114741 -127013.262509181 -60229.590766985 4.08285001019516e-07 
1 164.030200351797 83.4967721690233 -198565.455480179 111558.662362184 -77480.1516906129 -39439.9480062673 1.65526396430027e-07 
1 57.8279807784817 38.5144164803634 -192696.13740628 105061.095309312 -26507.8184773762 -17654.6569165949 2.35729696789983e-08 
1 -51.5458977826361 -8.60419737149403 -186826.95634958 98758.6132174048 22908.4970476795 3823.95570863298 1.33591128106639e-08 
1 -157.773982625391 -55.1554101762694 -180957.914322255 92651.2044948367 67916.5976014623 23742.6205268551 1.3656959705501e-07 
1 -254.700372791896 -98.4422685234802 -175089.004222513 86738.848252903 106084.37059336 41001.8484921047 3.64480818555625e-07 
1 -336.44641733098 -135.857327979288 -169220.211870446 81021.517768727 135435.056466171 54688.7823392013 6.43507481414006e-07 
1 -398.086575594762 -165.147935965373 -163351.514729705 75499.1804788705 154690.502061917 64174.0231777585 9.0786975960985e-07 
1 -435.697747809025 -184.469482802407 -157482.884795562 70171.8019405559 163223.102027904 69106.8093968886 1.09412331323176e-06 
1 -446.98244748761 -192.641821341561 -151614.288736946 65039.3468614236 161210.58453556 69479.0160084055 1.15783100141176e-06 
1 -431.112040573817 -189.111971120896 -145745.691542028 60101.7829905609 149468.208212632 65565.8502077012 1.08309871128038e-06 
1 -389.158627131671 -174.139927528818 -139877.05755982 55359.0822220182 129489.96133972 57943.9100441137 8.8829919146746e-07 
1 -323.639588590655 -148.625661141429 -134008.354240447 50811.2235373407 103170.720789319 47379.2982327165 6.19788193793966e-07 
1 -238.715791698526 -114.20224748512 -128139.553105728 46458.1931945131 72765.7994898394 34811.3452514528 3.42167747847199e-07 
1 -139.474935041223 -72.9366619441934 -122270.632613566 42299.9860338809 40567.7832957276 21214.411716279 1.2101709985741e-07 
1 -31.9827729623591 -27.3644397614847 -116401.57839467 38336.6044824551 8856.00667287458 7577.19355392965 8.63918348469041e-09 
1 77.5501222572813 19.8772191830363 -110532.384625573 34568.0582217216 -20390.8334331494 -5226.46584786578 3.13479224706547e-08 
1 182.722626254159 66.0131202731213 -104663.05343681 30994.3624180548 -45493.4297983069 -16435.639715112 1.84540286764644e-07 
1 277.743439852779 108.499379044009 -98793.5948655805 27615.536375362 -65273.296919254 -25498.7559297467 4.34648127401764e-07 
1 357.291434099271 144.941798292656 -92924.0255774191 24431.601549778 -78979.3528090263 -32039.4174939828 7.26689878901347e-07 
1 417.201881889683 173.428706533136 -87054.3680139845 21442.5800289587 -86397.2215869017 -35914.8868648564 9.97784328336625e-07 
1 454.20693552737 192.392126639485 -81184.6489490276 18648.4929092923 -87718.3853874701 -37155.590084688 1.18926664954347e-06 
1 466.492186969701 200.89336895622 -75314.8979496703 16049.3589205363 -83577.2769071043 -35992.2871058623 1.26085351364273e-06 
1 453.33569716685 198.435006473541 -69445.146263792 13645.1935245907 -74890.1612649263 -32781.0709112118 1.19687142086063e-06 
1 415.544768886982 185.200686793109 -63575.4247841817 11436.0079039117 -62844.9001849467 -28008.8201010707 1.01154236086325e-06 
1 355.016193728708 161.828180722241 -57705.763385706 9421.8088040643 -48733.8031492742 -22214.4872336429 7.43926749899341e-07 
1 275.055226372728 129.60279775319 -51836.1885343713 7602.59800151512 -33916.8814074395 -15981.2368571781 4.51789049866906e-07 
1 179.863189809091 90.1943379287155 -45966.7229559079 5978.37278366527 -19667.4830749773 -9862.47167391297 1.9781971781514e-07 
1 74.7238420563178 45.7966598212046 -40097.3832685062 4549.12603299621 -7127.51559422125 -4368.30331600011 3.75145384114544e-08 
1 -34.5870598540957 -1.1744139663866 -34228.1800775066 3314.84725980506 2816.1799636362 95.6242333145528 5.85988441917256e-09 
1 -141.762887943504 -48.0036182802024 -28359.115750173 2275.52324371905 9563.5291902379 3238.39342806497 1.09520383166662e-07 
1 -240.6230363909 -92.0137052972178 -22490.1854336149 1431.13953130886 12873.3978031521 4922.75822547923 3.24416224568999e-07 
1 -325.200180316571 -130.544049195335 -16621.3752793406 781.681468036367 12858.2150078018 5161.63137089483 6.00223514830913e-07 
1 -390.396487987916 -161.295473762301 -10752.6648341926 327.135837415265 9985.84823967092 4125.73415052344 8.72092613387077e-07 
1 -432.107811920749 -182.330207145085 -4884.02609344341 67.4919314399962 5020.33899994413 2118.35894780408 1.07506840036709e-06 
1 -447.745605194392 -192.365171681618 984.572806275038 2.74278381792103 -1048.6779075915 -450.544021855842 1.16065459334944e-06 
