50000.566159049 5.67192433302863e-09 1e-08
50014.5275554433 -7.40248789347488e-09 1e-08
50028.4886401445 2.98422237659297e-09 1e-08
50042.4494516708 -9.61518941633129e-10 1e-08
50056.410043576 -1.07742401239313e-08 1e-08
50070.3704860825 -1.03874506350346e-08 1e-08
50084.3308692351 -4.81185501799792e-09 1e-08
50098.2912553722 -1.81956705149533e-08 1e-08
50112.2517386496 1.71123757642258e-08 1e-08
50126.2123969481 -5.14366701501685e-09 1e-08
50140.1732949153 5.6999971926932e-09 1e-08
50154.1344827824 9.49631159964042e-09 1e-08
50168.0959912402 6.7361441403884e-09 1e-08
50182.0578323396 2.27188683791646e-09 1e-08
50196.0199980278 -1.94148476916733e-09 1e-08
50209.9824626824 1.33879250459534e-08 1e-08
50223.9451844627 1.68003174313845e-08 1e-08
50237.9081085761 1.67371898198677e-09 1e-08
50251.8711703751 1.31910256191509e-08 1e-08
50265.8342985673 9.4219698527355e-09 1e-08
50279.7974192135 2.69754644019488e-09 1e-08
50293.7604582621 -2.13576453441218e-09 1e-08
50307.7233463916 4.71121655802598e-09 1e-08
50321.6860205312 -2.7061073365003e-09 1e-08
50335.6484294925 1.29358484947965e-09 1e-08
50349.6105341377 -8.09160048645157e-09 1e-08
50363.5723130678 4.79932130021293e-10 1e-08
50377.5337612148 1.50501711059154e-08 1e-08
50391.4948946277 2.07600066773632e-08 1e-08
50405.4557465315 -6.53530911624498e-09 1e-08
50419.4163699166 -1.56304987658946e-09 1e-08
50433.3768309511 4.90510691412037e-09 1e-08
50447.3372088674 -6.70848998570157e-09 1e-08
50461.2975864459 -9.04331645016191e-09 1e-08
50475.2580491699 -5.13810908441492e-09 1e-08
50489.218674132 -2.2734383695137e-09 1e-08
50503.1795302031 -1.49129513766235e-08 1e-08
50517.1406683467 -1.30850294235591e-08 1e-08
50531.1021243215 3.72020567095162e-09 1e-08
50545.0639114739 -1.08811152353151e-08 1e-08
50559.0260265938 -9.94214357107418e-09 1e-08
50572.9884452415 9.92059056947632e-09 1e-08
50586.9511294056 -7.35197090641139e-09 1e-08
50600.9140248002 1.16613392647421e-10 1e-08
50614.8770695372 -4.70745796484431e-09 1e-08
50628.8401918738 -1.34351082498175e-08 1e-08
50642.8033307664 -2.84371036993811e-09 1e-08
50656.7663877235 -1.80720941392432e-09 1e-08
50670.7293049677 -1.17963683422102e-08 1e-08
50684.6920174576 -3.39526325862016e-10 1e-08
50698.6544724838 2.8258744556855e-09 1e-08
50712.6166282059 -1.12817464494689e-08 1e-08
50726.5784606908 2.32434104331378e-08 1e-08
50740.5399618293 6.70173453182098e-09 1e-08
50754.5011444045 -1.30133152665231e-09 1e-08
50768.4620388256 -1.07773987262781e-09 1e-08
50782.4226950985 -5.65853671358117e-09 1e-08
50796.3831775892 1.56585264731093e-09 1e-08
50810.3435634466 1.4876176017326e-08 1e-08
50824.3039357889 1.22950659656193e-08 1e-08
50838.264379311 -1.64849253153438e-08 1e-08
50852.2249735833 1.3825125319418e-08 1e-08
50866.1857883779 3.57141597464621e-09 1e-08
50880.1468787126 -1.87180805907037e-08 1e-08
50894.1082818666 2.75228045916395e-08 1e-08
50908.0700160292 9.68680347587629e-09 1e-08
50922.032079342 -4.36676035902864e-09 1e-08
50935.9944519828 2.88341576062104e-08 1e-08
50949.9570965034 3.08504394572878e-09 1e-08
50963.9199626724 -1.35399301129534e-08 1e-08
50977.8829878697 -1.48571242647811e-08 1e-08
50991.846103337 -1.41458153502285e-08 1e-08
51005.8092347409 -5.72109791178818e-10 1e-08
51019.7723087054 2.5385967051458e-09 1e-08
51033.7352527556 -2.68784050726081e-09 1e-08
51047.6980028635 1.94003944006566e-09 1e-08
51061.6605022092 -3.80636519069303e-09 1e-08
51075.6227090082 -8.05861483946983e-10 1e-08
51089.5845943156 -1.43934441690855e-08 1e-08
51103.5461492904 -5.4337224402022e-11 1e-08
51117.5073814221 4.85752819610122e-09 1e-08
51131.4683202188 -1.78518222351021e-08 1e-08
51145.429010731 6.95010676814711e-09 1e-08
51159.3895170994 4.90871779897004e-09 1e-08
51173.3499129814 -6.55807185113063e-09 1e-08
51187.3102940532 -4.64916072308304e-10 1e-08
51201.270720457 1.63658784228049e-08 1e-08
51215.2312861232 3.67386598204755e-09 1e-08
51229.192061218 1.65990991030952e-08 1e-08
51243.153104701 -8.85809929787309e-09 1e-08
51257.1144557101 -6.40057355018779e-09 1e-08
51271.076136714 -1.40979888263863e-08 1e-08
51285.0381479381 -5.40786342318417e-09 1e-08
51299.0004733331 -3.18521078180586e-08 1e-08
51312.9630773654 5.91980095770872e-09 1e-08
51326.9259122253 1.94823473264113e-09 1e-08
51340.8889165313 -8.73406271134877e-10 1e-08
51354.8520228205 -1.13749745401708e-08 1e-08
51368.8151569846 -1.33437564032041e-08 1e-08
51382.7782455352 8.49275111767187e-09 1e-08
51396.7412154904 5.0534363996116e-09 1e-08
51410.7040011891 -2.03640232769391e-10 1e-08
51424.6665446851 1.3369375010059e-08 1e-08
51438.6288011532 1.51449214323873e-08 1e-08
51452.5907399591 -1.23133089894383e-08 1e-08
51466.5523482633 1.19915923345039e-08 1e-08
51480.5136315845 5.61646892992075e-09 1e-08
51494.4746149821 -5.48703738363791e-09 1e-08
51508.4353422677 -7.0441075721454e-09 1e-08
51522.3958735274 -1.30174315351234e-08 1e-08
51536.356282306 -1.66797794222097e-09 1e-08
51550.3166503141 -6.89471606169838e-09 1e-08
51564.2770626405 -2.94584176985272e-09 1e-08
51578.2376007142 2.23701701853486e-09 1e-08
51592.1983385306 1.11914627328158e-08 1e-08
51606.1593355563 1.37613958937596e-09 1e-08
51620.1206358281 -1.14829470773422e-08 1e-08
51634.0822629413 -6.07677984158503e-09 1e-08
51648.0442224709 6.38014544689814e-10 1e-08
51662.006498987 -8.04817159407129e-10 1e-08
51675.9690618554 1.09586327523313e-10 1e-08
51689.9318631535 5.249592408945e-09 1e-08
51703.8948453857 6.79639635621324e-09 1e-08
51717.8579399627 -1.5935150396566e-08 1e-08
51731.8210754793 4.03068866677521e-09 1e-08
51745.7841761944 -8.69467135759379e-09 1e-08
51759.7471707593 3.7196569580578e-09 1e-08
51773.7099902468 4.02992754889023e-09 1e-08
51787.6725769359 -1.34464011151807e-08 1e-08
51801.6348821158 6.96580703707679e-09 1e-08
51815.5968741947 -4.63118687260305e-09 1e-08
51829.5585358284 1.82689045313145e-10 1e-08
51843.5198710149 1.43446245986446e-09 1e-08
51857.4809002523 -1.81443118362365e-09 1e-08
51871.4416657191 3.55635292069e-09 1e-08
51885.4022238974 1.65468120744387e-08 1e-08
51899.3626476 -1.61941074816181e-08 1e-08
51913.3230163973 9.38883467411503e-09 1e-08
51927.2834163921 -2.28966965092128e-09 1e-08
51941.2439289569 4.8995312831025e-09 1e-08
51955.2046305085 1.78508999901671e-09 1e-08
51969.1655824283 7.82822440242159e-09 1e-08
51983.1268320192 -1.95318572130736e-08 1e-08
51997.0884057485 1.37440397140438e-08 1e-08
52011.0503123447 -1.93242215621131e-09 1e-08
52025.0125397004 -2.67231724249043e-09 1e-08
52038.9750593212 1.39449040340145e-08 1e-08
52052.9378261566 3.81538080740584e-09 1e-08
52066.9007837246 -4.87763861380081e-09 1e-08
52080.8638653504 -2.69177884980518e-09 1e-08
52094.8269994038 -1.28557116849813e-08 1e-08
52108.7901111572 1.1599306866461e-08 1e-08
52122.7531275726 7.73580168064444e-09 1e-08
52136.7159799478 2.8981541041346e-09 1e-08
52150.6786076338 -8.62379004200314e-09 1e-08
52164.6409612439 2.56711207520861e-09 1e-08
52178.6030051318 -9.60122471005939e-09 1e-08
52192.564720827 7.4336201798919e-09 1e-08
52206.526107372 -3.3434727635064e-09 1e-08
52220.4871841386 4.34150797050147e-09 1e-08
52234.4479883497 -1.93154598562278e-09 1e-08
52248.4085759243 -7.34688111493493e-10 1e-08
52262.3690156771 2.04326728855745e-08 1e-08
52276.3293882483 1.57029535951963e-08 1e-08
52290.2897771503 1.81244678466725e-08 1e-08
52304.2502667966 9.30368682328501e-09 1e-08
52318.2109329282 1.18357805513163e-11 1e-08
52332.1718414315 6.68131710204603e-09 1e-08
52346.1330402289 2.04927755697606e-09 1e-08
52360.0945611937 -7.50869038905332e-09 1e-08
52374.0564140118 -1.34637023498553e-09 1e-08
52388.0185916439 1.42426161797448e-08 1e-08
52401.9810664404 2.50325339963809e-09 1e-08
52415.9437974053 6.72866571465808e-09 1e-08
52429.9067281128 3.17028029863845e-09 1e-08
52443.8697949856 -8.95881466451332e-09 1e-08
52457.8329251542 -3.49351918934282e-09 1e-08
52471.7960459187 7.23224254785923e-09 1e-08
52485.7590821571 9.42152291723328e-09 1e-08
52499.7219656745 2.13198929587409e-08 1e-08
52513.6846329495 -4.8945956122615e-09 1e-08
52527.6470337509 1.57480498298813e-08 1e-08
52541.6091289973 -5.04339415877487e-09 1e-08
52555.5708983034 -2.00853403689886e-08 1e-08
52569.5323368827 -1.90766644668164e-08 1e-08
52583.493461629 1.55740954891244e-09 1e-08
52597.4543062739 -7.37676476402498e-09 1e-08
52611.4149244274 -6.15571484642371e-09 1e-08
52625.3753827081 6.65566919936383e-09 1e-08
52639.3357604047 1.51432664434979e-08 1e-08
52653.2961408044 -2.18253345840253e-09 1e-08
52667.2566087147 4.36579386305374e-10 1e-08
52681.2172415662 -2.26117207346406e-08 1e-08
52695.1781071035 -1.13507957720108e-08 1e-08
52709.1392565715 -1.15494032889505e-08 1e-08
52723.1007241524 -3.697538608453e-09 1e-08
52737.0625236992 3.15076116497192e-09 1e-08
52751.0246501436 1.45982617868132e-08 1e-08
52764.987079609 1.68310684008551e-09 1e-08
52778.9497724508 -1.05077913378369e-08 1e-08
52792.9126752843 -8.38355114679672e-09 1e-08
52806.8757244193 -2.06992341225752e-09 1e-08
52820.8388495207 1.06055125889816e-08 1e-08
52834.8019762552 -4.65851852735056e-09 1e-08
52848.7650311343 6.86794807505723e-09 1e-08
52862.7279430906 -9.01216593067755e-09 1e-08
52876.6906491663 1.13169830198296e-08 1e-08
52890.6530953006 1.38550014089554e-08 1e-08
52904.6152419619 -8.83821509312802e-09 1e-08
52918.5770639217 3.47382251886559e-09 1e-08
52932.5385555488 -3.29025203790965e-09 1e-08
52946.4997283874 -2.30245820143052e-09 1e-08
52960.4606153807 -2.85307553094101e-08 1e-08
52974.4212651832 1.68729665760161e-08 1e-08
52988.3817444132 -1.57420366462206e-08 1e-08
53002.3421288683 3.71707048478006e-09 1e-08
