216 8
0.132894 0.0848412
1 -71.3491867361494 -17.2411514263587 -1260887.49170033 4498301.683121 214007.165220738 51713.6930451806 2.63505554269009e-08 
1 -176.742491405838 -63.5358601259546 -1255018.46740652 4456522.85860373 527659.837874432 189684.559647247 1.72447704144559e-07 
1 -271.994386499731 -106.202938660027 -1249149.57414074 4414939.88087517 808234.409300882 315583.238678307 4.16763219706105e-07 
1 -351.440624444558 -142.708308396517 -1243280.7957109 4373552.62296117 1039403.41153116 422067.035749252 7.03244992155009e-07 
1 -410.138232231642 -170.799616311598 -1237412.10960432 4332360.91578014 1207278.78114256 502764.035135894 9.6475200008638e-07 
1 -444.492163290222 -188.75684177419 -1231543.48630123 4291364.54440817 1302197.36028006 552987.614615518 1.13977123589394e-06 
1 -452.24004741149 -195.424868637728 -1225674.88794908 4250563.24004778 1318582.34593335 569794.256870816 1.18620989039284e-06 
1 -432.950363038213 -190.408875816129 -1219806.28834227 4209956.81932462 1256295.85441775 552511.100010404 1.09326178766697e-06 
1 -387.725877539987 -173.994869605168 -1213937.64790014 4169545.01046622 1119654.72874667 502453.38218622 8.82607775585453e-07 
1 -319.479936646071 -147.244929298709 -1208068.93388345 4129327.59372739 918117.481357284 423150.652430884 6.04714594344377e-07 
1 -232.333942659025 -111.790058816472 -1202200.11911601 4089304.39155782 664434.813713899 319700.195566337 3.24810944643045e-07 
1 -131.707606657533 -69.8357079817152 -1196331.18248183 4049475.27104396 374822.136141927 198743.033215638 1.08560504285875e-07 
1 -23.5178986342709 -23.8683258881204 -1190462.11107931 4009840.15741489 66600.4314199982 67592.8077649534 5.47077167961635e-09 
1 85.7849919493377 23.3735308535114 -1184592.89984252 3970399.03013933 -241737.146166448 -65865.2581992215 3.86641248752323e-08 
1 190.057037992645 69.2125646830013 -1178723.55215665 3931151.92573 -532916.133765447 -194070.647256343 2.00020215046297e-07 
1 283.352970723633 111.038987541033 -1172854.07879274 3892098.9292699 -790559.757569978 -309800.722565474 4.52757244731073e-07 
1 360.68823058794 146.594381453221 -1166984.49733955 3853240.16943389 -1001290.29943128 -406954.038563925 7.40963451203992e-07 
1 417.804832570557 173.926768296696 -1161114.83083058 3814575.80833487 -1154015.34024086 -480401.71641387 1.00108811650124e-06 
1 451.814295591746 191.626660132 -1155245.10644199 3776106.03210784 -1241643.89135236 -526614.749233489 1.17723161151967e-06 
1 460.842967149553 198.72969954024 -1149375.35414336 3737831.04144561 -1260021.03452681 -543359.928338958 1.23102004346658e-06 
1 444.558505794153 194.905577895566 -1143505.60501684 3699751.04025872 -1209289.19477184 -530182.656001201 1.15156570185151e-06 
1 403.720009648191 180.317146491241 -1137635.89019195 3661866.22863286 -1092563.05390074 -487981.39188794 9.55469456131042e-07 
1 340.59549543726 155.765400066572 -1131766.23880972 3624176.78978248 -916977.300689927 -419363.550039207 6.85490099269191e-07 
1 258.431934794683 122.510721300532 -1125896.67738348 3586682.88630888 -692161.863701757 -328122.177494017 3.99710179449965e-07 
1 161.755315512882 82.3699585379636 -1120027.22743167 3549384.64563295 -430973.028924686 -219462.528393263 1.60992007038732e-07 
1 55.7580919069021 37.4977598710051 -1114157.90540677 3512282.16037701 -147780.659426637 -99383.6677555473 2.20470446810263e-08 
1 -53.5371744034002 -9.57296412011336 -1108288.72030438 3475375.47421128 141146.888877241 25238.4276522752 1.44683970414951e-08 
1 -159.972621584389 -56.1917419977886 -1102419.67425503 3438664.58678419 419522.799235027 147360.946287731 1.40548326621273e-07 
1 -257.228835460388 -99.6079292879138 -1096550.76051203 3402149.44237658 670982.730547384 259827.792083083 3.71935609465958e-07 
1 -339.561396211131 -137.259770679677 -1090681.96510853 3365829.94160329 881007.069239339 356126.549249365 6.55671405115338e-07 
1 -401.856591637646 -166.826261794109 -1084813.26576856 3329705.93592718 1037024.54202121 430509.120253882 9.25332369652297e-07 
1 -440.299798089993 -186.500901684491 -1078944.63467678 3293777.24594937 1130083.66310534 478677.535311929 1.11750933958123e-06 
1 -452.391658238542 -195.024596922199 -1073076.03852581 3258043.66261641 1154803.3530043 497832.031918927 1.18612178802374e-06 
1 -437.395098939703 -191.878837736899 -1067207.44251685 3222504.97229269 1110415.99335495 487123.268472621 1.11491955312334e-06 
1 -396.183524195494 -177.240732977936 -1061338.81071485 3187160.95914077 1000261.16376409 447487.113945276 9.20585910946105e-07 
1 -331.363327572654 -152.047458734639 -1055470.11071198 3152011.43316385 831980.854946915 381757.920036625 6.49539527097068e-07 
1 -246.917703980055 -117.852850733923 -1049601.31355659 3117056.22919839 616509.177652652 294257.410136376 3.65771808835236e-07 
1 -148.033225004213 -76.7694119040717 -1043732.39782496 3082295.23038895 367545.674096444 190607.650731561 1.35843481977589e-07 
1 -40.6315509927285 -31.2628968290681 -1037863.34848495 3047728.36026478 100315.149931468 77184.8995688408 1.28218950242402e-08 
1 68.9638769654563 15.9737096023168 -1031994.15992616 3013355.59937397 -169301.910367174 -39214.4361703637 2.45122638978056e-08 
1 174.458129229999 62.2229920748498 -1026124.83349793 2979176.96942314 -425847.752899557 -151884.704202167 1.67735168118925e-07 
1 269.93777996328 104.877066832359 -1020255.37947417 2945192.54346558 -655142.11103673 -254537.853031312 4.099755510127e-07 
1 350.152146644534 141.587759082482 -1014385.81383393 2911402.42593847 -844934.241996798 -341658.182143975 6.97308374832505e-07 
1 410.814612417644 170.375426880766 -1008516.15939761 2877806.75820018 -985579.57505831 -408745.297148325 9.66806848423769e-07 
1 448.69702671308 189.70795609522 -1002646.44218145 2844405.69670966 -1070197.56724383 -452476.796173934 1.15994194743227e-06 
1 461.873364765538 198.579302549606 -996776.692344379 2811199.41783662 -1095175.55897607 -470863.260931365 1.23538180751745e-06 
1 449.636303702357 196.519735961725 -990906.93554754 2778188.068723 -1059881.19745371 -463235.667047646 1.17685177729907e-06 
1 412.700599454626 183.650296709835 -985037.213194371 2745371.88085125 -967053.916448751 -430335.548155043 9.97237899994366e-07 
1 352.958649398281 160.630467180517 -979167.549572997 2712750.98536802 -822136.238601579 -374151.839932919 7.34922858021597e-07 
1 273.649725903423 128.691404190225 -973297.97202531 2680325.52701237 -633583.394804745 -297960.235406223 4.46871833902229e-07 
1 178.958439052605 89.5210326990595 -967428.5027089 2648095.61850931 -411845.203324985 -206018.828220608 1.95643307945785e-07 
1 74.1361043644448 45.2711628610606 -961559.159212532 2616061.34477997 -169577.69237282 -103552.505150171 3.68538903644052e-08 
1 -35.0630204884258 -1.6251587058146 -955689.951597078 2584222.74769752 79713.0260116272 3694.67080659478 6.02817164617437e-09 
1 -142.324592154409 -48.4788765579019 -949820.883271398 2552579.83204518 321576.728421832 109536.08427799 1.10523895613095e-07 
1 -241.487126222529 -92.5939321846942 -943951.948861803 2521132.55524028 542259.065573726 207919.568755815 3.2697489390601e-07 
1 -326.530810455421 -131.316962003205 -938083.135585069 2489880.83608122 728665.899024319 293038.785656249 6.05449932003213e-07 
1 -392.371300286046 -162.327514401525 -932214.422419897 2458824.55160708 870113.690609023 359973.811897891 8.81278669425361e-07 
1 -434.8085802248 -183.675492411733 -926345.782308463 2427963.55000597 958151.501911932 404750.404943084 1.08891629515339e-06 
1 -451.266890002208 -194.056627389812 -920477.182819257 2397297.65506989 988119.450296775 424917.343219948 1.17931913194764e-06 
1 -440.567391435099 -192.777760102728 -914608.58901147 2366826.68191188 958540.739565103 419425.813922941 1.1302267386968e-06 
1 -403.469165507274 -179.953176640667 -908739.965281455 2336550.44687786 872193.666926744 389011.192000271 9.53798335573399e-07 
1 -342.166656520073 -156.350856677252 -902871.278179781 2306468.78204954 734896.999746299 335806.465330253 6.91588916749676e-07 
1 -260.575599302558 -123.480727371453 -897002.49837605 2276581.54486023 556019.916993745 263484.93092664 4.06283369043829e-07 
1 -163.579448023668 -83.3266644186706 -891133.602742099 2246888.62791604 346764.403471448 176640.289654389 1.64645729591763e-07 
1 -57.1357003938848 -38.3556541208213 -885264.575606641 2217389.96425135 120321.598269231 80772.8543566254 2.31148432365886e-08 
1 52.5900824589969 8.80962299673871 -879395.409323417 2188085.52891795 -110014.77035547 -18429.1144943561 1.39104817258033e-08 
1 159.156905776535 55.3998242795728 -873526.104673622 2158975.33964177 -330722.944554821 -115119.05766304 1.38858584952031e-07 
1 256.67335013914 98.8215125926214 -867656.669990025 2130059.45112281 -529775.218715337 -203968.150254619 3.69804534764906e-07 
1 339.66356402812 136.635148052 -861787.121014928 2101337.9530884 -696324.879012213 -280107.91563221 6.55212720231898e-07 
1 403.761091224612 166.833583503068 -855917.478864323 2072810.95920197 -822089.897692037 -339686.528926422 9.32891541661416e-07 
1 445.476883782485 187.771393292057 -850047.769862179 2044478.60537339 -900806.385207356 -379695.728767278 1.14230203495044e-06 
1 462.740156931363 198.388734897854 -844178.022912786 2016341.03634149 -929253.449284186 -398395.111039176 1.23893574653366e-06 
1 454.5856017442 198.096989407203 -838308.269264022 1988398.40412242 -906530.409018055 -395043.186901483 1.20177273867584e-06 
1 421.549928548597 186.950490699721 -832438.539761332 1960650.85468494 -834764.841775186 -370204.538584698 1.03930209567918e-06 
1 365.30205041897 165.498231664425 -826568.864871397 1933098.52812795 -718280.5438349 -325413.338653037 7.86015051009733e-07 
1 288.899788338208 134.904155172559 -820699.271510005 1905741.5440115 -564019.633744983 -263373.651565394 4.96804123935295e-07 
1 196.369464414597 96.7680917834554 -814829.783562844 1878580.00434801 -380630.689034846 -187569.41442972 2.34177066018139e-07 
1 92.8114636487596 53.1882922207107 -808960.41859501 1851613.97904251 -178604.272989386 -102354.341696173 5.58968258796939e-08 
1 -16.0789236808104 6.54793457685728 -803091.188774239 1824843.51113805 30717.4235066431 -12509.2750910414 1.47412861038573e-09 
1 -124.070282357485 -40.487626564126 -797222.097817133 1798268.60393562 235293.564735479 76782.9153036287 8.32775166665249e-08 
1 -224.927980199447 -85.2182754148018 -791353.142575233 1771889.22950013 423425.262437094 160422.774436302 2.82814531161099e-07 
1 -312.618075222923 -124.970951659229 -785484.310644076 1745705.31917295 584136.777226249 233512.182227673 5.54040373721177e-07 
1 -381.836019675684 -157.35873972081 -779615.583085556 1719716.77711905 708142.004748459 291832.953594142 8.33653642410428e-07 
1 -428.271243553766 -180.366842497781 -773746.932936539 1693923.47488182 788280.540409944 331985.1010691 1.05545833828015e-06 
1 -449.004822657101 -192.570261824252 -767878.329233219 1668325.27020246 820174.698378346 351758.485518457 1.16656330788455e-06 
1 -442.697307707305 -193.184320691389 -762009.731755787 1642921.98502278 802472.852531403 350183.22946761 1.14019393962566e-06 
1 -409.710618794519 -182.176244917585 -756141.115221868 1617713.51054261 736958.486165375 327685.745770453 9.82542524327034e-07 
1 -352.109276600204 -160.230245216823 -750272.440145507 1592699.68101668 628433.620741828 285973.92867979 7.31330099551273e-07 
1 -273.44531602429 -128.720177795576 -744403.677030598 1567880.37802676 484219.136438579 227938.712721843 4.4632951173043e-07 
1 -178.579018817008 -89.5886120517875 -738534.801091894 1543255.50676082 313735.994774197 157393.474937327 1.95016635890336e-07 
1 -73.2027482598477 -45.2060404991915 -732665.795876912 1518825.01024741 127584.011744384 78788.9545006262 3.61413419036556e-08 
1 36.399471778485 1.78561831523694 -726796.65194027 1494588.86251989 -62931.9153688278 -3087.19811593369 6.4983879386048e-09 
1 143.935533719227 48.6651888675238 -720927.369187277 1470547.0770138 -246843.949484644 -83458.942431191 1.12879734551943e-07 
1 243.2664209504 92.7618349689118 -715057.954364636 1446699.69486051 -413796.066890581 -157787.837374872 3.31368517387127e-07 
1 328.969927112312 131.643929242208 -709188.422409778 1423046.78916614 -554984.41347487 -222088.169272297 6.13722200364258e-07 
1 396.342054191022 163.183744167432 -703318.793420773 1399588.4515916 -663109.620762403 -273018.49391259 8.97995364062302e-07 
1 441.888427984282 185.718622237956 -697449.093200791 1376324.7936443 -733141.988525272 -308127.824561525 1.12299692091427e-06 
1 463.15392446461 198.042737543491 -691579.350109652 1353255.93340897 -761956.741955719 -325809.609064772 1.24014391123328e-06 
1 459.14332026669 199.539765631268 -685709.595300543 1330381.99604155 -748947.62479078 -325486.241276565 1.22493660076977e-06 
1 429.999133570883 190.108353053287 -679839.859666255 1307703.10155711 -695403.95321185 -307447.364263251 1.08029096144549e-06 
1 377.364516140903 170.271817730627 -673970.173886522 1285219.36505363 -605012.975465126 -272989.787531049 8.37634735200606e-07 
1 303.926172395174 141.042814179393 -668100.565563638 1262930.8859182 -483028.649721568 -224158.780236342 5.48620193947546e-07 
1 213.716923430437 104.010008475828 -662231.059056745 1240837.74771719 -336675.419446939 -163850.446039557 2.76049454812091e-07 
1 111.525285507876 61.1401052186888 -656361.673209261 1218940.01029414 -174132.368735163 -95462.3993829232 7.90243288724756e-08 
1 3.11808882164536 14.8344863687521 -650492.4208991 1197237.70903024 -4824.9595162442 -22955.0215749583 1.1184556703036e-09 
1 -105.48536595627 -32.3356579550108 -644623.307523623 1175730.85030848 161756.286718234 49585.038758474 5.95200240793174e-08 
1 -207.882380672501 -77.6073892870859 -638754.330762911 1154419.41190028 315874.443665629 117923.370110043 2.40697686055114e-07 
1 -298.118300037411 -118.349254338496 -632885.480082642 1133303.34246664 448824.668444704 178177.806704545 5.02884665208398e-07 
1 -370.610493168863 -152.058935560166 -627016.737065505 1112382.56409804 552789.513395415 226805.734173938 7.84359425721703e-07 
1 -420.990907147922 -176.707207105333 -621148.076452797 1091656.97728447 622057.901609226 261103.298396294 1.01885814192754e-06 
1 -445.977720196529 -190.709861823039 -615279.467328058 1071126.46617249 652752.488397121 279131.291159574 1.14984366455861e-06 
1 -444.078904031533 -193.227536576296 -609410.875342291 1050790.90717832 643773.793121292 280118.742475487 1.1462697055844e-06 
1 -415.276531175751 -184.052688444362 -603542.264726146 1030650.17643004 596222.041156098 264248.666482245 1.00834804049521e-06 
1 -361.465366808364 -163.806733948751 -597673.601248991 1010704.16001141 513917.867172169 232894.255078141 7.69626025061013e-07 
1 -285.886336489295 -133.710840724852 -591804.853804982 990952.759018008 402471.25950103 188238.343728917 4.86739486204724e-07 
1 -193.290677706557 -95.670418317022 -585935.997395816 971395.898928475 269416.406645287 133349.319434608 2.27257631642026e-07 
1 -89.1920699503375 -51.9549013393475 -580067.013509493 952033.529833717 123074.296772247 71691.4962257524 5.20308406259018e-08 
1 20.1328157939666 -5.2139000062452 -574197.892227177 932865.632205768 -27499.7701899143 7121.75849778074 2.11460904860126e-09 
1 128.419752636014 41.8705031760378 -568328.631205278 913892.21219719 -173617.82652512 -56607.0686768958 8.9213971092766e-08 
1 229.440435350861 86.5752042468455 -562459.236930099 895113.304376497 -306989.811369043 -115837.060631151 2.93999592358391e-07 
1 317.670072495215 126.452584572014 -556589.722279553 876528.96258206 -420605.004106309 -167427.134181695 5.7146035311563e-07 
1 388.252572779938 159.291380361341 -550720.107399052 858139.261590201 -508637.324647665 -208682.561885686 8.60842120816777e-07 
1 437.497818150211 183.372718677826 -544850.416458358 839944.285908825 -567043.17723698 -237670.325893961 1.09989866233933e-06 
1 462.776251371947 197.393102330523 -538980.678290742 821944.13105839 -593344.896270384 -253085.998859217 1.23718487956906e-06 
1 462.841379261483 200.655097679525 -533110.922913104 804138.892299291 -586965.682575523 -254466.565974824 1.24378778349299e-06 
1 437.674436315986 192.96134498611 -527241.18216514 786528.666342201 -548938.203702713 -242015.172264394 1.1181857056779e-06 
1 388.645290740746 174.74269671494 -521371.48604008 769113.540219759 -482018.421412278 -216725.123989851 8.87409348613224e-07 
1 318.323048651487 146.931604339158 -515501.863513229 751893.594010243 -390356.374435498 -180180.758518118 6.00692030081106e-07 
1 230.478276938757 111.026251680469 -509632.338849039 734868.890356612 -279415.135553416 -134600.169592248 3.19808986017975e-07 
1 129.855785270555 68.9433579998016 -503762.932524339 718039.477880839 -155614.643423697 -82619.3153367667 1.05605790115752e-07 
1 22.007644061159 23.0110260107812 -497893.657819479 701405.38220863 -26065.9224176462 -27254.3311351553 4.94492603810084e-09 
1 -86.9839485524786 -24.2037638544076 -492024.522025631 684966.610526099 101809.620103192 28329.0888042169 3.98639716106327e-08 
1 -190.845231993234 -69.9775685740364 -486155.523462036 668723.144368675 220708.718511724 80927.6675305639 2.01989844366122e-07 
1 -283.424543298738 -111.623715926718 -480286.653511855 652674.946644116 323817.954056069 127532.227431084 4.53561513303189e-07 
1 -359.158771475014 -146.634107581931 -474417.894444286 636821.956937402 405331.624878205 165485.144201426 7.35597809818765e-07 
1 -413.347045742587 -172.861934977562 -468549.222515673 621164.101246441 460715.697943271 192671.528298784 9.81123738673732e-07 
1 -442.631865918381 -188.676044156669 -462680.607117299 605701.290749083 487177.164992296 207663.901701909 1.1315481123018e-06 
1 -445.095260885636 -193.073432201772 -456812.01479973 590433.433345954 483674.775515069 209808.454918846 1.1504023576048e-06 
1 -420.609057231409 -185.783123144277 -450943.409367507 575360.434373705 451194.310907817 199292.637151335 1.03326640313465e-06 
1 -370.629737111926 -167.250425500317 -445074.756613669 560482.20898534 392406.48427637 177077.403383007 8.07991453033665e-07 
1 -298.336580047713 -138.652766133456 -439206.024414452 545798.682055438 311700.677383781 144863.768023423 5.28867359428094e-07 
1 -208.113766438523 -101.743104986646 -433337.186966682 531309.79822521 214530.833215311 104880.294370847 2.62193838646149e-07 
1 -105.525380751816 -58.7963526776974 -427468.224385345 517015.519879619 107305.928227475 59788.4334130845 7.1272182646076e-08 
1 3.39879384285713 -12.3556238603247 -421599.125544302 502915.832942021 -3408.68975147195 12391.5984237298 7.96554685669559e-10 
1 112.214879491796 34.8321235538016 -415729.886774296 489010.742356781 -110974.870023691 -34447.2177089038 6.7510784338668e-08 
1 214.817826241338 80.1013839572602 -409860.513164942 475300.273870753 -209444.686834127 -78097.844910974 2.56971485122882e-07 
1 305.397166236483 120.888198603303 -403991.016694593 461784.468303353 -293494.293565892 -116176.573891507 5.27358332998466e-07 
1 379.123168486815 154.999992900155 -398121.41630136 448463.380562471 -359053.212101511 -146794.630221729 8.20011277006219e-07 
1 431.956346359907 180.567295232196 -392251.735728895 435337.073706868 -403058.128253607 -168487.201666128 1.07136403150133e-06 
1 461.23332184038 196.281146987829 -386382.003005599 422405.617009267 -423936.212607944 -180409.094746975 1.2280824931639e-06 
1 465.3370025992 201.277650551098 -380512.248243064 409669.080504155 -421210.490931155 -182191.094902288 1.25633734862728e-06 
1 444.188287815249 195.3436420491 -374642.502854878 397127.532985578 -395864.994609091 -174092.185516721 1.15078639659781e-06 
1 398.801304731097 178.743688536756 -368772.79754445 384781.03759186 -349847.197295336 -156802.341735013 9.33410633396081e-07 
1 331.687781633749 152.396387391766 -362903.161192394 372629.649638717 -286340.761530969 -131561.365948992 6.51144981993649e-07 
1 246.310403131738 117.648556724326 -357033.619294139 360673.413765433 -209196.694542128 -99921.4360069786 3.64100985278712e-07 
1 147.389371391468 76.417810812789 -351164.192610587 348912.361815791 -123123.043608449 -63836.30898442 1.34669766281827e-07 
1 40.2518713791519 30.9114865678772 -345294.896126517 337346.511589241 -33062.766188656 -25390.6021737625 1.25731465462742e-08 
1 -68.9790992829355 -16.2732545585334 -339425.737606552 325975.865026619 55696.1582866216 13139.5998375233 2.45657296706299e-08 
1 -174.135173456558 -62.4864871923162 -333556.717453128 314800.409141131 138171.71392603 49581.396229138 1.67329061675799e-07 
1 -268.92982573851 -104.968620580466 -327687.827522858 303820.115046102 209634.245730548 81824.3850057686 4.0738609183473e-07 
1 -347.761068918292 -141.225368969489 -321819.052168129 293034.941270892 266229.185884049 108115.365310645 6.88611346912697e-07 
1 -405.693253339264 -168.9901968216 -315950.367882015 282444.834372034 304915.570015142 127011.582683971 9.4402188776803e-07 
1 -439.195278860362 -186.587505146076 -310081.745736554 272049.734516605 323964.045855751 137632.725083259 1.11291308951941e-06 
1 -446.051443580944 -192.862409073503 -304213.151832533 261849.57715655 322794.321048957 139568.857558132 1.15417600901806e-06 
1 -425.882177119821 -187.463059687169 -298344.551063433 251844.300208658 302252.934831407 133044.44986666 1.05815254783011e-06 
1 -379.860665654158 -170.684062313902 -292475.907943973 242033.845626307 264287.956783349 118753.390816971 8.47524692262069e-07 
1 -310.922711619876 -143.621058892709 -286607.190634458 232418.165989326 211983.705486753 97919.2677543257 5.73199563217388e-07 
1 -223.26691103055 -107.915009812495 -280738.371437904 222997.224688514 149103.930062815 72068.6822849826 3.00463085460022e-07 
1 -122.293329801929 -65.789394645209 -274869.430208899 213771.000540143 79963.5677578701 43017.5114618431 9.41949081719629e-08 
1 -13.9924183266622 -19.7375611002218 -269000.35354873 204739.485306925 8953.82458928373 12630.1726968031 2.8479813137842e-09 
1 95.2500942378229 27.5015277588516 -263131.137385705 195902.686419902 -59621.1855529396 -17214.4049055304 4.80689751731373e-08 
1 199.221868596706 73.2471326786973 -257261.784678902 187260.622086752 -121920.079719144 -44825.8834147546 2.20269267636269e-07 
1 292.081692256591 114.905453861654 -251392.307051587 178813.322447881 -174670.38211557 -68715.636978528 4.81577908787434e-07 
1 368.777783781515 150.215815589399 -245522.721737437 170560.823894675 -215386.951996724 -87734.4788228115 7.75059049611121e-07 
1 425.187740733604 177.256150529199 -239653.052456433 162503.1693255 -242396.670281127 -101052.538817313 1.0372208655329e-06 
1 458.351605984193 194.612824881602 -233783.325934982 154640.402464707 -254903.172604691 -108230.070199846 1.21194814822397e-06 
1 466.554597370491 201.362674088343 -227913.572805473 146972.568523407 -252950.541312203 -109172.211993598 1.2620555362015e-06 
1 449.383524632248 197.166439023109 -222043.82362928 139499.70855358 -237366.154609762 -104144.092704143 1.17697681640309e-06 
1 407.771751394343 182.236992231237 -216174.109985697 132221.860791935 -209692.919707418 -93713.7181499141 9.7493883692579e-07 
1 343.892915167115 157.359135579294 -210304.460542288 125139.055814305 -172042.071618278 -78723.3190307729 6.9895820638888e-07 
1 261.174684402515 123.848833179175 -204434.902001785 118251.318114741 -127013.262509512 -60229.5907663091 4.08285001019397e-07 
1 164.030200352523 83.496772167468 -198565.455480179 111558.662362184 -77480.1516909558 -39439.9480055327 1.65526396429857e-07 
1 57.8279807792122 38.5144164787301 -192696.13740628 105061.095309312 -26507.8184777111 -17654.6569158462 2.35729696787918e-08 
1 -51.5458977819423 -8.60419737311251 -186826.95634958 98758.6132174048 22908.4970473712 3823.95570935228 1.33591128104422e-08 
1 -157.773982624774 -55.1554101777798 -180957.914322255 92651.2044948367 67916.5976011967 23742.6205275053 1.36569597054799e-07 
1 -254.700372791392 -98.4422685247947 -175089.004222513 86738.848252903 106084.37059315 41001.8484926522 3.64480818555448e-07 
1 -336.446417330617 -135.857327980329 -169220.211870446 81021.517768727 135435.056466026 54688.7823396204 6.43507481413879e-07 
1 -398.086575594564 -165.147935966079 -163351.514729705 75499.1804788705 154690.50206184 64174.0231780329 9.07869759609777e-07 
1 -435.697747809002 -184.469482802735 -157482.884795562 70171.8019405558 163223.102027896 69106.8093970117 1.09412331323173e-06 
1 -446.982447487764 -192.641821341493 -151614.288736946 65039.3468614236 161210.584535615 69479.0160083808 1.15783100141177e-06 
1 -431.112040574138 -189.111971120434 -145745.691542028 60101.7829905609 149468.208212743 65565.8502075412 1.08309871128038e-06 
1 -389.15862713214 -174.139927527992 -139877.05755982 55359.0822220182 129489.961339877 57943.9100438388 8.88299191467437e-07 
1 -323.639588591244 -148.625661140288 -134008.354240447 50811.2235373407 103170.720789506 47379.2982323526 6.19788193793898e-07 
1 -238.715791699199 -114.202247483732 -128139.553105728 46458.1931945131 72765.7994900447 34811.3452510295 3.42167747847077e-07 
1 -139.474935041941 -72.93666194264 -122270.632613566 42299.9860338809 40567.7832959365 21214.4117158272 1.21017099857238e-07 
1 -31.9827729630798 -27.3644397598578 -116401.57839467 38336.6044824551 8856.00667307412 7577.19355347914 8.6391834844813e-09 
1 77.5501222566001 19.8772191846427 -110532.384625573 34568.0582217216 -20390.8334329703 -5226.46584828815 3.13479224704321e-08 
1 182.722626253557 66.0131202746149 -104663.05343681 30994.3624180548 -45493.4297981568 -16435.6397154839 1.84540286764434e-07 
1 277.743439852289 108.499379045306 -98793.5948655805 27615.536375362 -65273.2969191389 -25498.7559300514 4.34648127401589e-07 
1 357.291434098922 144.941798293682 -92924.0255774191 24431.601549778 -78979.352808949 -32039.4174942097 7.26689878901221e-07 
1 417.201881889493 173.428706533836 -87054.3680139845 21442.5800289588 -86397.2215868623 -35914.8868650012 9.97784328336553e-07 
1 454.20693552735 192.392126639818 -81184.6489490276 18648.4929092923 -87718.3853874663 -37155.5900847524 1.18926664954344e-06 
1 466.492186969852 200.893368956169 -75314.8979496704 16049.3589205363 -83577.2769071315 -35992.2871058532 1.26085351364273e-06 
1 453.335697167165 198.435006473109 -69445.146263792 13645.1935245907 -74890.1612649783 -32781.0709111404 1.19687142086063e-06 
1 415.544768887444 185.200686792318 -63575.4247841817 11436.0079039117 -62844.9001850165 -28008.8201009512 1.01154236086323e-06 
1 355.01619372929 161.828180721136 -57705.763385706 9421.80880406431 -48733.8031493541 -22214.4872334911 7.43926749899282e-07 
1 275.0552263734 129.602797751831 -51836.1885343713 7602.59800151513 -33916.8814075222 -15981.2368570105 4.51789049866794e-07 
1 179.863189809814 90.194337927177 -45966.7229559079 5978.37278366527 -19667.4830750563 -9862.47167374474 1.97819717814976e-07 
1 74.7238420570521 45.7966598195735 -40097.3832685062 4549.12603299621 -7127.51559429129 -4368.30331584452 3.75145384112503e-08 
1 -34.5870598533916 -1.17441396801786 -34228.1800775066 3314.84725980506 2816.17996357887 95.624233447375 5.85988441895002e-09 
1 -141.76288794287 -48.0036182817405 -28359.115750173 2275.52324371905 9563.52919019516 3238.39342816873 1.09520383166446e-07 
1 -240.623036390374 -92.0137052985734 -22490.1854336149 1431.13953130886 12873.397803124 4922.75822555175 3.24416224568814e-07 
1 -325.200180316182 -130.544049196429 -16621.3752793406 781.681468036366 12858.2150077864 5161.63137093808 6.00223514830777e-07 
1 -390.396487987689 -161.295473763068 -10752.6648341926 327.135837415264 9985.8482396651 4125.73415054307 8.72092613386995e-07 
1 -432.107811920696 -182.33020714548 -4884.02609344341 67.4919314399961 5020.33899994351 2118.35894780867 1.07506840036705e-06 
1 -447.745605194517 -192.365171681618 984.572806275038 2.74278381792103 -1048.67790759179 -450.544021855841 1.16065459334944e-06 
