FORMAT 1
MODE 1
 fake.rf 1440.00000000 50000.55964442486829569 0.01000 7  
 fake.rf 1440.00000000 50014.52141837799420543 0.01000 7 
 fake.rf 1440.00000000 50028.48319227272601850 0.01000 7 
 fake.rf 1440.00000000 50042.44496620347259253 0.01000 7 
 fake.rf 1440.00000000 50056.40674017745661928 0.01000 7 
 fake.rf 1440.00000000 50070.36851409417502978 0.01000 7 
 fake.rf 1440.00000000 50084.33028800272476744 0.01000 7 
 fake.rf 1440.00000000 50098.29206198103540615 0.01000 7 
 fake.rf 1440.00000000 50112.25383591196327160 0.01000 7 
 fake.rf 1440.00000000 50126.21560982068229606 0.01000 7 
 fake.rf 1440.00000000 50140.17738375859839550 0.01000 7 
 fake.rf 1440.00000000 50154.13915769396771083 0.01000 7 
 fake.rf 1440.00000000 50168.10093164509923014 0.01000 7 
 fake.rf 1440.00000000 50182.06270555427783009 0.01000 7 
 fake.rf 1440.00000000 50196.02447948622650742 0.01000 7 
 fake.rf 1440.00000000 50209.98625340829287467 0.01000 7 
 fake.rf 1440.00000000 50223.94802736269327070 0.01000 7 
 fake.rf 1440.00000000 50237.90980130398181558 0.01000 7 
 fake.rf 1440.00000000 50251.87157522093293238 0.01000 7 
 fake.rf 1440.00000000 50265.83334913876712591 0.01000 7 
 fake.rf 1440.00000000 50279.79512306817590073 0.01000 7 
 fake.rf 1440.00000000 50293.75689700306019958 0.01000 7 
 fake.rf 1440.00000000 50307.71867097243060840 0.01000 7 
 fake.rf 1440.00000000 50321.68044487955403810 0.01000 7 
 fake.rf 1440.00000000 50335.64221883488018605 0.01000 7 
 fake.rf 1440.00000000 50349.60399275441157130 0.01000 7 
 fake.rf 1440.00000000 50363.56576669731216711 0.01000 7 
 fake.rf 1440.00000000 50377.52754060404710756 0.01000 7 
 fake.rf 1440.00000000 50391.48931453590384066 0.01000 7 
 fake.rf 1440.00000000 50405.45108852143857447 0.01000 7 
 fake.rf 1440.00000000 50419.41286240463314883 0.01000 7 
 fake.rf 1440.00000000 50433.37463637299714492 0.01000 7 
 fake.rf 1440.00000000 50447.33641029334996375 0.01000 7 
 fake.rf 1440.00000000 50461.29818420333237583 0.01000 7 
 fake.rf 1440.00000000 50475.25995814409616003 0.01000 7 
 fake.rf 1440.00000000 50489.22173210064454807 0.01000 7 
 fake.rf 1440.00000000 50503.18350604392054848 0.01000 7 
 fake.rf 1440.00000000 50517.14527997090125311 0.01000 7 
 fake.rf 1440.00000000 50531.10705391772286887 0.01000 7 
 fake.rf 1440.00000000 50545.06882782329554615 0.01000 7 
 fake.rf 1440.00000000 50559.03060174073706179 0.01000 7 
 fake.rf 1440.00000000 50572.99237571426526827 0.01000 7 
 fake.rf 1440.00000000 50586.95414965092371062 0.01000 7 
 fake.rf 1440.00000000 50600.91592357387596124 0.01000 7 
 fake.rf 1440.00000000 50614.87769751458123224 0.01000 7 
 fake.rf 1440.00000000 50628.83947145862044792 0.01000 7 
 fake.rf 1440.00000000 50642.80124539302351749 0.01000 7 
 fake.rf 1440.00000000 50656.76301929521132550 0.01000 7 
 fake.rf 1440.00000000 50670.72479321341427294 0.01000 7 
 fake.rf 1440.00000000 50684.68656715832375426 0.01000 7 
 fake.rf 1440.00000000 50698.64834111467268585 0.01000 7 
 fake.rf 1440.00000000 50712.61011502888424118 0.01000 7 
 fake.rf 1440.00000000 50726.57188897177716314 0.01000 7 
 fake.rf 1440.00000000 50740.53366289515612664 0.01000 7 
 fake.rf 1440.00000000 50754.49543683581211795 0.01000 7 
 fake.rf 1440.00000000 50768.45721075885530027 0.01000 7 
 fake.rf 1440.00000000 50782.41898469263486859 0.01000 7 
 fake.rf 1440.00000000 50796.38075862661200688 0.01000 7 
 fake.rf 1440.00000000 50810.34253254282867118 0.01000 7 
 fake.rf 1440.00000000 50824.30430651587788304 0.01000 7 
 fake.rf 1440.00000000 50838.26608043860637665 0.01000 7 
 fake.rf 1440.00000000 50852.22785434665546234 0.01000 7 
 fake.rf 1440.00000000 50866.18962828583618574 0.01000 7 
 fake.rf 1440.00000000 50880.15140223553727949 0.01000 7 
 fake.rf 1440.00000000 50894.11317618537888308 0.01000 7 
 fake.rf 1440.00000000 50908.07495011934050311 0.01000 7 
 fake.rf 1440.00000000 50922.03672405292014957 0.01000 7 
 fake.rf 1440.00000000 50935.99849799569940956 0.01000 7 
 fake.rf 1440.00000000 50949.96027188393075491 0.01000 7 
 fake.rf 1440.00000000 50963.92204583693404985 0.01000 7 
 fake.rf 1440.00000000 50977.88381978358523128 0.01000 7 
 fake.rf 1440.00000000 50991.84559367510108530 0.01000 7 
 fake.rf 1440.00000000 51005.80736762924473382 0.01000 7 
 fake.rf 1440.00000000 51019.76914159625147960 0.01000 7 
 fake.rf 1440.00000000 51033.73091550940653249 0.01000 7 
 fake.rf 1440.00000000 51047.69268945408564520 0.01000 7 
 fake.rf 1440.00000000 51061.65446336787624304 0.01000 7 
 fake.rf 1440.00000000 51075.61623731207484411 0.01000 7 
 fake.rf 1440.00000000 51089.57801123979866276 0.01000 7 
 fake.rf 1440.00000000 51103.53978517030352791 0.01000 7 
 fake.rf 1440.00000000 51117.50155909865416248 0.01000 7 
 fake.rf 1440.00000000 51131.46333306296759247 0.01000 7 
 fake.rf 1440.00000000 51145.42510696943035953 0.01000 7 
 fake.rf 1440.00000000 51159.38688090322175839 0.01000 7 
 fake.rf 1440.00000000 51173.34865485600982993 0.01000 7 
 fake.rf 1440.00000000 51187.31042878301903087 0.01000 7 
 fake.rf 1440.00000000 51201.27220269654277729 0.01000 7 
 fake.rf 1440.00000000 51215.23397662789916041 0.01000 7 
 fake.rf 1440.00000000 51229.19575058756281649 0.01000 7 
 fake.rf 1440.00000000 51243.15752448304653299 0.01000 7 
 fake.rf 1440.00000000 51257.11929843903169157 0.01000 7 
 fake.rf 1440.00000000 51271.08107239202632854 0.01000 7 
 fake.rf 1440.00000000 51285.04284631645654002 0.01000 7 
 fake.rf 1440.00000000 51299.00462023987320492 0.01000 7 
 fake.rf 1440.00000000 51312.96639419923692671 0.01000 7 
 fake.rf 1440.00000000 51326.92816811668565435 0.01000 7 
 fake.rf 1440.00000000 51340.88994203230837954 0.01000 7 
 fake.rf 1440.00000000 51354.85171594676465645 0.01000 7 
 fake.rf 1440.00000000 51368.81348988306299930 0.01000 7 
 fake.rf 1440.00000000 51382.77526385506113371 0.01000 7 
 fake.rf 1440.00000000 51396.73703778222687788 0.01000 7 
 fake.rf 1440.00000000 51410.69881169216325389 0.01000 7 
 fake.rf 1440.00000000 51424.66058564980522405 0.01000 7 
 fake.rf 1440.00000000 51438.62235955168052470 0.01000 7 
 fake.rf 1440.00000000 51452.58413350881184556 0.01000 7 
 fake.rf 1440.00000000 51466.54590743998727476 0.01000 7 
 fake.rf 1440.00000000 51480.50768139565451875 0.01000 7 
 fake.rf 1440.00000000 51494.46945528363005806 0.01000 7 
 fake.rf 1440.00000000 51508.43122925339509521 0.01000 7 
 fake.rf 1440.00000000 51522.39300319665404615 0.01000 7 
 fake.rf 1440.00000000 51536.35477708182920864 0.01000 7 
 fake.rf 1440.00000000 51550.31655102823232184 0.01000 7 
 fake.rf 1440.00000000 51564.27832497214147622 0.01000 7 
 fake.rf 1440.00000000 51578.24009889422854158 0.01000 7 
 fake.rf 1440.00000000 51592.20187285056790927 0.01000 7 
 fake.rf 1440.00000000 51606.16364677616278556 0.01000 7 
 fake.rf 1440.00000000 51620.12542068802746087 0.01000 7 
 fake.rf 1440.00000000 51634.08719461669024042 0.01000 7 
 fake.rf 1440.00000000 51648.04896858662006665 0.01000 7 
 fake.rf 1440.00000000 51662.01074249535182048 0.01000 7 
 fake.rf 1440.00000000 51675.97251646178693818 0.01000 7 
 fake.rf 1440.00000000 51689.93429038056494562 0.01000 7 
 fake.rf 1440.00000000 51703.89606429786573827 0.01000 7 
 fake.rf 1440.00000000 51717.85783823580307228 0.01000 7 
 fake.rf 1440.00000000 51731.81961217714843926 0.01000 7 
 fake.rf 1440.00000000 51745.78138611316748552 0.01000 7 
 fake.rf 1440.00000000 51759.74316005483050063 0.01000 7 
 fake.rf 1440.00000000 51773.70493400100305337 0.01000 7 
 fake.rf 1440.00000000 51787.66670789887599113 0.01000 7 
 fake.rf 1440.00000000 51801.62848185899916587 0.01000 7 
 fake.rf 1440.00000000 51815.59025577066289969 0.01000 7 
 fake.rf 1440.00000000 51829.55202970322461553 0.01000 7 
 fake.rf 1440.00000000 51843.51380364145470026 0.01000 7 
 fake.rf 1440.00000000 51857.47557756941762008 0.01000 7 
 fake.rf 1440.00000000 51871.43735149436513154 0.01000 7 
 fake.rf 1440.00000000 51885.39912547372544793 0.01000 7 
 fake.rf 1440.00000000 51899.36089939466106458 0.01000 7 
 fake.rf 1440.00000000 51913.32267328725183120 0.01000 7 
 fake.rf 1440.00000000 51927.28444725803614901 0.01000 7 
 fake.rf 1440.00000000 51941.24622115751793316 0.01000 7 
 fake.rf 1440.00000000 51955.20799510349892358 0.01000 7 
 fake.rf 1440.00000000 51969.16976903524033915 0.01000 7 
 fake.rf 1440.00000000 51983.13154299752786258 0.01000 7 
 fake.rf 1440.00000000 51997.09331693977346944 0.01000 7 
 fake.rf 1440.00000000 52011.05509084494384808 0.01000 7 
 fake.rf 1440.00000000 52025.01686480837980397 0.01000 7 
 fake.rf 1440.00000000 52038.97863871706693573 0.01000 7 
 fake.rf 1440.00000000 52052.94041265945012142 0.01000 7 
 fake.rf 1440.00000000 52066.90218657991069406 0.01000 7 
 fake.rf 1440.00000000 52080.86396049428337918 0.01000 7 
 fake.rf 1440.00000000 52094.82573444867913537 0.01000 7 
 fake.rf 1440.00000000 52108.78750838440251769 0.01000 7 
 fake.rf 1440.00000000 52122.74928230524023576 0.01000 7 
 fake.rf 1440.00000000 52136.71105622623797160 0.01000 7 
 fake.rf 1440.00000000 52150.67283015891914744 0.01000 7 
 fake.rf 1440.00000000 52164.63460410748918505 0.01000 7 
 fake.rf 1440.00000000 52178.59637803320681115 0.01000 7 
 fake.rf 1440.00000000 52192.55815200558133071 0.01000 7 
 fake.rf 1440.00000000 52206.51992593214804117 0.01000 7 
 fake.rf 1440.00000000 52220.48169986878253468 0.01000 7 
 fake.rf 1440.00000000 52234.44347380572872552 0.01000 7 
 fake.rf 1440.00000000 52248.40524773594886909 0.01000 7 
 fake.rf 1440.00000000 52262.36702162866203025 0.01000 7 
 fake.rf 1440.00000000 52276.32879556549175959 0.01000 7 
 fake.rf 1440.00000000 52290.29056951478291637 0.01000 7 
 fake.rf 1440.00000000 52304.25234342654909980 0.01000 7 
 fake.rf 1440.00000000 52318.21411739803859220 0.01000 7 
 fake.rf 1440.00000000 52332.17589131643472200 0.01000 7 
 fake.rf 1440.00000000 52346.13766523504521899 0.01000 7 
 fake.rf 1440.00000000 52360.09943918923318407 0.01000 7 
 fake.rf 1440.00000000 52374.06121311681209818 0.01000 7 
 fake.rf 1440.00000000 52388.02298702674227115 0.01000 7 
 fake.rf 1440.00000000 52401.98476101333567101 0.01000 7 
 fake.rf 1440.00000000 52415.94653489704210614 0.01000 7 
 fake.rf 1440.00000000 52429.90830884107399257 0.01000 7 
 fake.rf 1440.00000000 52443.87008280409454386 0.01000 7 
 fake.rf 1440.00000000 52457.83185670063797090 0.01000 7 
 fake.rf 1440.00000000 52471.79363063848910897 0.01000 7 
 fake.rf 1440.00000000 52485.75540458144829614 0.01000 7 
 fake.rf 1440.00000000 52499.71717851479067818 0.01000 7 
 fake.rf 1440.00000000 52513.67895247593810026 0.01000 7 
 fake.rf 1440.00000000 52527.64072636932244365 0.01000 7 
 fake.rf 1440.00000000 52541.60250029662831750 0.01000 7 
 fake.rf 1440.00000000 52555.56427424350858857 0.01000 7 
 fake.rf 1440.00000000 52569.52604816902967144 0.01000 7 
 fake.rf 1440.00000000 52583.48782209521283448 0.01000 7 
 fake.rf 1440.00000000 52597.44959604394141905 0.01000 7 
 fake.rf 1440.00000000 52611.41136996433544581 0.01000 7 
 fake.rf 1440.00000000 52625.37314391411625181 0.01000 7 
 fake.rf 1440.00000000 52639.33491783393159835 0.01000 7 
 fake.rf 1440.00000000 52653.29669177693607907 0.01000 7 
 fake.rf 1440.00000000 52667.25846573525726058 0.01000 7 
 fake.rf 1440.00000000 52681.22023966808921713 0.01000 7 
 fake.rf 1440.00000000 52695.18201360929769805 0.01000 7 
 fake.rf 1440.00000000 52709.14378750995459555 0.01000 7 
 fake.rf 1440.00000000 52723.10556143212065905 0.01000 7 
 fake.rf 1440.00000000 52737.06733536673780804 0.01000 7 
 fake.rf 1440.00000000 52751.02910934056813019 0.01000 7 
 fake.rf 1440.00000000 52764.99088323073452855 0.01000 7 
 fake.rf 1440.00000000 52778.95265721603102804 0.01000 7 
 fake.rf 1440.00000000 52792.91443113372044493 0.01000 7 
 fake.rf 1440.00000000 52806.87620508411895415 0.01000 7 
 fake.rf 1440.00000000 52820.83797900090048216 0.01000 7 
 fake.rf 1440.00000000 52834.79975292410318133 0.01000 7 
 fake.rf 1440.00000000 52848.76152687506522909 0.01000 7 
 fake.rf 1440.00000000 52862.72330080769270566 0.01000 7 
 fake.rf 1440.00000000 52876.68507470554328975 0.01000 7 
 fake.rf 1440.00000000 52890.64684865485505938 0.01000 7 
 fake.rf 1440.00000000 52904.60862256540140791 0.01000 7 
 fake.rf 1440.00000000 52918.57039651287528415 0.01000 7 
 fake.rf 1440.00000000 52932.53217044621025877 0.01000 7 
 fake.rf 1440.00000000 52946.49394437825158732 0.01000 7 
 fake.rf 1440.00000000 52960.45571834530302624 0.01000 7 
 fake.rf 1440.00000000 52974.41749228327449472 0.01000 7 
 fake.rf 1440.00000000 52988.37926619031611963 0.01000 7 
 fake.rf 1440.00000000 53002.34104014941122784 0.01000 7 
